 -0.133862508004339     
  0.284678589453848     
 -0.142247886005367     
 -0.132222561254848     
  2.859962042033581E-002
 -1.281682492591774E-002
 -1.901394190949102E-002
  7.614069591988315E-002
 -8.317459773771407E-002
  6.820723374267246E-002
  2.390700592387107E-002
 -3.893381196247958E-002
 -3.356953431823406E-002
 -9.927941046043998E-004
 -2.041918482947658E-003
 -3.019224383749997E-002
 -2.740958488714540E-002
  6.810345684165764E-002
 -7.560030202613444E-002
  6.146609559026173E-002
  2.484509161232440E-002
 -4.193430653895724E-002
 -3.034087935056462E-002
 -3.556392112827655E-002
 -2.612433039589845E-002
 -2.307863464487614E-002
 -0.226148519578468     
 -1.686150247151108E-002
  1.948798194858892E-002
 -4.516170132933173E-002
 -3.784071682236512E-002
 -4.244830066224559E-002
 -3.522670817439977E-002
 -3.050524323417125E-002
 -2.417293156743661E-003
  1.202464423912186E-002
 -3.097983652771763E-002
 -3.136751042066255E-002
 -3.687109373194097E-002
 -3.377160086616371E-002
 -4.005774509436577E-002
 -2.941384781175227E-002
 -3.251230956536411E-002
 -2.941940712005131E-002
 -2.028413858657974E-002
 -0.217658602945525     
 -8.532333270832915E-003
  1.342763787705437E-002
 -2.800794304651255E-002
 -3.463513455008194E-002
 -3.966596621575835E-002
 -4.339585440459182E-002
 -1.155225782313352E-002
 -2.427395560082424E-003
 -3.938045500546483E-002
 -3.927824435707805E-002
 -3.623685161082157E-002
 -4.972240894632751E-002
  4.067829561326786E-003
  1.086767937575051E-002
 -1.620550349375716E-002
 -1.294872908393341E-002
  5.213732452669428E-002
  4.883925073165585E-002
  4.361909213320270E-002
  4.193781623852288E-002
  4.650545275575690E-002
  4.539120750864623E-002
  4.088795523295297E-002
  4.025651601570113E-002
  4.036810696474691E-002
  4.202238313358209E-002
  4.554395681845236E-002
  3.724196636033006E-002
  3.769229763189841E-002
  3.675283415985764E-002
  3.854015209100670E-002
  4.106604823782933E-002
  4.086293423425380E-002
  4.093969577885403E-002
  3.903636101031493E-002
  3.966858847824228E-002
  3.852393503837981E-002
  4.442809852361640E-002
  4.503960107756411E-002
  4.334767558921104E-002
  4.833099151953035E-002
  4.392850839196061E-002
  4.074533183665519E-002
  3.940655955993977E-002
  4.186555676011883E-002
  4.480591760527497E-002
  4.066946481556510E-002
  4.102636045028996E-002
  4.073780328760634E-002
  4.965813418693787E-002
  5.240829579117023E-002
