           2           1   1.39404167238737     
           3           2   1.45210735548195     
           4           3   1.36900772984828     
           5           4   1.26408181604880     
           6           1   1.46032419908781     
           6           5   1.35372337064777     
           7           5   1.08823401803183     
           8           7   1.35320766477479     
           9           8   1.46075185220947     
          10           9   1.39382980685791     
          11          10   1.45232070381849     
          12           7   1.26488536282306     
          12          11   1.36919492614374     
          13           4   1.05737528444731     
          13          12   1.05559790876517     
          14          13  0.975903720345303     
          15          14   1.34543784046244     
          16          15   1.46171569397694     
          17          16   1.37394916889386     
          18          17   1.06051649356948     
          19          18   1.06011470531052     
          20          19   1.37476578109408     
          21          20   1.46088043672697     
          22          21   1.34502883112585     
          23          22  0.976249814402080     
          24          23   1.04713942148864     
          25          24   1.37437948535972     
          26          25   1.44868682105225     
          27          26   1.39618728199375     
          28          27   1.45907586266177     
          29          24   1.26513711776443     
          29          28   1.35317347229288     
          30          29   1.08803523233911     
          31          30   1.37398880213019     
          32          31   1.42247110058768     
          33          32   1.42431619200945     
          34          33   1.41042991469986     
          35          23   1.09526392104714     
          35          30   1.23149924383543     
          35          34   1.36370243345159     
          36          22   1.41740345542553     
          37          19   1.28803498342283     
          37          36   1.35113327314552     
          38          17   1.28883748528614     
          38          37   1.07936268709246     
          39          14   1.41855796163789     
          39          38   1.34980344228041     
          40           1  0.945128796826113     
          41           2  0.944817866357556     
          42           3  0.943665805619218     
          43           6  0.944722700729444     
          44           8  0.944753411139000     
          45           9  0.945130455875168     
          46          10  0.944767805534354     
          47          11  0.943231748846829     
          48          15  0.943668754920303     
          49          16  0.942582276460829     
          50          20  0.942604677576993     
          51          21  0.943061515056891     
          52          25  0.942903766757167     
          53          26  0.944597795682768     
          54          27  0.944792969520823     
          55          28  0.944602128399067     
          56          31  0.942890332214553     
          57          32  0.945525536764122     
          58          33  0.947595510901528     
          59          36  0.941642648369767     
          60          39  0.942751072497042     
