 -0.390788119659744     
  0.357015410839319     
 -4.850188002899181E-002
 -4.136353552222971E-002
 -2.920611211639290E-002
 -3.019075460501686E-002
 -2.574192427576794E-002
 -2.538309865652266E-002
 -4.359980211461334E-002
 -3.271927420762122E-002
 -2.623855728927449E-002
 -3.019725849458244E-002
 -2.733329025408615E-002
 -3.190164250191074E-002
 -5.765585936906703E-002
 -3.117551179504829E-002
 -3.064255545061023E-002
 -2.846572217477394E-002
 -1.689272025130695E-002
  6.203654345213394E-002
 -0.108212103201268     
  6.091170405240920E-002
 -5.786931076559831E-002
  0.357119478560074     
 -0.391700574311702     
 -4.336679532068555E-002
 -3.085248859586009E-002
 -2.592302065538377E-002
 -2.953536233384568E-002
 -2.572467153956559E-002
 -3.308033843847813E-002
 -4.586010072151403E-002
 -3.992150356607738E-002
 -3.003326917095261E-002
 -3.018600639038382E-002
 -2.555638058155907E-002
 -2.520165744820790E-002
 -3.698822481790831E-002
  1.093525487648961E-003
 -1.645860299870350E-003
 -3.343484908396288E-002
 -3.881850497011730E-002
  9.138050569150735E-004
  1.531395347921283E-002
 -1.099786554892290E-004
 -3.984399336212885E-002
 -3.736255366623809E-002
 -4.297880827006217E-003
 -3.929154081184549E-003
 -3.391615330058073E-002
 -3.345578176888697E-002
  5.957706171082933E-002
 -9.404496333861179E-002
  3.538468458344912E-002
 -4.432856190780665E-002
 -3.996188678638379E-002
 -4.936338531713691E-002
 -3.705018526852299E-002
 -2.911414451294814E-002
 -2.901107363810507E-002
 -3.702386376452438E-002
 -4.946587477910924E-002
 -4.027016832060504E-002
 -4.458026920758407E-002
  3.528348092352340E-002
 -3.425677700302643E-002
 -3.482167834139993E-002
 -3.801872219401137E-002
 -3.994847108139421E-002
 -1.415797158258947E-002
 -3.504912295958551E-002
 -3.513919050276648E-002
 -3.538339898487308E-002
 -3.583949636947459E-002
 -1.417568442253359E-002
 -1.420398578756998E-002
 -3.581235207595412E-002
 -3.540387373144505E-002
 -3.516888653805506E-002
 -3.513929845602615E-002
 -1.423923627818446E-002
 -3.992880415463240E-002
 -3.840361074337739E-002
 -3.469518057638155E-002
 -1.708371975345813E-002
  4.288040549088790E-002
  4.274644271222683E-002
  4.156524121243088E-002
  4.254170851132177E-002
  4.919836431688829E-002
  4.382442867409431E-002
  4.170740240756698E-002
  4.230113147575976E-002
  4.373005934841789E-002
  4.260714580136282E-002
  5.656787713740274E-002
  4.762017774823968E-002
  4.905378066674626E-002
  4.410453325286390E-002
  4.172582074044207E-002
  4.207277136520238E-002
  4.202939975332132E-002
  4.214851386100182E-002
  4.460854623410637E-002
  4.396509252961900E-002
  4.203432659279049E-002
  4.246491476878589E-002
  4.864993599363387E-002
  5.797545834153195E-002
  4.278332690492237E-002
  4.161736910828673E-002
  4.108866763153296E-002
  4.024432084956542E-002
  4.431588187368096E-002
  4.229367032033704E-002
  4.054357206343895E-002
  4.308105733806544E-002
  3.986604162391838E-002
  4.180317245466392E-002
  4.186106325548322E-002
  3.983804298260629E-002
  4.296899554851696E-002
  4.043162142346446E-002
  4.187170734083889E-002
  4.368753392568869E-002
  3.976177951909343E-002
  4.094843795297143E-002
  4.061578674497524E-002
  4.099205935870220E-002
  4.087405182524506E-002
  3.972129610375008E-002
  3.972920428253990E-002
  4.086261030070737E-002
  4.095257926591822E-002
  4.057913926958268E-002
  4.117047931668139E-002
  3.894220268856663E-002
  4.968917666424355E-002
