           2           1   1.70560805323994     
           3           2  0.812361503716386     
           4           3   1.40991674450388     
           5           4   1.42560189945058     
           6           5   1.42804968914579     
           7           6   1.43203308035935     
           8           3   1.41232099576165     
           8           7   1.42276793311973     
           9           2  0.807564572378088     
          10           9   1.41019160723534     
          11          10   1.42287813977092     
          12          11   1.42918606371988     
          13          12   1.43154464143297     
          14           9   1.41539483343923     
          14          13   1.41992684561892     
          15           2  0.807538439386481     
          16          15   1.41709789763186     
          17          16   1.40184875147343     
          18          17   1.45113075670957     
          19          18   1.35769147297974     
          20          15   1.37047759712942     
          20          19   1.26327542075814     
          21          20   1.03724910702305     
          22          21   1.04183417070494     
          23          22   1.36366281108567     
          24          23  0.801232230045643     
          25          24   1.70075452478220     
          26          24  0.807777496010283     
          27          26   1.40966626582779     
          28          27   1.42543487089493     
          29          28   1.42770396351113     
          30          29   1.43125619803833     
          31          26   1.41675003206451     
          31          30   1.41931082086212     
          32          24  0.812998767617734     
          33          32   1.41245135194886     
          34          33   1.42052323867872     
          35          34   1.43014870400867     
          36          35   1.42934485365286     
          37          32   1.40979626471556     
          37          36   1.42524941283716     
          38          23   1.42895346298988     
          39          38   1.34179031352799     
          40          39   1.00088079527946     
          41          40   1.36662424139399     
          42          41   1.44881432258800     
          43          42   1.38346250240424     
          44          43  0.925022469307836     
          45          44  0.923281965716266     
          46          45   1.38399091480765     
          47          46   1.44856854710520     
          48          47   1.36773660086830     
          49          48   1.00332827815976     
          50          49   1.36896272063730     
          51          50   1.44871149827536     
          52          51   1.37979244504697     
          53          52  0.972262532733658     
          54          53   1.05842167611194     
          55          54   1.36817445488937     
          56          55   1.45316618934938     
          57          56   1.39311985977957     
          58          57   1.46109041868354     
          59          54   1.26367725815592     
          59          58   1.35296284382401     
          60          59   1.08900329860956     
          61          60   1.35297394360852     
          62          61   1.46106144482730     
          63          62   1.39312206186744     
          64          63   1.45315429734461     
          65          53   1.05859358647061     
          65          60   1.26364746745613     
          65          64   1.36812284254293     
          66          52   1.37958194255942     
          67          49   1.36911666622102     
          67          66   1.44879010835163     
          68          48   1.37240682254160     
          69          45   1.39210528688963     
          69          68   1.44328997018688     
          70          44  0.925878751033573     
          71          70   1.42952193386373     
          72          71   1.41115337033820     
          73          72   1.43154797237017     
          74          73   1.43165749074004     
          75          70   1.30841730919181     
          75          74   1.37931466579328     
          76          75   1.03704160912930     
          77          76   1.37925487607182     
          78          77   1.43169945967917     
          79          78   1.43145322309876     
          80          79   1.41133382749769     
          81          44  0.925788736221715     
          81          76   1.30859591652886     
          81          80   1.42917550082111     
          82          43   1.39157252283389     
          83          40   1.37072328150958     
          83          82   1.44355280812764     
          84          39   1.38995327477357     
          85          19   1.06920782170832     
          85          22   1.25694951917921     
          85          84   1.36926269524409     
          86           4  0.943086283576523     
          87           5  0.942993164452408     
          88           6  0.944241019777239     
          89           7  0.943790684474630     
          90           8  0.945297469808836     
          91          10  0.944890621133338     
          92          11  0.943820667343055     
          93          12  0.943556634638046     
          94          13  0.941045184404392     
          95          14  0.945078481657281     
          96          16  0.941716567049565     
          97          17  0.940240316160204     
          98          18  0.940697399735668     
          99          27  0.945457237434640     
         100          28  0.943666283690352     
         101          29  0.943939473222252     
         102          30  0.943657529339026     
         103          31  0.944698376088575     
         104          33  0.942392251817479     
         105          34  0.941198994019515     
         106          35  0.943952452108465     
         107          36  0.943717170118557     
         108          37  0.945685374354653     
         109          38  0.939430276554505     
         110          41  0.944216023067651     
         111          42  0.943314548341162     
         112          46  0.943442944739282     
         113          47  0.944600197946953     
         114          50  0.943754435069962     
         115          51  0.944905233291865     
         116          55  0.943905016590833     
         117          56  0.944772880909587     
         118          57  0.945125236779430     
         119          58  0.944731862951898     
         120          61  0.944732862898046     
         121          62  0.945127729016335     
         122          63  0.944801490829279     
         123          64  0.943905375774821     
         124          66  0.944950804180484     
         125          67  0.943855613543128     
         126          68  0.944720602565649     
         127          69  0.943224224265047     
         128          71  0.945113852571311     
         129          72  0.945584237647043     
         130          73  0.945338955388269     
         131          74  0.945461543465382     
         132          77  0.945472681908378     
         133          78  0.945342641453766     
         134          79  0.945573991236830     
         135          80  0.945122825832386     
         136          82  0.943032377438825     
         137          83  0.944796343680967     
         138          84  0.939612819032656     
