 -3.553797380652224E-002
 -2.784230196701820E-002
 -3.500538335261094E-002
  6.387614967026511E-002
 -9.172066944310853E-002
  7.809503387273464E-002
  2.406072072845156E-002
 -3.364665589166016E-002
 -2.568391532085901E-002
  5.928854146140949E-002
 -0.129196285770795     
  4.709758509068784E-002
 -6.095110725676456E-002
 -5.063683815452613E-002
 -5.059526705065842E-002
 -6.061216003253111E-002
  4.689193724693164E-002
 -0.129172517361651     
  5.935957981977413E-002
 -2.233795277010575E-002
 -1.776692666065927E-002
  2.415127002127626E-002
  7.807877020992215E-002
 -0.222955815682316     
 -2.948504909303651E-004
 -2.648191135093825E-002
 -4.982209055058728E-002
 -4.221469141526946E-002
 -4.602447381367458E-002
  2.487353854873353E-002
 -9.164283115042515E-002
  6.390936445719131E-002
 -3.327359506733885E-002
 -2.721796972027501E-002
 -3.553304903298571E-002
 -2.779230644122244E-002
 -3.502143179292361E-002
 -3.365281451392654E-002
 -2.587468269728443E-002
  4.578646778787965E-002
 -5.833029849582072E-002
 -4.802873369667271E-002
 -4.813168816668778E-002
 -5.801603855900339E-002
  4.540763502004719E-002
 -2.274232311474300E-002
 -1.779259417942303E-002
 -0.222975358731885     
 -2.911667717180322E-004
 -2.649363992306331E-002
 -4.982802150888688E-002
 -4.223604331834796E-002
 -4.603101367311346E-002
  2.484483769694767E-002
 -3.325478738531906E-002
 -2.721995257453269E-002
  4.100369965421902E-002
  4.388359843473411E-002
  4.099212327775092E-002
  4.833580564511919E-002
  4.422898801481812E-002
  4.222369810042581E-002
  4.221975862598581E-002
  4.225335367266825E-002
  4.201006338675184E-002
  4.559057856123128E-002
  5.226856758227372E-002
  4.474617049073659E-002
  4.142430907610362E-002
  4.285015689393878E-002
  4.016118016636394E-002
  4.134157156665930E-002
  4.427838073151791E-002
  4.100162443268629E-002
  4.388825382040862E-002
  4.092927421605375E-002
  4.828334039944271E-002
  4.399888852876477E-002
  4.343111050046478E-002
  4.361795401500357E-002
  4.360251515749036E-002
  4.316684523915226E-002
  4.540703494417309E-002
  5.224873490450044E-002
  4.474956453276813E-002
  4.142397752454741E-002
  4.284462346020046E-002
  4.014118753395723E-002
  4.133253339504639E-002
  4.427923054058391E-002
