 -0.215255002466838     
  0.103100710610333     
  1.571626744999888E-002
 -1.421315842703041E-002
 -2.044576272066045E-002
  9.170277016610218E-003
  1.297077869507079E-002
 -2.986568561470815E-002
  7.076557818212859E-002
 -0.126023400423537     
  4.476262836819833E-002
 -5.726249321636967E-002
 -4.326901311766740E-002
 -4.511360930359043E-002
 -4.401047789439261E-002
  7.648878371331502E-002
 -0.135688010804033     
  7.647080400820228E-002
 -4.401148450968684E-002
 -4.512211080050665E-002
 -4.325933945486327E-002
 -5.726648010357493E-002
  4.480590834108744E-002
 -2.983318398992552E-002
  1.296711413809115E-002
  9.172555721320474E-003
 -2.631979856601507E-002
 -1.809123211591679E-002
  1.570830519023581E-002
  0.103133742568456     
 -0.215267626142132     
 -1.420193921629398E-002
 -2.041146889549861E-002
 -1.379432657788726E-003
  9.615507490578334E-002
 -0.217232561670038     
 -2.632796546828331E-002
 -1.809378463048095E-002
  5.115968911051683E-002
  4.630173740028465E-002
  4.791043569941011E-002
  4.124336497703918E-002
  4.408972920147569E-002
  4.392334456972768E-002
  4.207949454144300E-002
  4.207576338234187E-002
  4.392230279917553E-002
  4.408749414174906E-002
  4.124497715151754E-002
  4.792164845719216E-002
  4.202436529519393E-002
  4.955016769868570E-002
  5.115916801549103E-002
  4.627114053487236E-002
  4.205751320227868E-002
  4.955415712258571E-002
