           2           1  0.953432525616839     
           3           2  0.953419314611681     
           4           2  0.947194456848155     
           5           4   1.40153408859435     
           6           5   1.43214586324788     
           7           6   1.41506798831808     
           8           7   1.45166184991169     
           9           4   1.33284910687858     
           9           8   1.35555626405095     
          10           9   1.02901557122702     
          11          10  0.955420803039666     
          12          11   1.37592382642801     
          13          12   1.45710159450162     
          14          13   1.35131580305364     
          15          14   1.04718239963230     
          16          15   1.34221671544568     
          17          16   1.34223803051110     
          18          17   1.04706617110045     
          19          18   1.35143502617468     
          20          19   1.45695895327809     
          21          20   1.37618413423378     
          22          21  0.954811212311224     
          23          22   1.02923451329270     
          24          23   1.35550674319275     
          25          24   1.45166143140197     
          26          25   1.41509626258404     
          27          26   1.43207810524300     
          28          23   1.33276350366547     
          28          27   1.40160458497900     
          29          28  0.947176072938578     
          30          29  0.953452489387188     
          31          29  0.953430315476724     
          32          29  0.947171769310902     
          33          32   1.40162072806300     
          34          33   1.43206346664636     
          35          34   1.41511719229439     
          36          35   1.45163838749215     
          37          22   1.02919697835402     
          37          32   1.33275237518311     
          37          36   1.35553562489862     
          38          21   1.37614657850731     
          39          18   1.35136367522633     
          39          38   1.45704544024074     
          40          17   1.34234649992922     
          41          40   1.34211374478710     
          42          41   1.04720488315481     
          43          42   1.35119077742790     
          44          43   1.45725170077361     
          45          44   1.37576998310101     
          46          45  0.955530620139575     
          47          46   1.02899510834019     
          48          47   1.35556427338282     
          49          48   1.45165883376523     
          50          49   1.41506745905100     
          51          50   1.43214809896928     
          52          47   1.33286194412061     
          52          51   1.40152436204732     
          53          52  0.947194487253308     
          54          53  0.953442491617562     
          55          53  0.953409701533354     
          56          53  0.947203461673063     
          57          56   1.40147430968021     
          58          57   1.43218394167142     
          59          58   1.41502938829767     
          60          59   1.45171110579489     
          61          46   1.02898289664425     
          61          56   1.33292324508243     
          61          60   1.35549885599113     
          62          45   1.37593156042857     
          63          42   1.35133169052659     
          63          62   1.45707360634266     
          64          15   1.34221182354121     
          64          41   1.34226999424021     
          65          14   1.35125153848280     
          66          11   1.37587662866575     
          66          65   1.45717241036871     
          67          10   1.02903559738258     
          68          67   1.35550727203281     
          69          68   1.45169691084069     
          70          69   1.41504312329008     
          71          70   1.43215977325937     
          72           2  0.947196199926976     
          72          67   1.33288292115962     
          72          71   1.40150063199831     
          73           1  0.975774314288790     
          74           1  0.975888126275404     
          75           1  0.977544684812441     
          76           3  0.975770565726519     
          77           3  0.975900125592998     
          78           3  0.977543928556857     
          79           5  0.942279520785121     
          80           6  0.944781726980132     
          81           7  0.943883193990522     
          82           8  0.941100204348939     
          83          12  0.945262010851052     
          84          13  0.942379271134875     
          85          19  0.942375938213571     
          86          20  0.945278675211417     
          87          24  0.941152445013719     
          88          25  0.943886486283798     
          89          26  0.944789049594599     
          90          27  0.942280698897917     
          91          30  0.975887377446392     
          92          30  0.977544835504991     
          93          30  0.975776849260426     
          94          31  0.975781565228899     
          95          31  0.975891998800837     
          96          31  0.977543630576214     
          97          33  0.942280408437473     
          98          34  0.944787986171527     
          99          35  0.943885170204114     
         100          36  0.941131410745221     
         101          38  0.945277030099244     
         102          39  0.942360836491587     
         103          43  0.942372925884629     
         104          44  0.945257501879724     
         105          48  0.941086256510189     
         106          49  0.943882389576794     
         107          50  0.944780576179800     
         108          51  0.942266184742122     
         109          54  0.975888783863272     
         110          54  0.977544613044841     
         111          54  0.975766759819261     
         112          55  0.977544039427160     
         113          55  0.975779236069554     
         114          55  0.975895247757304     
         115          57  0.942275273529501     
         116          58  0.944781855153512     
         117          59  0.943881036582489     
         118          60  0.941098234973098     
         119          62  0.945257105334061     
         120          63  0.942378319689440     
         121          65  0.942368384480682     
         122          66  0.945261680716219     
         123          68  0.941102760878617     
         124          69  0.943881304678601     
         125          70  0.944782240878670     
         126          71  0.942263871803138     
