           2           1   1.42417581547825     
           3           2   1.44370694815555     
           4           3   1.37120753372907     
           5           4  0.997720917737508     
           6           5  0.997884408957752     
           7           6   1.37112138132955     
           8           7   1.44375474638877     
           9           8   1.42414587874922     
          10           9   1.42416231741165     
          11           6   1.37103296560218     
          11          10   1.44383891863319     
          12           5  0.999374050241757     
          13          12   1.36613816452446     
          14          13   1.45109310250036     
          15          14   1.37142152064930     
          16          15  0.977833108938732     
          17          16   1.30818142190673     
          18          17   1.21715403696164     
          19          18   1.59561293053757     
          20          19   1.26587872821798     
          21          20   1.59598148801704     
          22          17   1.17520435942263     
          22          21   1.21661606831801     
          23          22   1.30946196573023     
          24          23  0.972995899851592     
          25          24   1.25606817381763     
          26          25   1.56606232692446     
          27          26   1.25146369098400     
          28          27   1.25845865662269     
          29          28   1.55524585319669     
          30          29   1.30528619946853     
          31          30   1.55712878036543     
          32          27   1.22108968010511     
          32          31   1.25368307065965     
          33          24   1.50461154032207     
          33          32   1.25918151388501     
          34          23   1.30931324445670     
          35          34   1.21656991189971     
          36          35   1.59588222624423     
          37          36   1.26602944045357     
          38          37   1.59541770264565     
          39          16   1.30775939917292     
          39          34   1.17564056736714     
          39          38   1.21728510907049     
          40          15   1.37151933719283     
          41          12   1.36625740166463     
          41          40   1.45100251373005     
          42           4   1.37104810667434     
          43           1   1.42415205343683     
          43          42   1.44384584609798     
          44           1  0.946613264708490     
          45           2  0.945311021295649     
          46           3  0.946198369987046     
          47           7  0.946177345080568     
          48           8  0.945309361137880     
          49           9  0.946614309722675     
          50          10  0.945311854929151     
          51          11  0.946193448198998     
          52          13  0.944044634940803     
          53          14  0.943997665594082     
          54          18  0.940386500291328     
          55          19  0.945539106583929     
          56          20  0.945507771112237     
          57          21  0.940604267536956     
          58          25  0.944964103878341     
          59          26  0.942352296994892     
          60          28  0.944669713419882     
          61          29  0.946245689069361     
          62          30  0.946046542137906     
          63          31  0.944566407528096     
          64          33  0.943337642477538     
          65          35  0.940629426764370     
          66          36  0.945517854897137     
          67          37  0.945567380231835     
          68          38  0.940463937237007     
          69          40  0.943986105394074     
          70          41  0.944028494386268     
          71          42  0.946171084328504     
          72          43  0.945308340406124     
