 -8.848395522483532E-002
  1.976401777233727E-002
 -8.843610937002566E-002
 -2.163417611273299E-002
 -3.559856283096252E-002
 -3.477217648581643E-002
 -3.358326958722468E-002
 -3.467352664771095E-002
 -1.136358441084084E-002
 -9.657444867007037E-003
 -2.717120723224209E-002
 -2.675665118327597E-002
  2.190865559609234E-002
  9.848320936935862E-002
 -0.192944150718635     
  3.436985082462174E-002
  1.225108039700995E-003
 -9.015780021294439E-003
 -3.226670650169705E-002
 -3.369744305906064E-002
  6.307658800278393E-002
 -9.347491809160857E-002
  3.539510877853669E-002
 -4.446396901787963E-002
 -3.951201762700940E-002
 -4.824344295498761E-002
 -3.624601646817283E-002
 -2.817978105676122E-002
 -2.818121908122606E-002
 -3.624240023782033E-002
 -4.827343916262983E-002
 -3.955402993823753E-002
 -4.448786552522321E-002
  3.540518483869937E-002
 -3.364925479826386E-002
 -3.226015086507150E-002
  3.463105947744083E-002
 -0.192811671685107     
 -2.961479404048273E-002
 -1.575407808107521E-002
  3.467374210457497E-002
  3.692652619842718E-002
  3.606298537229768E-002
  3.472221538458820E-002
  3.692996982371710E-002
  3.610392652155292E-002
  3.878116229371842E-002
  4.065816106269871E-002
  4.083632536287107E-002
  3.995309581214535E-002
  4.334017518221878E-002
  4.891538464087186E-002
  5.239998863307427E-002
  4.459094144371711E-002
  4.322020543667804E-002
  4.034379459388526E-002
  4.323106380960939E-002
  4.019396633238204E-002
  4.218509656902247E-002
  4.219198978144045E-002
  4.018628927588674E-002
  4.320976372297114E-002
  4.031364666698645E-002
  4.323914068360046E-002
  4.462375031243881E-002
  5.257578818765629E-002
  4.633591497634626E-002
