 -0.345481440970857     
  0.412310712910017     
 -0.334238427797715     
 -3.604671039924234E-003
 -1.955148520505823E-003
 -2.334624487535919E-002
 -1.656885557142829E-002
 -2.733026369086478E-002
  6.808485410902287E-002
 -0.106555157632065     
  6.808664844708678E-002
 -2.734192954465886E-002
 -1.656923523168086E-002
 -2.335171066854791E-002
 -1.956147355821614E-003
 -3.609365661114694E-003
  0.412311888520510     
 -0.345484019748663     
 -0.334237011878700     
 -1.007655020745979E-002
  4.800985619177300E-003
 -1.427872113329709E-002
  4.800434482581384E-003
 -1.007791621906229E-002
  7.508050025315915E-002
  5.686569658608431E-002
  5.095227142721870E-002
  5.149125288215606E-002
  4.951245757661782E-002
  4.951000898748736E-002
  5.149049501447134E-002
  5.095085628357565E-002
  5.686533310744857E-002
  6.212787075864612E-002
  5.869309991532312E-002
  6.212745086713367E-002
