 -7.588104671017071E-002
 -3.182071045666035E-002
 -3.117955666811056E-003
 -4.351827289108190E-002
 -4.966185010481894E-002
 -2.149745999139085E-003
  4.012625293963712E-002
 -0.160855566113277     
  7.063685606172543E-002
 -5.045563872221326E-002
 -4.180895720499933E-002
  2.485447979514843E-002
 -2.293934467595538E-002
 -4.750139680496623E-002
 -2.042729758319251E-002
 -3.390589811023759E-002
 -4.646515658256867E-002
 -3.959629156279743E-002
 -4.589093601844763E-002
  3.585732283221077E-002
 -9.794142137847661E-002
  7.284651495246797E-002
 -3.047657818084026E-002
 -1.703897023912671E-002
 -3.147770262464800E-002
  7.329618776624036E-002
 -9.478730448591310E-002
  3.812522988402733E-002
 -4.154842836457018E-002
 -3.568033043476415E-002
 -4.558723696945410E-002
 -3.535030565086661E-002
 -2.262400007755261E-002
 -2.402827159235699E-002
 -5.609473003953180E-002
  6.654729374782153E-002
 -0.157747909045812     
  4.222826395524315E-002
  1.767024244547333E-003
 -4.435775224274163E-002
 -3.913387361126919E-002
 -5.998103961461609E-003
 -3.077488431175457E-002
 -8.067827834133112E-002
 -3.813340060527626E-002
 -4.076322331820936E-002
 -4.972099425728249E-002
 -4.455640309056808E-002
  2.377335350678189E-002
  3.381414977657204E-003
  9.560520132407646E-002
 -0.209270835648122     
 -3.905373740419371E-002
 -3.214281158131804E-002
  4.003371843810455E-002
  3.861336754295874E-002
  3.301016170850091E-002
  3.606788478903622E-002
  3.335760153484602E-002
  4.582861937477867E-002
  5.027354933806349E-002
  4.579422849724635E-002
  4.523212258390841E-002
  4.033323180159809E-002
  4.349605565435133E-002
  4.063325137787788E-002
  4.318062597932792E-002
  3.886105703287235E-002
  4.810780045558405E-002
  5.638071053524552E-002
  4.801746788846606E-002
  4.133493307896174E-002
  4.416051590568115E-002
  3.955540829017257E-002
  4.174458126304603E-002
  4.425343562069906E-002
  5.144340410527737E-002
  4.761663388992965E-002
  3.578073310865670E-002
  3.813341507576429E-002
  3.497588501323290E-002
  4.116502063318228E-002
  3.352796082547671E-002
  4.084314452818016E-002
  3.947710225030276E-002
  4.231135378178541E-002
  4.333603094663707E-002
  4.057248948853953E-002
  4.446465433889746E-002
