           2           1  0.966366331252399     
           3           2  0.976704091275173     
           4           2  0.965727325165084     
           5           2  0.939264638532770     
           6           5   1.38138107519354     
           7           6   1.45268370919303     
           8           7   1.36598984161139     
           9           8  0.990807107137653     
          10           9  0.996789936577828     
          11          10   1.37278135777825     
          12          11   1.44217657625265     
          13          12   1.39257863560389     
          14          13  0.939086809382186     
          15          14  0.966523744824172     
          16          14  0.976681464969339     
          17          14  0.965619637717568     
          18          13   1.38136600540425     
          19          10   1.36426365657686     
          19          18   1.45310352417149     
          20           9   1.00547442574040     
          21          20   1.37547647180158     
          22          21   1.36984975608696     
          23          22   1.27764389371417     
          24          23   1.28402450457597     
          25          20   1.35725818123236     
          25          24   1.39250799650396     
          26          24   1.03734600146166     
          27          26  0.991004585073754     
          28          27   1.37704941655320     
          29          28   1.44066801388900     
          30          29   1.42184519768854     
          31          30   1.42915158370070     
          32          27   1.33910539003097     
          32          31   1.40253397383750     
          33          32  0.942041340906227     
          34          33  0.947658842778790     
          35          33  0.972522997969232     
          36          33  0.936467041338108     
          37          36   1.42600919257667     
          38          37   1.39384973641322     
          39          38   1.45726269213983     
          40          39   1.36293410528085     
          41          26   1.03126988785130     
          41          36   1.31492065743825     
          41          40   1.32199769426531     
          42          23   1.04725090828267     
          42          40  0.963590390478196     
          43          42  0.982554036375271     
          44          43   1.35665823544275     
          45          44   1.43451283231266     
          46          45  0.935657074754900     
          47          46  0.965796473665874     
          48          46  0.976663534160798     
          49          46  0.965785695741645     
          50          45   1.34002766316917     
          51          50   1.48393446628983     
          52          43   1.30613927026357     
          52          51   1.33012720786597     
          53          22   1.06513691515267     
          53          52   1.06001550745132     
          54          53  0.935616548552930     
          55          54   1.39968333851626     
          56          55   1.42950841132714     
          57          56   1.40013084282389     
          58          57  0.938709095594894     
          59          58  0.976711976656782     
          60          58  0.966513361564483     
          61          58  0.965735609678690     
          62          57   1.38536130396209     
          63          54   1.38356981707761     
          63          62   1.44434088568145     
          64           8   1.37575250471840     
          65           5   1.39352351790471     
          65          64   1.44070979862504     
          66           1  0.975990851389096     
          67           1  0.978059248010414     
          68           1  0.978243246948742     
          69           3  0.977750670674690     
          70           3  0.978356484934920     
          71           3  0.977517468346418     
          72           4  0.976387748465738     
          73           4  0.978111205177274     
          74           4  0.978229582284421     
          75           6  0.942653707329406     
          76           7  0.944108277813550     
          77          11  0.944045747048175     
          78          12  0.942872121934713     
          79          15  0.976224624140354     
          80          15  0.976174297977557     
          81          15  0.978043930840276     
          82          16  0.977602414352020     
          83          16  0.977566652427873     
          84          16  0.978399654501733     
          85          17  0.978172196155507     
          86          17  0.976275320603542     
          87          17  0.977999028834835     
          88          18  0.942746907570253     
          89          19  0.944503288397953     
          90          21  0.937877249366824     
          91          25  0.939601324962838     
          92          28  0.942212260907749     
          93          29  0.943579306488775     
          94          30  0.944462658961544     
          95          31  0.942867404769212     
          96          34  0.977769539146095     
          97          34  0.977505826742485     
          98          34  0.976320513927223     
          99          35  0.977200290812012     
         100          35  0.978560182034332     
         101          35  0.976964068836292     
         102          37  0.941017523851971     
         103          38  0.941371916865012     
         104          39  0.939233675845483     
         105          44  0.937927388183095     
         106          47  0.978183429339559     
         107          47  0.977905022658239     
         108          47  0.976327074564563     
         109          48  0.978357196121393     
         110          48  0.977657067941069     
         111          48  0.977480178649719     
         112          49  0.978155667466352     
         113          49  0.977859467575409     
         114          49  0.976341764550766     
         115          50  0.941067224641949     
         116          51  0.937762997605754     
         117          55  0.945571576020639     
         118          56  0.942671106215616     
         119          59  0.976806522839917     
         120          59  0.978266469027843     
         121          59  0.977341934377233     
         122          60  0.978109173755399     
         123          60  0.977265301976720     
         124          60  0.976066924945731     
         125          61  0.978224081824273     
         126          61  0.976427726743366     
         127          61  0.978207485049203     
         128          62  0.942491321047522     
         129          63  0.945575877722997     
         130          64  0.944529596313705     
         131          65  0.942847860342895     
