 -3.928996154407915E-002
 -3.562242369789459E-002
 -4.001097859829894E-002
  1.986681678145263E-002
 -4.420392023496866E-003
 -0.213144122237868     
  0.121944613148518     
  7.367471173943008E-002
 -1.416396525177621E-002
 -1.380287099780197E-002
  1.258213504149897E-003
 -1.792709651346325E-002
 -3.684849803601331E-002
 -4.363615983282454E-002
  5.667494398734396E-002
 -0.124325655447428     
  5.362154709807276E-002
 -4.366546853652586E-002
 -3.364877831007718E-002
 -4.506173148570980E-002
 -3.349476966590803E-002
 -4.350063047799679E-002
  5.362776623529797E-002
 -4.383584135227370E-002
 -3.375586171318901E-002
 -4.510253970034661E-002
 -3.347019537991347E-002
 -4.343330154708003E-002
 -4.390391402767779E-002
 -3.796161267984655E-002
  2.222823085357595E-002
 -0.200942785966665     
 -6.789164729570363E-002
  4.377836926328760E-002
  1.077311121744584E-002
 -3.845047476498209E-002
 -3.139553681792240E-002
 -3.687091240589613E-002
 -3.118971333533427E-002
 -3.397937911913296E-002
 -2.913037070622604E-002
 -3.374763206409082E-002
  3.764280522067576E-002
  3.864317958790175E-002
  3.833701760715025E-002
  5.192354565287260E-002
  4.445464932104892E-002
  4.396874736464229E-002
  4.133583413500952E-002
  3.789987089052926E-002
  4.189276863584168E-002
  3.876861381962571E-002
  4.187851849499280E-002
  3.800093472575572E-002
  3.781229923012897E-002
  4.179707667719412E-002
  3.876564061159005E-002
  4.190064841534569E-002
  3.806156288779072E-002
  4.112908492206357E-002
  4.323837517668405E-002
  5.315874219762451E-002
  3.884820567630187E-002
  3.986090791893204E-002
  3.891194714541690E-002
  4.046758222595337E-002
  4.178590644476798E-002
  4.057488816112620E-002
  3.911754455793215E-002
