           2           1  0.958384383524678     
           3           2  0.958479882092883     
           4           2  0.942534644261369     
           5           4   1.43465228535318     
           6           5   1.40737479006791     
           7           6   1.43388607982101     
           8           7   1.42956973103033     
           9           4   1.30456024796327     
           9           8   1.38042181011900     
          10           9   1.04000655826739     
          11          10   1.37311773547891     
          12          11   1.44513734496911     
          13          12   1.36991949750341     
          14          13   1.00036874691338     
          15          14  0.995116267279183     
          16          15   1.37147383159268     
          17          16   1.44358930235863     
          18          17   1.42419799695469     
          19          18   1.42419987750936     
          20          15   1.37146797117322     
          20          19   1.44358994528370     
          21          14   1.00049289547272     
          22          21   1.36989581884110     
          23          22   1.44513028166931     
          24          23   1.37312784866384     
          25          24   1.29782025850027     
          26          21   1.34775093404134     
          26          25   1.44854228335336     
          27          25  0.941012727491162     
          28          27  0.958508567045612     
          29          27  0.958358573987940     
          30          27  0.942535957215743     
          31          30   1.43464661786996     
          32          31   1.40738073620952     
          33          32   1.43387907018274     
          34          33   1.42957610188089     
          35          24   1.04001371242863     
          35          30   1.30456487148133     
          35          34   1.38041247219261     
          36          13   1.34781382260255     
          37           2  0.941013900669484     
          37          10   1.29784918041326     
          37          36   1.44849598492900     
          38           1  0.978522759847193     
          39           1  0.978578033994248     
          40           1  0.978548397013035     
          41           3  0.978541670258679     
          42           3  0.978648905735399     
          43           3  0.978598074030425     
          44           5  0.946037012985565     
          45           6  0.946032508624660     
          46           7  0.945566001475870     
          47           8  0.945861704258522     
          48          11  0.942529093852984     
          49          12  0.943499668431663     
          50          16  0.946251106015063     
          51          17  0.945231110074699     
          52          18  0.946571187199285     
          53          19  0.945229963650243     
          54          20  0.946235383549627     
          55          22  0.943481752700344     
          56          23  0.942527876478008     
          57          26  0.943604302236030     
          58          28  0.978651764907274     
          59          28  0.978598362086260     
          60          28  0.978540762000662     
          61          29  0.978522460135499     
          62          29  0.978577577934534     
          63          29  0.978547059934814     
          64          31  0.946036237212934     
          65          32  0.946032992137890     
          66          33  0.945566519909410     
          67          34  0.945862162563527     
          68          36  0.943592281877044     
