 -8.875419175475141E-002
 -4.649607774394493E-002
 -5.578673801161393E-002
 -5.295453782723403E-002
 -5.155978814507556E-002
 -4.914968829593569E-002
  1.432870476336756E-002
 -4.914702998107767E-002
 -5.146297463249105E-002
 -5.299143860447675E-002
 -5.574972779280252E-002
 -4.648925496522871E-002
 -8.875442801789024E-002
 -1.943126995712419E-002
 -3.791149695605700E-002
 -3.493455279500335E-002
 -3.640840770028486E-002
 -3.484243044107860E-002
 -1.508909655098734E-002
 -1.267285081852521E-002
 -3.822758795369907E-002
 -3.631095577741039E-002
  4.054557179377793E-002
 -6.012996086937150E-002
 -3.856333521266819E-002
 -2.392068953724991E-002
  3.678617041217536E-002
  2.851316142825278E-002
  2.850592113558381E-002
  2.622026377526110E-002
  2.620704112926120E-002
  2.471431005422264E-002
  2.492033877890754E-002
  2.477771827775666E-002
  2.455953465101035E-002
  2.768408306301451E-002
  2.905092116722718E-002
  3.206797563336161E-002
  3.131732744551630E-002
  3.133975344908113E-002
  3.205888116439859E-002
  2.900746447286784E-002
  2.768987160818082E-002
  2.457789516746045E-002
  2.475014761199168E-002
  2.493346600619251E-002
  2.471465046151800E-002
  2.620220321739331E-002
  2.624400058319432E-002
  2.850954436045416E-002
  3.677307159401377E-002
  2.852382334185966E-002
  3.816586384062315E-002
  3.947634954894685E-002
  4.014583317063347E-002
  3.861461945544986E-002
  4.383031290174488E-002
  4.698096145606789E-002
  4.500075342126153E-002
