           2           1   1.42680299202066     
           3           2   1.43654528029481     
           4           3   1.39114048353468     
           5           4  0.922273249261461     
           6           5  0.921982580211049     
           7           6   1.38502046383750     
           8           7   1.43724430955635     
           9           8   1.40483819887207     
          10           9  0.881502733511061     
          11          10  0.882101182785509     
          12          11   1.41548810199260     
          13          12   1.42809077374874     
          14          13   1.42971043309575     
          15          14   1.42712951519540     
          16          11   1.41122061811808     
          16          15   1.43085906376614     
          17          10  0.881654408481476     
          18          17   1.41548102801892     
          19          18   1.42817973365696     
          20          19   1.42956117317067     
          21          20   1.42728782925797     
          22          17   1.41126015237692     
          22          21   1.43073454245113     
          23          10  0.881628115795810     
          24          23   1.41565760397987     
          25          24   1.42802794702931     
          26          25   1.42975841249701     
          27          26   1.42708972408952     
          28          23   1.41106343751838     
          28          27   1.43077954588994     
          29           9   1.41533561609525     
          30           6   1.39643672491394     
          30          29   1.42811677109938     
          31           5  0.926598106480136     
          32          31   1.42921333762470     
          33          32   1.41135945894610     
          34          33   1.43137324522189     
          35          34   1.43184449949629     
          36          31   1.30853550582395     
          36          35   1.37919982339149     
          37          36   1.03721968644321     
          38          37   1.37924871370217     
          39          38   1.43178044649039     
          40          39   1.43137810665562     
          41          40   1.41134989760213     
          42           5  0.926398096160918     
          42          37   1.30831709516056     
          42          41   1.42920717431382     
          43           4   1.39903682157912     
          44           1   1.43176623664676     
          44          43   1.43131009514371     
          45           1  0.946649040532327     
          46           2  0.946061706894816     
          47           3  0.945328840488906     
          48           7  0.942030008712613     
          49           8  0.944553541181086     
          50          12  0.946219929201250     
          51          13  0.945135676481593     
          52          14  0.945725151889626     
          53          15  0.945123304955760     
          54          16  0.947016378069571     
          55          18  0.946018888047560     
          56          19  0.945140492764057     
          57          20  0.945720421036343     
          58          21  0.945114415864585     
          59          22  0.946873788993975     
          60          24  0.945893378527792     
          61          25  0.945159776907447     
          62          26  0.945727866913539     
          63          27  0.945124033387497     
          64          28  0.946932727078646     
          65          29  0.943713586232053     
          66          30  0.941844756395225     
          67          32  0.945116696385864     
          68          33  0.945600919338043     
          69          34  0.945340642434904     
          70          35  0.945465558609653     
          71          38  0.945450014757444     
          72          39  0.945331989812917     
          73          40  0.945605077359573     
          74          41  0.944983729524929     
          75          43  0.945039684972032     
          76          44  0.946052187838045     
