 -0.102701581358320     
  2.098585643355921E-002
 -0.102651425841829     
 -2.196067012118341E-002
 -4.472548593204628E-002
 -5.198748358338801E-002
 -3.804497725889355E-002
 -5.832811505132707E-002
  5.068146292368780E-002
 -0.117570225054957     
  6.449940403418841E-002
 -2.613080878504626E-002
 -3.210431950341519E-002
 -6.193124568006247E-003
  1.388379131307893E-002
  2.712720498132581E-002
 -0.164179144616318     
  2.711900099050668E-002
  1.385799690847334E-002
 -6.052546281360982E-003
 -3.203777710966627E-002
 -2.598531618085964E-002
  6.454112316774996E-002
 -0.117789221051745     
  5.069324633362493E-002
 -5.832149456595115E-002
 -3.802419265872903E-002
 -5.203902790713322E-002
 -4.472001556177663E-002
 -2.199991874769314E-002
  2.100595063048205E-002
 -0.102653674944049     
 -0.102692759716812     
 -2.248603934945326E-002
 -4.512476733453230E-002
 -5.146380728658073E-002
 -3.651990095525370E-002
 -5.640742667677134E-002
  5.018119178624936E-002
 -2.324197554765739E-002
 -2.896073607979499E-002
  1.818188199100890E-002
  0.106612888940026     
 -0.212780645767332     
 -2.896410652035097E-002
 -2.335697123844316E-002
  5.019046382441106E-002
 -5.636145717697971E-002
 -3.651055016021765E-002
 -5.141311545588412E-002
 -4.513186945490677E-002
 -2.245593260876610E-002
  3.337504611631881E-002
  3.369241077584140E-002
  3.428093747241212E-002
  3.365268056267567E-002
  3.409014546999456E-002
  3.343814206825513E-002
  4.315972808876911E-002
  3.896703802680879E-002
  4.194657864457996E-002
  3.863294916579074E-002
  4.330193530006654E-002
  4.388142968803721E-002
  5.637562538913421E-002
  5.638836140539383E-002
  4.391508018618029E-002
  4.330230846101246E-002
  3.856074093502604E-002
  4.194556110032688E-002
  3.895867437659373E-002
  4.314481116030533E-002
  3.343402416937857E-002
  3.363758606743761E-002
  3.408350858424247E-002
  3.428215578841221E-002
  3.369528483104856E-002
  3.336860193881119E-002
  4.288381855038237E-002
  3.896913897461296E-002
  4.305261791070714E-002
  4.021369914357265E-002
  4.436256032225017E-002
  4.697234717816989E-002
  4.693828210678419E-002
  4.437263387756296E-002
  4.028233285674898E-002
  4.307352204957793E-002
  3.898044807818046E-002
  4.289839693365782E-002
