 -3.580548304805742E-002
 -3.469951041972141E-002
 -3.308933861959495E-002
 -1.113507003845182E-002
 -1.348935726652201E-002
 -3.544341417403896E-002
 -1.325712743672636E-002
 -3.534916272659494E-002
 -3.531411248312732E-002
 -3.456959198590415E-002
 -3.287485692294823E-002
 -1.071851239545563E-002
  9.782856322495537E-003
 -1.062205784533088E-002
 -3.315905306812184E-002
 -3.476912775716912E-002
 -3.545189549761218E-002
 -3.550563421789743E-002
 -1.278713002811749E-002
 -1.453516290140922E-002
 -3.351029811237005E-002
 -3.942308049081156E-002
  8.188824140278328E-004
  3.171408073406656E-003
 -4.522529177128742E-002
  2.597759151678591E-003
  5.055488631899863E-004
 -3.870787137535547E-002
 -3.333399092977984E-002
 -1.441195002950568E-002
 -1.004672823671626E-002
 -3.740742446357448E-002
  9.619774672923853E-003
 -1.121444405745997E-002
 -3.314190386593108E-002
 -3.473264504519857E-002
 -3.551501571217131E-002
 -3.562675620052858E-002
 -1.383022891310759E-002
 -1.383884325893980E-002
 -3.542795977502866E-002
 -3.529817349424746E-002
 -3.459196434316869E-002
 -3.303637242319191E-002
 -1.108995384104983E-002
 -1.055480766426520E-002
 -3.298918188964883E-002
 -3.453801963755421E-002
 -3.521290426746848E-002
 -3.532072632755412E-002
 -1.272735961870453E-002
 -4.524574272335968E-002
  3.000091680038341E-003
  6.242264164941780E-004
 -3.911850526394023E-002
 -3.355076249225597E-002
 -1.446551082866421E-002
 -9.702076296019158E-003
 -3.660712617694362E-002
  9.777653858395130E-003
 -1.092918736034587E-002
 -3.291139200319471E-002
 -3.445276867275116E-002
 -3.560794263426814E-002
 -3.528170891686155E-002
 -1.339331111996600E-002
 -1.349120645299440E-002
 -3.537515874574026E-002
 -3.538485880331077E-002
 -3.470850820059290E-002
 -3.309305111302052E-002
 -1.097709587299533E-002
 -1.068023966917320E-002
 -3.310535875420584E-002
 -3.468860360312842E-002
 -3.539795315709604E-002
 -3.547994852358993E-002
 -1.288463327471057E-002
 -4.363686496632457E-002
 -3.711444569375910E-002
 -9.717609029311625E-003
  4.049981512503698E-002
  4.091594225966033E-002
  4.042980582905953E-002
  3.962062240669328E-002
  3.951856589532776E-002
  4.072116384961133E-002
  4.106446662938246E-002
  4.041826408568072E-002
  4.047482282756332E-002
  4.103456212252288E-002
  4.086180883214752E-002
  3.971096115311212E-002
  4.254047088512725E-002
  4.293998728431692E-002
  4.087369013603437E-002
  4.249496731685942E-002
  4.268365228899640E-002
  4.116694485925032E-002
  4.052811230050224E-002
  4.120046481270956E-002
  4.087422808565511E-002
  3.978474386475406E-002
  3.974796996473751E-002
  4.092326319362538E-002
  4.107279180063650E-002
  4.041496734213479E-002
  4.054358267895308E-002
  4.115177072331255E-002
  4.099809436459079E-002
  3.981384472401583E-002
  3.952220223305447E-002
  4.232049362652301E-002
  4.258613878275097E-002
  4.176178983979995E-002
  4.038605608143420E-002
  4.090723532170826E-002
  4.086245696230439E-002
  3.940609057081212E-002
  3.959124379405043E-002
  4.076402390206946E-002
  4.098602395046191E-002
  4.030828244517937E-002
  4.051351311569462E-002
  4.106354591540073E-002
  4.091194085324346E-002
  3.973278323942742E-002
  4.160514335886700E-002
  4.217955183846211E-002
