 -0.234730129333369     
  0.142858439017903     
 -1.186108988783197E-002
 -1.785629814113321E-002
 -1.719313404227751E-002
 -1.763596720513494E-002
 -1.800437950088440E-002
 -1.145290187588532E-002
  0.149280656317326     
 -0.229614605304822     
 -9.561032936931113E-003
 -3.042051389346234E-002
  6.737703630464731E-002
 -0.117992974683617     
  6.763542706155867E-002
 -2.499229466686703E-002
 -1.313340503715121E-002
 -1.820505773996217E-002
 -9.193374555650280E-003
 -3.018923813543850E-002
  0.149357453406509     
 -0.230512751563994     
 -1.131965529361256E-002
 -1.827704404415975E-002
 -1.800669964316448E-002
 -1.744405636377966E-002
 -1.793484581004101E-002
 -1.160443611176820E-002
  0.143298920798798     
 -0.233922351420184     
  6.723942200769040E-002
 -2.780560986030611E-002
 -1.509213274049337E-002
 -2.073972999984086E-002
 -1.112075312951522E-002
 -3.271596129703536E-002
  0.148338170771185     
 -0.229826305352907     
 -1.213282901071544E-002
 -1.798278025375843E-002
 -1.731815908539946E-002
 -1.681782420609856E-002
 -1.771628991992280E-002
 -1.223969201260200E-002
  0.142146918689231     
 -0.234846551627482     
 -2.678931284333874E-002
 -1.460729570580277E-002
 -1.931875145183426E-002
  4.903114472535730E-002
  4.490816044928070E-002
  4.487520625167318E-002
  4.880066327485733E-002
  5.053409122616748E-002
  4.581451582777052E-002
  5.612125628996822E-002
  5.013132598263714E-002
  4.865098966700043E-002
  4.470655646775068E-002
  4.477030801758308E-002
  4.903006316229497E-002
  4.618877282732115E-002
  5.611578992585597E-002
  5.071734762456181E-002
  4.892112333770615E-002
  4.511774189185247E-002
  4.511872953748441E-002
  4.917000731283427E-002
  4.591275873500678E-002
  5.595921877833288E-002
