           2           1   1.42574207823632     
           3           2   1.44250578460904     
           4           3   1.37305676878340     
           5           4   1.00290024071183     
           6           5   1.33803507008407     
           7           6   1.46402970824302     
           8           7   1.36316957872521     
           9           8   1.25974019952789     
          10           5   1.39845519144571     
          10           9   1.36653172193407     
          11           9   1.08267483801143     
          12          11   1.36686207749226     
          13          12   1.39816270249760     
          14          13   1.00268234673449     
          15          14   1.37293784215872     
          16          15   1.44268694049218     
          17          16   1.42562363725893     
          18          17   1.42572766897355     
          19          14   1.37320399480531     
          19          18   1.44249354729638     
          20          13   1.33849214456701     
          21          20   1.46346366405897     
          22          11   1.25939878614650     
          22          21   1.36361402433673     
          23           8   1.05715980509224     
          23          22   1.05703079626837     
          24          23  0.978284851182544     
          25          24   1.37635546288201     
          26          25   1.45130346009948     
          27          26   1.36625951016152     
          28          27   1.00786928916103     
          29          28   1.36089453316027     
          30          29   1.46226672247072     
          31          30   1.35453365878493     
          32          31   1.02375472158462     
          33          32   1.36611059068648     
          34          33   1.36875266560951     
          35          34   1.01995863036886     
          36          35   1.36304438038243     
          37          36   1.44767680391003     
          38          37   1.42213395892112     
          39          38   1.42449632757546     
          40          35   1.36720680171939     
          40          39   1.44505759844461     
          41          34   1.34289026215406     
          42          41   1.35896414854274     
          43          42   1.03790173582169     
          44          43   1.36026266291646     
          45          44   1.44918520537463     
          46          45   1.42168548887939     
          47          46   1.42170010451275     
          48          43   1.36031660824449     
          48          47   1.44914695086949     
          49          32   1.34147860352669     
          49          42   1.35955066148726     
          50          31   1.35929158388632     
          51          28   1.36348470609365     
          51          50   1.45905644884344     
          52          27   1.36641671753021     
          53          24   1.37637516790512     
          53          52   1.45118683485022     
          54           4   1.37284662605834     
          55           1   1.42555272116185     
          55          54   1.44277598682018     
          56           1  0.947561077412644     
          57           2  0.946605987459650     
          58           3  0.946928905255546     
          59           6  0.943229494784490     
          60           7  0.941861227221623     
          61          10  0.943247231499929     
          62          12  0.943324652732981     
          63          15  0.946936958106771     
          64          16  0.946621617809654     
          65          17  0.947560443051535     
          66          18  0.946601705182671     
          67          19  0.946912292504278     
          68          20  0.943176542662007     
          69          21  0.941836889352303     
          70          25  0.944617421686245     
          71          26  0.943694373947850     
          72          29  0.944970890926958     
          73          30  0.944219431254917     
          74          33  0.943356466655210     
          75          36  0.946178565994941     
          76          37  0.946462189654472     
          77          38  0.947369114421551     
          78          39  0.946538356079378     
          79          40  0.946498475533509     
          80          44  0.945967468988103     
          81          45  0.946609057997015     
          82          46  0.947346221197397     
          83          47  0.946609264394180     
          84          48  0.945939544194443     
          85          50  0.944611931773742     
          86          51  0.944963787067318     
          87          52  0.943740980573543     
          88          53  0.944617451250976     
          89          54  0.946925139889153     
          90          55  0.946620227116296     
