 -0.128766358099218     
  9.613518252838515E-002
 -1.928531332167704E-002
  4.746377136112079E-002
 -0.183715293731704     
  5.523729290858004E-002
  1.071500735750730E-002
 -3.592572561177043E-002
 -2.960225227713487E-002
 -3.300643264035941E-002
 -2.865923397813308E-002
 -2.906562882106734E-002
  5.566807211971536E-002
  1.039841239318440E-002
 -3.590990917318937E-002
 -2.958927381697851E-002
 -3.299865758663767E-002
 -2.875703448470013E-002
 -2.918073620183659E-002
 -0.185192866652632     
  4.419731663633808E-002
 -2.140291164617469E-002
  6.988773410868454E-002
 -0.123846238896448     
  4.824572230638191E-002
 -5.435917120229483E-002
 -4.324804289032613E-002
 -4.773423901871521E-002
 -4.599764904904990E-002
  7.557840351174772E-002
 -0.139320210068661     
  7.591885720814817E-002
 -4.571876239558037E-002
 -4.736643116247041E-002
 -4.260183813033791E-002
 -5.153283647826168E-002
  4.872009335656857E-002
  5.208206494470813E-002
  4.126332137470512E-002
  4.048167681065884E-002
  4.010096007389352E-002
  4.044047641593140E-002
  4.247744821187305E-002
  4.134698835599138E-002
  4.050074973505668E-002
  4.008681623143362E-002
  4.038444931773810E-002
  4.241795109310564E-002
  5.347520377501369E-002
  4.330374500080436E-002
  4.389139337142578E-002
  4.272602748195287E-002
  4.094101785344861E-002
  4.084556204152268E-002
  4.247888905953534E-002
  4.370433134019869E-002
  4.166810904999874E-002
