           2           1   1.43997922266693     
           3           2   1.41798473905561     
           4           3   1.39139264889101     
           5           4   1.30528138438798     
           6           1   1.41293284669848     
           6           5   1.40935663455455     
           7           5   1.00831668634895     
           8           7   1.00898507149485     
           9           8   1.40852870619987     
          10           9   1.41337487887257     
          11          10   1.43949951714851     
          12          11   1.41867747119100     
          13           8   1.30573022759269     
          13          12   1.38956579843389     
          14           4   1.00469429579022     
          14          13   1.00492548458316     
          15          14  0.978225984637998     
          16          15   1.48127843865735     
          17          16   1.33937636542022     
          18          17   1.45226297433261     
          19          18   1.18996166180145     
          20          19   1.19064837056874     
          21          20   1.46500679616785     
          22          21   1.32426308626079     
          23          22   1.53920679219844     
          24          15   1.19798196022517     
          24          19   1.26145267968622     
          24          23   1.24916095488012     
          25          20   1.05178300487430     
          26          25   1.52694582875927     
          27          26   1.20622507655506     
          28          27   1.29527422167973     
          29          28   1.47547620910906     
          30          29  0.992996726257223     
          31          30   1.36511048673227     
          32          31   1.44236397730686     
          33          32   1.41821568028035     
          34          33   1.41574844515794     
          35          30   1.36336070574566     
          35          34   1.44454188654147     
          36          29   1.22466502493939     
          37          36  0.992824620156389     
          38          37   1.36342228947718     
          39          38   1.44451157576497     
          40          39   1.41577059982646     
          41          40   1.41826467756060     
          42          37   1.36521410318039     
          42          41   1.44229873844490     
          43          36   1.47622387219314     
          44          27   1.20159872401848     
          44          43   1.29408095710237     
          45          44   1.20856214237854     
          46          18   1.05912925928023     
          46          25   1.09523692048346     
          46          45   1.51934035124189     
          47           1  0.944429481542393     
          48           2  0.943749141943855     
          49           3  0.941381656339509     
          50           6  0.945608260854066     
          51           9  0.945633103164202     
          52          10  0.944503106807551     
          53          11  0.943755641164391     
          54          12  0.942014086606567     
          55          16  0.942756530343425     
          56          17  0.941695180797311     
          57          21  0.944464531861841     
          58          22  0.943934431464991     
          59          23  0.943253906729252     
          60          28  0.940427285906857     
          61          31  0.945941999803803     
          62          32  0.947566279364170     
          63          34  0.947427273564136     
          64          35  0.944848162775249     
          65          38  0.944848679221948     
          66          39  0.947427177964649     
          67          41  0.947567769022897     
          68          42  0.945944552898385     
          69          43  0.940458401123587     
