 -0.221548941523713     
  9.983871621614604E-002
  7.238497582445547E-003
 -2.100156701255873E-002
 -2.401416773485021E-002
 -2.333995895186014E-002
 -2.922038694757845E-002
  9.325078263926478E-003
 -6.145646308924668E-003
 -3.340899387245244E-002
 -3.353301667323283E-002
  6.406189914556126E-002
 -8.980040810395185E-002
  3.568988514535043E-002
 -4.287003621530072E-002
 -4.356467209002801E-002
 -1.440470852882569E-002
 -4.252611215740387E-004
 -4.038983348084990E-002
 -3.471644530652540E-002
 -3.810148164374105E-002
 -3.519096240545760E-002
 -4.151185208891217E-002
 -3.971164981736486E-002
 -2.465991028877212E-002
 -2.551028758925078E-002
 -4.027767705965335E-002
 -1.398064984083636E-002
 -2.152873169718461E-004
 -4.075870622842803E-002
 -3.497347199143430E-002
 -3.832571779671134E-002
 -3.518774093197052E-002
 -4.086901358623773E-002
 -4.150535041355141E-002
 -4.026152958776574E-002
  3.606302766277381E-002
 -3.016987940491411E-002
 -2.874971069417853E-002
  4.856018087755676E-002
  4.383837896276943E-002
  4.490185297753913E-002
  4.202433165408870E-002
  4.316027439521508E-002
  4.286638296223122E-002
  4.270878858390226E-002
  4.437837931372479E-002
  3.714550388883020E-002
  3.836476547876988E-002
  3.756142840765175E-002
  3.814493919493789E-002
  3.630883499794479E-002
  4.352302378178574E-002
  4.311546299863267E-002
  3.689504017485545E-002
  3.827060162819385E-002
  3.741254635129210E-002
  3.808922493511835E-002
  3.685530317229824E-002
  4.544536112899245E-002
  4.525491920989078E-002
  4.415607020535361E-002
  4.714622326054863E-002
