 -0.102467929067246     
  2.082363103959084E-002
 -0.102457203544432     
 -2.196659799671163E-002
 -4.450278911529093E-002
 -5.101411610775308E-002
 -3.672588679744049E-002
 -5.732928255422909E-002
  4.999238799123784E-002
 -0.117428216457377     
  6.267347799882916E-002
 -2.036803592419556E-002
 -2.130263943717026E-002
  2.572402173063715E-002
  0.111810942740002     
 -0.217179464622867     
  0.111795885068776     
  2.580588804211059E-002
 -2.127874638780813E-002
 -2.026855508372538E-002
  6.269084723776075E-002
 -0.117587465954498     
  4.998427694422070E-002
 -5.734180995926774E-002
 -3.672597625331964E-002
 -5.106130384841023E-002
 -4.450153215388042E-002
 -2.199602324614691E-002
  2.083525847788392E-002
 -0.102473957487335     
 -0.102452936723392     
 -2.199364614713684E-002
 -4.450616391600182E-002
 -5.105896294807177E-002
 -3.672670087125240E-002
 -5.736050845718221E-002
  4.998890417431090E-002
 -2.030561038369516E-002
 -2.128817035466390E-002
 -0.217182407764368     
  0.111810954862443     
  2.570778732783507E-002
 -2.131311628782395E-002
 -2.042133005695046E-002
  6.266897723854070E-002
 -0.117403077952577     
  5.000815763823718E-002
 -5.733579111619225E-002
 -3.672372733260065E-002
 -5.100958026914970E-002
 -4.449826207785534E-002
 -2.195514822325340E-002
  2.082221215425051E-002
 -0.102481820995548     
 -0.102443764472067     
 -2.195707458181140E-002
 -4.449870900574204E-002
 -5.100485727964799E-002
 -3.673085107445839E-002
 -5.733036386702217E-002
  4.997751770007630E-002
 -2.036082702733122E-002
 -2.131104250070859E-002
 -0.217162650190522     
 -2.131244242658248E-002
 -2.038499754521439E-002
  4.999144668587707E-002
 -5.733590013386181E-002
 -3.672784960850706E-002
 -5.101614086706618E-002
 -4.449655934347696E-002
 -2.195983327773288E-002
  3.365303564125921E-002
  3.362509804643465E-002
  3.417311697329661E-002
  3.365972079826929E-002
  3.360864402869446E-002
  3.417309466062168E-002
  4.321198224231648E-002
  3.916074425657357E-002
  4.264482159691574E-002
  3.978407692381403E-002
  4.390893544732577E-002
  5.234637319255997E-002
  5.235907836962006E-002
  4.390458662432595E-002
  3.973750764607575E-002
  4.264061041595824E-002
  3.915225146098733E-002
  4.320435730000460E-002
  3.361531613282076E-002
  3.417062721400987E-002
  3.365356373387829E-002
  3.364773348961558E-002
  3.360795431058128E-002
  3.417018114381665E-002
  4.320355452437741E-002
  3.915296571670712E-002
  4.263913090447391E-002
  3.974834601528621E-002
  4.389285309845758E-002
  5.235807584393326E-002
  5.233866073290905E-002
  4.389704792803450E-002
  3.978729086312294E-002
  4.264504604299191E-002
  3.916431146598376E-002
  4.322185392610800E-002
  3.362043660670844E-002
  3.417476977028266E-002
  3.366471174519436E-002
  3.417254224187416E-002
  3.365140696087421E-002
  3.361352720183619E-002
  4.321848556915009E-002
  3.916255266137825E-002
  4.264546866886054E-002
  3.979777551433827E-002
  4.391655526306493E-002
  5.235110405302634E-002
  5.234959377373916E-002
  4.389961146381960E-002
  3.978518060017810E-002
  4.264426959067658E-002
  3.916252906602502E-002
  4.322271256272514E-002
