 -9.609465407682460E-002
  2.496986084035324E-002
 -9.493414379759724E-002
 -1.065889437655176E-002
 -3.187018561210042E-002
 -3.909802647364113E-002
  9.088014611310458E-002
 -7.662696697945748E-002
 -4.275372465730509E-002
  1.559505239634928E-002
 -7.779610378003454E-002
 -2.787654221734659E-002
 -3.235873122212052E-002
  6.675479975727860E-002
 -0.117449639719223     
  5.047627815508582E-002
 -5.700634829345841E-002
 -3.705625982664262E-002
 -5.226666686800119E-002
 -4.516338705350087E-002
 -2.282578300802562E-002
  2.080415388789136E-002
 -0.102649647205366     
 -0.102557827858834     
 -2.274323117199817E-002
 -4.514828920873715E-002
 -5.238346572673169E-002
 -3.727216191917737E-002
 -5.731392330526308E-002
  5.051284152023205E-002
 -3.739068710521032E-002
  9.742221746078483E-002
 -9.041305121184262E-002
  9.541870874692826E-002
 -5.132929225615523E-002
 -2.308717407760241E-002
 -5.096206408540915E-002
  9.538974744038820E-002
 -0.100294087127952     
 -9.124897374946883E-002
 -1.337429322525363E-002
 -3.471309481063312E-002
 -4.100170865680663E-002
  9.100159686624298E-002
 -7.578755702640727E-002
 -4.109019710951145E-002
  1.515269680578868E-002
 -7.868056154947034E-002
 -2.808768126566985E-002
 -3.263180021798906E-002
  6.628440328328544E-002
 -0.114917604530318     
  5.124881506834145E-002
 -5.661672057563205E-002
 -3.789713797169547E-002
 -5.267717280397921E-002
 -4.569347741705965E-002
 -2.226931774576446E-002
  2.066161969952818E-002
 -0.102596937634832     
 -0.102766439603339     
 -2.260708550591151E-002
 -4.532420508062440E-002
 -5.175038698543588E-002
 -3.696722650888695E-002
 -5.633175232340903E-002
  5.090788660034207E-002
 -3.958895706637300E-002
  9.629364485369196E-002
 -9.086688389765563E-002
  9.562868275178849E-002
 -5.193356077314348E-002
 -2.445895613753990E-002
 -5.254079443656501E-002
  9.578220922787173E-002
 -9.978636092762816E-002
 -9.197106287114121E-002
  3.688275092026139E-002
  3.526061737933994E-002
  3.568188504255565E-002
  3.432910699185732E-002
  3.466093086821109E-002
  3.849380981566863E-002
  4.535491974956307E-002
  4.035617378814005E-002
  4.814785245814135E-002
  5.378973077997773E-002
  4.382957220580919E-002
  3.952772136774974E-002
  4.260517812350628E-002
  3.891999083723108E-002
  4.284543713974998E-002
  3.353943357115718E-002
  3.413221615583273E-002
  3.356986585544020E-002
  3.345777225821800E-002
  3.351643501321566E-002
  3.426118472976447E-002
  4.290475671661220E-002
  3.892961675926887E-002
  4.244171084314508E-002
  3.952904839918803E-002
  3.946194785218005E-002
  3.926229159848393E-002
  4.977062307652647E-002
  3.963764880164622E-002
  4.505366635777852E-002
  3.968952127413361E-002
  5.030550391826816E-002
  5.717031631633018E-002
  4.545795418105314E-002
  4.056562092554616E-002
  4.228827304021299E-002
  3.871762633377984E-002
  4.281689146676149E-002
  3.439149705736233E-002
  3.321430663602654E-002
  3.376166625657762E-002
  3.362157701836832E-002
  3.327008243239060E-002
  3.432938464724267E-002
  4.278576090600428E-002
  3.895706504628160E-002
  4.257450090913284E-002
  4.015493415398819E-002
  3.883909851878853E-002
  3.927899187143202E-002
  4.920759161217036E-002
  3.882144717673375E-002
