 -2.771597652437308E-002
 -2.894634622106640E-002
 -2.421879610022604E-002
  7.396961092029208E-002
 -8.539583439972365E-002
  4.004951258011902E-002
 -4.654776271036276E-002
 -4.203707446567861E-002
 -5.012033358245738E-002
 -3.606508751217685E-002
 -2.217400698417649E-002
 -2.114350249782326E-002
 -3.472724934484450E-002
 -4.832399303145873E-002
 -3.877845933884760E-002
 -4.101456715613772E-002
  4.767084268667388E-002
  2.690488427558035E-002
  0.106096507801019     
 -0.164181482372127     
 -0.168643328081036     
  0.104591116616627     
  2.762495556854638E-002
 -1.495993854232047E-002
 -2.255155507769047E-002
 -2.742095144615142E-002
 -2.555794232466368E-002
  5.434172870883636E-002
 -0.102422689498552     
  3.102469078663317E-002
 -3.881050886578929E-002
 -3.244737362954275E-002
 -4.678835121149660E-002
 -3.861213916461104E-002
 -3.200337299772205E-002
 -3.014567140070223E-002
 -3.689976614079793E-002
 -4.718450662939233E-002
 -3.828467098499377E-002
 -4.445036154513105E-002
  3.267315081703837E-002
 -8.763948942980804E-002
 -3.774459592673551E-002
  4.442317493824444E-002
  4.808934944408816E-002
  4.559898021615982E-002
  3.772640366113844E-002
  4.149377681901312E-002
  3.880862820984043E-002
  4.164676359221031E-002
  4.044593769406102E-002
  3.785887843834901E-002
  4.044630902160484E-002
  3.512801631998497E-002
  5.674459767417084E-002
  4.688795778164723E-002
  4.872819361612868E-002
  4.415183626817953E-002
  4.408927878892099E-002
  4.683150748273723E-002
  4.083775051568317E-002
  4.152539192109472E-002
  4.230431919741062E-002
  4.085305235825321E-002
  4.402035440317276E-002
  4.016641467901849E-002
  5.020381133614582E-002
