           2           1  0.976793279114698     
           3           2  0.966065118268216     
           4           2  0.966355534079502     
           5           2  0.937765547390806     
           6           5   1.35400875055659     
           7           6   1.45877554907481     
           8           7   1.36591095685705     
           9           8   1.26837166310025     
          10           5   1.42736223408819     
          10           9   1.35326746597470     
          11           9   1.08275816658490     
          12          11   1.35371095365505     
          13          12   1.42692899839061     
          14          13  0.937707334085596     
          15          14  0.976811805085872     
          16          14  0.966059618711161     
          17          14  0.966382331110175     
          18          13   1.35446518670464     
          19          18   1.45826224046821     
          20          11   1.26801673736794     
          20          19   1.36601711965732     
          21           8   1.04959540686722     
          21          20   1.04937498079792     
          22          21  0.981210992736792     
          23          22   1.38613646743679     
          24          23   1.37085816764353     
          25          24  0.955584546305727     
          26          25   1.85043097452666     
          27          25  0.968988397351081     
          28          27   1.36765206989450     
          29          28   1.44323545271007     
          30          29   1.42368265107056     
          31          30   1.42451009979053     
          32          27   1.36726878913778     
          32          31   1.44282962721222     
          33          24   1.37150910304795     
          34          33   1.38487196111397     
          35          34  0.981447654927423     
          36          35   1.04869587438483     
          37          36   1.36593416794634     
          38          37   1.45871714661263     
          39          38   1.35408596894591     
          40          39  0.937739435308410     
          41          40  0.966382921003530     
          42          40  0.966093647889048     
          43          40  0.976766516857707     
          44          39   1.42736262118270     
          45          36   1.26863062850420     
          45          44   1.35330723331886     
          46          45   1.08259257599837     
          47          46   1.35388802356746     
          48          47   1.42683520806490     
          49          48  0.937753248122588     
          50          49  0.966338796209338     
          51          49  0.976807849898744     
          52          49  0.966085271596645     
          53          48   1.35438958621854     
          54          53   1.45841346589432     
          55          35   1.05057296944254     
          55          46   1.26764119821311     
          55          54   1.36610480227222     
          56          22   1.38110084316934     
          56          34   1.38185620167124     
          57           1  0.977518301619709     
          58           1  0.978307370169157     
          59           1  0.977634606997542     
          60           3  0.976089788341855     
          61           3  0.978175689786901     
          62           3  0.977942405846311     
          63           4  0.976019800756930     
          64           4  0.977899935885592     
          65           4  0.978183013465519     
          66           6  0.941762294561726     
          67           7  0.939087949608610     
          68          10  0.942183675665764     
          69          12  0.942117016560166     
          70          15  0.978304815017407     
          71          15  0.977631544709569     
          72          15  0.977506278382945     
          73          16  0.976139305333302     
          74          16  0.978155423022907     
          75          16  0.977925032803965     
          76          17  0.976040946048317     
          77          17  0.977894790403305     
          78          17  0.978184572383312     
          79          18  0.941776434466915     
          80          19  0.939779725815240     
          81          23  0.942181050001175     
          82          28  0.944816432494324     
          83          29  0.946251107202730     
          84          30  0.947334308724085     
          85          31  0.945935800886525     
          86          32  0.947151931791910     
          87          33  0.943385495315083     
          88          37  0.941420561961015     
          89          38  0.941770555779545     
          90          41  0.976001340743153     
          91          41  0.978154575105259     
          92          41  0.977914687902271     
          93          42  0.978193763597315     
          94          42  0.976080607778675     
          95          42  0.977943419784619     
          96          43  0.977546676425427     
          97          43  0.978318506577845     
          98          43  0.977609330562506     
          99          44  0.942159753812456     
         100          47  0.942193822028221     
         101          50  0.976036546545276     
         102          50  0.977906661144990     
         103          50  0.978180262612856     
         104          51  0.977507925629167     
         105          51  0.978313458436399     
         106          51  0.977625376062990     
         107          52  0.978153923851340     
         108          52  0.977943221362749     
         109          52  0.976090428372060     
         110          53  0.941825329619787     
         111          54  0.939316368928926     
         112          56  0.943822666684090     
