           2           1   1.00125124146412     
           3           2  0.961721418488456     
           4           3   1.07610554049286     
           5           4   1.36563752249851     
           6           5   1.45385061657458     
           7           6   1.39324173124091     
           8           7   1.45967734817036     
           9           4   1.25816534696096     
           9           8   1.35535939552581     
          10           9   1.08895374588329     
          11          10   1.37092885111087     
          12          11   1.38930183435546     
          13          12   1.00359270031807     
          14          13   1.67195821090127     
          15          14   1.00167689723657     
          16          15   1.36527665751502     
          17          16   1.44536449593192     
          18          17   1.42274566980492     
          19          18   1.42501185945226     
          20          15   1.36837140651676     
          20          19   1.44355380993408     
          21          14  0.998201971665138     
          22          21   1.36573233224605     
          23          22   1.44637947168519     
          24          23   1.42160167091457     
          25          24   1.42675830107902     
          26          21   1.37069690873283     
          26          25   1.44149573931268     
          27          13   1.00412893229733     
          28          27   1.35696024556008     
          29          28   1.46021604262258     
          30          29   1.35844663021327     
          31          30   1.00801702877703     
          32          31   1.36939218852320     
          33          32   1.43216736858668     
          34          33   1.39227517141262     
          35          34   1.38427143809668     
          36          31   1.34911166984971     
          36          35   1.41964347570924     
          37          35  0.742221554601885     
          38          37   1.79260664276796     
          39          37   1.75505710854625     
          40          37  0.743788579433701     
          41          40   1.40137260592088     
          42          41   1.41653711361818     
          43          42   1.43376229918386     
          44          43   1.41643521972166     
          45          40   1.39557318875700     
          45          44   1.40152130375976     
          46          34  0.749842902923397     
          46          45  0.744190337406209     
          47          46   1.79334176522670     
          48          46   1.75668373023722     
          49          30   1.36058129265616     
          50          27   1.35871661478445     
          50          49   1.45935756418488     
          51          12   1.32975041090590     
          52          51   1.46948129401098     
          53           3   1.08574769853965     
          53          10   1.24772246650534     
          53          52   1.35585357363676     
          54           1  0.975735619436200     
          55           1  0.984361077004831     
          56           1  0.984382056011642     
          57           2  0.970012971645058     
          58           2  0.969969282226474     
          59           5  0.944755740052643     
          60           6  0.945039764970502     
          61           7  0.945308441508445     
          62           8  0.944736579330699     
          63          11  0.941547245546634     
          64          16  0.945534578842330     
          65          17  0.946197142575504     
          66          18  0.947531736543863     
          67          19  0.946424516339649     
          68          20  0.946723444589851     
          69          22  0.945930654099488     
          70          23  0.946191547228790     
          71          24  0.947535156289467     
          72          25  0.946440081628653     
          73          26  0.946838023514694     
          74          28  0.943212294620298     
          75          29  0.944778367951311     
          76          32  0.936560365412225     
          77          33  0.936839260295665     
          78          36  0.937101362213666     
          79          41  0.938889131594068     
          80          42  0.937503091566068     
          81          43  0.937526270352019     
          82          44  0.938920913833011     
          83          49  0.944656094279429     
          84          50  0.944415473192030     
          85          51  0.943136416868047     
          86          52  0.942822838563500     
