 -0.399521048480287     
  0.353480978847204     
 -4.203407443826368E-002
 -3.442976076629911E-002
 -2.794101453588116E-002
 -3.037901722961589E-002
 -2.604744186806673E-002
 -2.995384657288547E-002
 -4.739558519902509E-002
 -4.060478894571595E-002
 -3.067243738218917E-002
 -3.104808365890044E-002
 -2.633024688420171E-002
 -2.567762287747932E-002
 -5.749404109737544E-002
 -2.524976438985060E-002
 -3.326833573381727E-002
 -2.908517822381995E-002
 -3.839880648310068E-002
  8.058517279716115E-002
 -0.136243139346226     
  8.330907876105975E-002
 -4.475031892210168E-002
 -3.706093137096467E-002
 -1.088463943713247E-002
 -4.731684242430312E-003
 -3.927056482162872E-002
 -4.174403501207724E-002
 -9.407754454295869E-004
  1.572572536464767E-002
 -2.114662568913239E-003
 -3.717202107755568E-002
 -3.400237646759408E-002
  5.847428613959194E-002
 -9.448359367008408E-002
  3.509999297324118E-002
 -4.514770360868958E-002
 -4.049662121828312E-002
 -4.932082370644331E-002
 -3.673359933679254E-002
 -2.885291993071348E-002
 -2.920410105474502E-002
 -3.687753523167459E-002
 -4.927740373034251E-002
 -3.996440809275725E-002
 -4.445173408011982E-002
  3.528181068504610E-002
 -3.309367711366473E-002
 -3.564437131889608E-002
 -1.489598297489447E-002
 -3.574746323710976E-002
 -3.485751899265654E-002
 -3.469345669088764E-002
 -3.510117421420134E-002
 -1.385737511548157E-002
 -1.400427747591770E-002
 -3.506423620157495E-002
 -3.457194166792732E-002
 -3.466699314859856E-002
 -3.551681299471454E-002
 -1.479360388956596E-002
 -3.936734204561798E-002
 -3.784685029808355E-002
 -3.897328914539955E-002
 -4.392934599098552E-002
  4.156729465506304E-002
  4.077255270817026E-002
  4.122511834966602E-002
  4.121142668254485E-002
  4.414758809620811E-002
  4.255530818882769E-002
  4.091561076551731E-002
  4.116992375909967E-002
  4.203071483805099E-002
  4.939520530566244E-002
  5.333542339982256E-002
  4.396297498419743E-002
  4.663736667723628E-002
  4.189140344793052E-002
  4.084287226421845E-002
  4.328387234348297E-002
  3.918846688461464E-002
  4.027690787832361E-002
  4.454573273244578E-002
  4.219541786657011E-002
  3.986483300438404E-002
  4.277005257183708E-002
  3.995656276991333E-002
  4.202903467861485E-002
  4.188556421249756E-002
  3.995245107061474E-002
  4.308723264443937E-002
  4.063208232057713E-002
  4.274438770235711E-002
  4.535770479133761E-002
  4.009449919860320E-002
  4.111315074153998E-002
  4.115392505893534E-002
  4.001299553625726E-002
  4.002028681924430E-002
  4.123518470182208E-002
  4.120996671112298E-002
  3.997658391970471E-002
  4.125950809718293E-002
  3.957073783535558E-002
  4.128899114336282E-002
  3.755843673033743E-002
