 -3.401382989162194E-002
 -2.304108730622367E-002
 -1.977211515459931E-002
  2.781220567411147E-002
  6.145710689670514E-002
 -0.183581043681801     
 -0.183298318533839     
  6.127733711448125E-002
  2.735891970031679E-002
 -3.969009820502389E-002
 -3.179698009891574E-002
 -1.506222566518112E-003
 -1.762688804955559E-003
 -3.175086197143084E-002
 -2.100062932626923E-002
  2.522732444610565E-002
  6.708927519975028E-002
 -0.222636656204354     
 -1.036872434651759E-002
  1.336179361312828E-002
 -2.855896738474595E-002
 -3.564810349174241E-002
 -4.090282032188330E-002
 -4.396633697074659E-002
 -1.192789754227430E-002
 -3.072878944357704E-003
 -4.036616333615228E-002
 -4.052794511941205E-002
 -3.730441531495909E-002
 -4.875841500992539E-002
  4.836655526630373E-003
  1.111868107773795E-002
 -8.107169665437031E-002
  6.822490674287618E-002
 -2.736490154973481E-002
 -2.617001368416716E-002
 -3.252916546375761E-002
 -2.596986889615760E-002
 -3.045813205245818E-002
 -3.769111462159103E-002
 -3.256070820904000E-002
 -2.890425198654345E-002
 -1.825683406721978E-002
 -8.298582335479399E-002
  6.451731206551381E-002
 -3.084649871046707E-002
 -2.493639969060002E-002
 -3.239224599784851E-002
 -2.517734538360283E-002
 -3.135359653902725E-002
 -4.217620621732721E-002
 -2.804105973919579E-002
  4.140871747984198E-002
  4.301711712312006E-002
  4.842065713422328E-002
  4.461102087329549E-002
  4.284143396074014E-002
  4.205488286364456E-002
  4.828938577525443E-002
  4.388817682968926E-002
  4.021354026716439E-002
  3.900359220739125E-002
  4.160413250166506E-002
  4.425934619639660E-002
  4.005933739395096E-002
  4.035900771046053E-002
  4.197308682521239E-002
  4.233352695898718E-002
  4.506772875990950E-002
  4.192773003481265E-002
  4.491120910707669E-002
  4.147423322483357E-002
  4.526531252992627E-002
  4.290956413673497E-002
  4.340873087300345E-002
  5.109026233838976E-002
  4.282266393088718E-002
  4.566157056783005E-002
  4.240752706796946E-002
  4.557611150543228E-002
  4.254271031544665E-002
  4.159813647182276E-002
  4.085709132373450E-002
