           2           1   1.42140603038593     
           3           2   1.44735168558568     
           4           3   1.35715299778705     
           5           4   1.02752901915309     
           6           5   1.60197322463095     
           7           6   1.15324095146619     
           8           7   1.59859949730674     
           9           8   1.03317476811770     
          10           9   1.35492480658309     
          11          10   1.45858612799888     
          12          11   1.36245726801779     
          13          12   1.01020640515533     
          14          13   1.35804802027413     
          15          14   1.46399108713035     
          16          15   1.34663486068680     
          17          16   1.03509668279868     
          18          17   1.54811281616104     
          19          18   1.17678138502340     
          20          19   1.13187021614705     
          21          20   1.30938049619605     
          22          21   1.49911658571089     
          23          22   1.35818621065587     
          24          23   1.49578452412045     
          25          20   1.26607028892214     
          25          24   1.31916282555355     
          26          25   1.10813253756649     
          27          26   1.32590582994777     
          28          27   1.49043207074498     
          29          28   1.36025836568952     
          30          29   1.49754977464920     
          31          26   1.24887315596483     
          31          30   1.30467013468219     
          32          19   1.38262211379618     
          32          31   1.15349586395083     
          33          17   1.11638190288970     
          33          32   1.08485075710482     
          34          33  0.951616371428894     
          35          34   1.38155333740859     
          36          35   1.43595670824574     
          37          36   1.42708651517055     
          38          37   1.43128247258611     
          39          34   1.39166450079071     
          39          38   1.43256366993526     
          40          16   1.35466912907892     
          41          13   1.36208392264536     
          41          40   1.45901262072033     
          42          12   1.35851937246135     
          43           9   1.34771343221818     
          43          42   1.46303591712461     
          44           5   1.10308097888911     
          44           8   1.10170084271885     
          45          44  0.953734330545545     
          46          45   1.38662330040127     
          47          46   1.43540649512011     
          48          47   1.42895913205823     
          49          48   1.42871032221103     
          50          45   1.38618914978572     
          50          49   1.43566992328163     
          51           4   1.36381575173214     
          52           1   1.42484130374627     
          52          51   1.44354855160763     
          53           1  0.946860401784464     
          54           2  0.945517795810895     
          55           3  0.946254490374753     
          56          10  0.942513042527492     
          57          11  0.944448867908633     
          58          14  0.944181680131913     
          59          15  0.944488881525525     
          60          21  0.944929298260909     
          61          22  0.945408210040393     
          62          23  0.945716515293550     
          63          24  0.942137647263933     
          64          27  0.941102195368033     
          65          28  0.945424040576027     
          66          29  0.945133711955295     
          67          30  0.938239984460377     
          68          35  0.946999845432671     
          69          36  0.944739100459313     
          70          37  0.945929866998356     
          71          38  0.944843006825475     
          72          39  0.946957350200123     
          73          40  0.941619270654713     
          74          41  0.944402263198297     
          75          42  0.944024455264555     
          76          43  0.944272026128265     
          77          46  0.946711245487002     
          78          47  0.944722048988934     
          79          48  0.945937442459836     
          80          49  0.944724813370801     
          81          50  0.946728136221920     
          82          51  0.944516481297666     
          83          52  0.945966867142447     
