           2           1   1.44311094323859     
           3           2   1.41603593623518     
           4           3   1.39134321010696     
           5           4   1.30121086092681     
           6           1   1.40816979883964     
           6           5   1.41420020964609     
           7           5   1.00634952249960     
           8           7   1.00641442834109     
           9           8   1.41471897976547     
          10           9   1.40775595424203     
          11          10   1.44324470090034     
          12          11   1.41590446978567     
          13           8   1.30073977907567     
          13          12   1.39127394822612     
          14           4   1.00974209441439     
          14          13   1.01310981559550     
          15          14  0.956751995413541     
          16          15   1.49978500000646     
          17          16   1.26677556444857     
          18          17   1.07813178917901     
          19          18   1.35232457321531     
          20          19   1.46706155244036     
          21          20   1.38500227306752     
          22          21   1.46843411730926     
          23          18   1.25708987918097     
          23          22   1.34962335298914     
          24          23   1.08389659493773     
          25          24   1.22241792348862     
          26          25   1.59864408445313     
          27          26   1.21057101919226     
          28          27   1.21105606252178     
          29          28   1.59855622758654     
          30          29   1.22188284499187     
          31          30   1.08400702118394     
          32          31   1.35037506074396     
          33          32   1.46720179042118     
          34          33   1.38651357979724     
          35          34   1.46535377332446     
          36          31   1.25543557608377     
          36          35   1.35351847036170     
          37          15   1.21822655095216     
          37          36   1.07783637539732     
          38          37   1.34897801514455     
          39          30   1.37501836724408     
          39          38   1.09676840350767     
          40          27   1.29712257328584     
          40          39   1.17224155008433     
          41          24   1.37332980628221     
          41          40   1.17178158625428     
          42          17   1.34148012339163     
          42          38   1.19816339129397     
          42          41   1.10178486552915     
          43           1  0.944763643752751     
          44           2  0.943891668072339     
          45           3  0.942019646913241     
          46           6  0.945784325423154     
          47           9  0.945813994761975     
          48          10  0.944748155163366     
          49          11  0.943901573420817     
          50          12  0.942041758931679     
          51          16  0.941644032401988     
          52          19  0.944148394369452     
          53          20  0.945395440519207     
          54          21  0.945385759061903     
          55          22  0.943969965597282     
          56          25  0.943005374805075     
          57          26  0.943257577623109     
          58          28  0.943175933412737     
          59          29  0.942823824738613     
          60          32  0.943778902184845     
          61          33  0.945323746524090     
          62          34  0.945304769091826     
          63          35  0.941597661229898     
