           2           1   1.75771408664462     
           3           2   1.75758528716837     
           4           2  0.761478720857455     
           5           4   1.39401675069908     
           6           5   1.44842629573161     
           7           6   1.34238207665776     
           8           7   1.06386492448374     
           9           8  0.952412857362219     
          10           9   1.38924620830996     
          11          10   1.43581331882508     
          12          11   1.41029863146580     
          13          12   1.45607248560716     
          14           9   1.32270693076775     
          14          13   1.35102813607894     
          15          14   1.06385743173918     
          16          15   1.79859137385335     
          17          16   1.06391483696543     
          18          17   1.35088055678271     
          19          18   1.45618001193696     
          20          19   1.41020452493212     
          21          20   1.43592526223363     
          22           8  0.952119357694832     
          22          17   1.32284791434347     
          22          21   1.38918420384654     
          23           7   1.34088742964607     
          24           4   1.39294288041239     
          24          23   1.45018403259279     
          25           2  0.761270768461605     
          26          25   1.39260072485963     
          27          26   1.45060701156142     
          28          27   1.34056267478453     
          29          28   1.06385686688983     
          30          29  0.952448774629869     
          31          30   1.38912352917946     
          32          31   1.43598283351174     
          33          32   1.41017886559236     
          34          33   1.45617534876630     
          35          30   1.32275193817510     
          35          34   1.35094577508511     
          36          35   1.06387241116268     
          37          36   1.79860256139450     
          38          37   1.06389204386220     
          39          38   1.35088354818593     
          40          39   1.45616859391566     
          41          40   1.41024272064412     
          42          41   1.43583827260614     
          43          29  0.952052068929875     
          43          38   1.32288068358421     
          43          42   1.38927245268263     
          44          28   1.34275849803161     
          45          25   1.39453277187307     
          45          44   1.44790012843932     
          46           5  0.942627239744587     
          47           6  0.938371391257327     
          48          10  0.945238250087895     
          49          11  0.944357388066950     
          50          12  0.944454647027777     
          51          13  0.944287629906249     
          52          15  0.938647190130384     
          53          16  0.938642106131713     
          54          18  0.944291425099896     
          55          19  0.944451210793485     
          56          20  0.944349104051417     
          57          21  0.945259221067997     
          58          23  0.938499918065126     
          59          24  0.943610963612808     
          60          26  0.943657488714021     
          61          27  0.938549244463368     
          62          31  0.945257048142647     
          63          32  0.944360717571254     
          64          33  0.944459790940269     
          65          34  0.944292378434406     
          66          36  0.938644874012448     
          67          37  0.938647255799842     
          68          39  0.944288692852615     
          69          40  0.944447980706221     
          70          41  0.944346515657397     
          71          42  0.945243119023677     
          72          44  0.938336891563254     
          73          45  0.942600786202449     
