           2           1   1.70964295443424     
           3           2  0.813365191486113     
           4           3   1.41484638164479     
           5           4   1.42088959103389     
           6           5   1.43385550847516     
           7           6   1.42612258639851     
           8           3   1.40653181309444     
           8           7   1.42816709912946     
           9           2  0.807293320133192     
          10           9   1.41018199846893     
          11          10   1.42670547548526     
          12          11   1.42752521698920     
          13          12   1.43403026896499     
          14           9   1.41852648522586     
          14          13   1.41864606874161     
          15           2  0.810069179342883     
          16          15   1.41873707245017     
          17          16   1.40131459059211     
          18          17   1.44995931685014     
          19          18   1.36027596097887     
          20          15   1.36952971732382     
          20          19   1.26110392648580     
          21          20   1.04499822329334     
          22          21   1.03655442736422     
          23          22   1.38416768102252     
          24          23   1.45317487767487     
          25          24   1.34783659339637     
          26          25   1.00069449118928     
          27          26   1.36871835054658     
          28          27   1.44779752879924     
          29          28   1.38444204221387     
          30          29  0.924141987105661     
          31          30  0.924081908729198     
          32          31   1.39181356513760     
          33          32   1.44351458025771     
          34          33   1.37204065484099     
          35          34   1.00373677587332     
          36          35   1.36865669135954     
          37          36   1.44930004349541     
          38          37   1.37897057621290     
          39          38  0.973625266781265     
          40          39   1.05798126980599     
          41          40   1.36832494182618     
          42          41   1.45297256833940     
          43          42   1.39329874950426     
          44          43   1.46097475507714     
          45          40   1.26390407744322     
          45          44   1.35304186338377     
          46          45   1.08883486919490     
          47          46   1.35300345486820     
          48          47   1.46106031785364     
          49          48   1.39320216727388     
          50          49   1.45305239466091     
          51          39   1.05797869803734     
          51          46   1.26390623587728     
          51          50   1.36829313915192     
          52          38   1.37894080329256     
          53          35   1.36858906127692     
          53          52   1.44930705961234     
          54          34   1.36776253428517     
          55          31   1.38406606044274     
          55          54   1.44854909375177     
          56          30  0.925907505737036     
          57          56   1.42939503549524     
          58          57   1.41125262299701     
          59          58   1.43148035227219     
          60          59   1.43169859041027     
          61          56   1.30845009346202     
          61          60   1.37933985645546     
          62          61   1.03703001274667     
          63          62   1.37927860496264     
          64          63   1.43175211773224     
          65          64   1.43141087178327     
          66          65   1.41131270071876     
          67          30  0.925785886647269     
          67          62   1.30853398686314     
          67          66   1.42934660774859     
          68          29   1.39182041783513     
          69          26   1.37263524445864     
          69          68   1.44322912769399     
          70          25   1.39448713913938     
          71          19   1.07051364108864     
          71          22   1.27113834686155     
          71          70   1.36865794272978     
          72           4  0.945317281247067     
          73           5  0.943855472546521     
          74           6  0.944301010865347     
          75           7  0.943754584890716     
          76           8  0.944670931487776     
          77          10  0.945688675149977     
          78          11  0.943876846135965     
          79          12  0.944068629974149     
          80          13  0.943750655178070     
          81          14  0.944629923888389     
          82          16  0.942991043156531     
          83          17  0.940654260995403     
          84          18  0.941124755711697     
          85          23  0.944304484586435     
          86          24  0.944170473419339     
          87          27  0.944655331287962     
          88          28  0.943451434488000     
          89          32  0.943207186284342     
          90          33  0.944676526768907     
          91          36  0.943851607091067     
          92          37  0.944897231933071     
          93          41  0.943889184573553     
          94          42  0.944784980211348     
          95          43  0.945106253700046     
          96          44  0.944712958181186     
          97          47  0.944711278555881     
          98          48  0.945106549687707     
          99          49  0.944780664255170     
         100          50  0.943897711757337     
         101          52  0.944911919960106     
         102          53  0.943848811652795     
         103          54  0.944687366427722     
         104          55  0.943519210914705     
         105          57  0.945193312874566     
         106          58  0.945590055010257     
         107          59  0.945311621246069     
         108          60  0.945423196893810     
         109          63  0.945429481906895     
         110          64  0.945310960858409     
         111          65  0.945574891833011     
         112          66  0.945140945331230     
         113          68  0.943176748606330     
         114          69  0.944672307286569     
         115          70  0.943684577679210     
