           2           1  0.973770911346727     
           3           2  0.951348638477669     
           4           2  0.937275453083080     
           5           4   1.40400362096043     
           6           5   1.42643404765198     
           7           6   1.42887145193849     
           8           7   1.42973658740209     
           9           4   1.34275538135181     
           9           8   1.39046690154132     
          10           9  0.971245150139504     
          11          10   1.06880387426598     
          12          11   1.32901580271168     
          13          12   1.48212907994611     
          14          13   1.33838785052863     
          15          14   1.03231410950728     
          16          15   1.28305355417981     
          17          16   1.06613938297768     
          18          17   2.80416561922386     
          19          16   1.27304070633700     
          20          19   1.01819377603102     
          21          20   1.35647979426191     
          22          21   1.43611813096883     
          23          22   1.42456002198970     
          24          23   1.41385496471480     
          25          20   1.36063094577580     
          25          24   1.44420953069779     
          26          19   1.37278286247406     
          27          26   1.37296931719437     
          28          27   1.01985898265138     
          29          28   1.36218243363254     
          30          29   1.43123126181532     
          31          30   1.42878499366759     
          32          31   1.40921934072704     
          33          28   1.35369320732697     
          33          32   1.44933403943281     
          34          15   1.28197384941059     
          34          27   1.27149768823875     
          35          34   1.06749698218016     
          36          35   2.80138704769962     
          37          14   1.34062577034367     
          38          11   1.33088968249264     
          38          37   1.47978720155386     
          39          10  0.971201524230056     
          40          39   1.39033203589575     
          41          40   1.43018983146580     
          42          41   1.42842658445060     
          43          42   1.42693476754611     
          44           2  0.937455636202255     
          44          39   1.34322118891105     
          44          43   1.40345688468082     
          45           1  0.977437573396903     
          46           1  0.977438369053209     
          47           1  0.978392770268191     
          48           3  0.975357833306178     
          49           3  0.978227544288904     
          50           3  0.978218793497309     
          51           5  0.943015786004798     
          52           6  0.944271864251275     
          53           7  0.943641708336030     
          54           8  0.943863365985593     
          55          12  0.939167321759746     
          56          13  0.941389772456142     
          57          21  0.944813450971832     
          58          22  0.945283659179916     
          59          23  0.948812471797270     
          60          25  0.945965829792518     
          61          29  0.942142786890787     
          62          30  0.945374728199484     
          63          31  0.948774985614831     
          64          33  0.947988376789992     
          65          37  0.941045222093776     
          66          38  0.939479950827458     
          67          40  0.944036443406136     
          68          41  0.943746302628055     
          69          42  0.944274420499404     
          70          43  0.942995904373026     
