           2           1   1.00687367343719     
           3           2  0.993716489948481     
           4           3  0.989827724402241     
           5           4  0.987531594261526     
           6           5  0.988368513068452     
           7           6  0.944980678724911     
           8           7   1.03984498199827     
           9           8   1.80084202471305     
          10           8  0.956111509702862     
          11          10  0.970052268294300     
          12          11   1.37729456762143     
          13          12   1.44780121563667     
          14          13   1.37070671373737     
          15          14   1.00174745947751     
          16          15   1.36535274952137     
          17          16   1.45194158276201     
          18          17   1.37530076139008     
          19          18  0.979252488125918     
          20          19   1.05556729442462     
          21          20   1.36970782441643     
          22          21   1.45071084868402     
          23          22   1.39492429487780     
          24          23   1.45933237715256     
          25          20   1.26453860371341     
          25          24   1.35414548340688     
          26          25   1.08787424860745     
          27          26   1.35353236732784     
          28          27   1.45985180107453     
          29          28   1.39428821614392     
          30          29   1.45165259202327     
          31          19   1.05499365485426     
          31          26   1.26522552381554     
          31          30   1.36933423062962     
          32          18   1.37797969142816     
          33          15   1.37151400349456     
          33          32   1.44776571386096     
          34          14   1.36443812338848     
          35          11   1.36713168912145     
          35          34   1.45565673518107     
          36          10   1.70729950259974     
          37          36  0.970568101556453     
          38          37   1.36767009552120     
          39          38   1.45535450358597     
          40          39   1.36467222781258     
          41          40   1.00198921169401     
          42          41   1.37138314451685     
          43          42   1.44787781743000     
          44          43   1.37790673306275     
          45          44  0.979207425488423     
          46          45   1.05497752307719     
          47          46   1.36936685682224     
          48          47   1.45161422072527     
          49          48   1.39436419904651     
          50          49   1.45978624296945     
          51          46   1.26523289823125     
          51          50   1.35355752469529     
          52          51   1.08782296027269     
          53          52   1.35422019955785     
          54          53   1.45925398810605     
          55          54   1.39498386126708     
          56          55   1.45068280536034     
          57          45   1.05561350178105     
          57          52   1.26448687404696     
          57          56   1.36972582479599     
          58          44   1.37535603399754     
          59          41   1.36530648955792     
          59          58   1.45194815513975     
          60          40   1.37022993950804     
          61          37   1.37635227472246     
          61          60   1.44837391554271     
          62           7   1.03596538762076     
          62          36  0.955936722157368     
          63          62   1.80299114485305     
          64           1  0.978862576537301     
          65           1  0.984384855368415     
          66           1  0.984771400604421     
          67           2  0.967741735401226     
          68           2  0.968536947141233     
          69           3  0.968852205762000     
          70           3  0.964894532580393     
          71           4  0.964716494592955     
          72           4  0.965951916220834     
          73           5  0.966105248364051     
          74           5  0.960988767718388     
          75           6  0.967579255331885     
          76           6  0.963551251670185     
          77          12  0.945369556747953     
          78          13  0.944550631238021     
          79          16  0.943421804233424     
          80          17  0.941543643060976     
          81          21  0.941686931764274     
          82          22  0.944688620357729     
          83          23  0.944879832149722     
          84          24  0.944742609593171     
          85          27  0.944583734436157     
          86          28  0.945113134017224     
          87          29  0.944829477825768     
          88          30  0.943551588711830     
          89          32  0.944685063283697     
          90          33  0.944326738803332     
          91          34  0.943375328008469     
          92          35  0.944469474514519     
          93          38  0.945069821513069     
          94          39  0.943385656253117     
          95          42  0.944301306216839     
          96          43  0.944692524158260     
          97          47  0.943548573086584     
          98          48  0.944822483469646     
          99          49  0.945112843851014     
         100          50  0.944592487406224     
         101          53  0.944750322456219     
         102          54  0.944876987631100     
         103          55  0.944681525421705     
         104          56  0.941681820511535     
         105          58  0.941553109797674     
         106          59  0.943417813878714     
         107          60  0.944521684453974     
         108          61  0.944850158208181     
