 -0.214144436435538     
  0.102814609707945     
  1.194698303981578E-002
 -1.224434309598088E-002
 -1.144520756495293E-002
  3.203325237927235E-002
  6.740325746316866E-002
 -0.211395461090810     
 -5.590801412454383E-003
  1.223250172024581E-002
 -2.674920839335648E-002
 -3.630845640610936E-002
 -3.960758216921434E-003
 -1.283389086312070E-002
 -4.005939135160919E-002
 -4.486499301227465E-002
  5.301109783827007E-002
 -0.125270795078228     
  5.390566874610858E-002
 -4.508295089262582E-002
 -3.416470476573075E-002
 -4.686185089069728E-002
 -3.435367233242648E-002
 -4.530354277787119E-002
  5.425938238265360E-002
 -4.460088986967037E-002
 -3.427745710871033E-002
 -4.709064957461528E-002
 -3.483212364970889E-002
 -4.497789678712660E-002
 -4.374176777015748E-002
 -3.740717224424905E-002
 -4.952912106395768E-002
 -8.612332952672830E-003
  9.563968032142434E-004
 -4.610079237318665E-002
 -3.611807936795941E-003
 -1.399468179313779E-002
 -3.820927930356444E-002
 -4.356374191390344E-002
  5.440101660303842E-002
 -0.124832284059035     
  5.379915048086481E-002
 -4.536137984050637E-002
 -3.424241354220392E-002
 -4.642167017701304E-002
 -3.393643121418410E-002
 -4.475123448909102E-002
  5.393023621334114E-002
 -4.486542876588473E-002
 -3.438529337178231E-002
 -4.649102973019037E-002
 -3.404657335685535E-002
 -4.449096665599317E-002
 -4.389565430522424E-002
 -3.916453769013373E-002
 -3.895203795199365E-002
 -4.892511102754948E-002
  1.529246768990244E-003
  1.414714689906882E-002
 -8.394831033906147E-002
  7.557388138199217E-002
 -1.976028422154030E-002
 -1.326672981646571E-002
  1.398119581260504E-002
  0.101767342927707     
 -0.209786573415351     
 -1.348037381213008E-002
 -1.581777394506911E-002
 -3.268739865227488E-002
 -1.663607711416759E-002
  5.219294530363150E-002
  5.161172567893291E-002
  4.652823175161513E-002
  4.186216762359707E-002
  4.259260653497288E-002
  4.026443442468752E-002
  3.798195906621227E-002
  4.159226119858828E-002
  3.837362777759890E-002
  4.148439029287743E-002
  3.781953716612918E-002
  3.813772613228628E-002
  4.159945241232044E-002
  3.810173969437813E-002
  4.150602435603168E-002
  3.801781364864487E-002
  4.070061656580193E-002
  4.286348532558948E-002
  4.401661170626525E-002
  4.709323721288672E-002
  4.219740962902530E-002
  4.092567392185809E-002
  3.760500766912489E-002
  4.154060583602981E-002
  3.852826892240546E-002
  4.169679414340477E-002
  3.802368220307584E-002
  3.795971202363013E-002
  4.180780249399885E-002
  3.828273689950668E-002
  4.170202107808063E-002
  3.807801260329169E-002
  4.078938193761961E-002
  4.298844049188577E-002
  4.208736646206090E-002
  4.252284535430773E-002
  4.690593402378251E-002
  5.536485653043122E-002
  5.539769123227223E-002
  4.825739762644887E-002
  4.579751968793122E-002
  5.083762460429697E-002
