           2           1   2.78685790709198     
           3           2   1.06603995265686     
           4           3   1.06576428343391     
           5           4   2.78725747628539     
           6           3   1.47999389990581     
           7           6   1.05717282327815     
           8           7   1.33096683947384     
           9           8   1.48094114787554     
          10           9   1.33865286971867     
          11          10   1.04311956038815     
          12          11  0.983554142755755     
          13          12   1.37548100792716     
          14          13   1.44114230443854     
          15          14   1.42532259904433     
          16          15   1.42574052985453     
          17          12   1.37733318434260     
          17          16   1.44096279489592     
          18          11  0.982249446921974     
          19          18   1.37767035249367     
          20          19   1.44076290459117     
          21          20   1.42587700700171     
          22          21   1.42533201717320     
          23          18   1.37565174802201     
          23          22   1.44113440269379     
          24          10   1.33762529916269     
          25           7   1.32881920034752     
          25          24   1.48298383908797     
          26           6   1.05451534799816     
          27          26   1.33208614979351     
          28          27   1.48020925004531     
          29          28   1.33907903424203     
          30          29   1.04300410669118     
          31          30  0.983743772375986     
          32          31   1.37543926734616     
          33          32   1.44111888945698     
          34          33   1.42533432570354     
          35          34   1.42570780153919     
          36          31   1.37726981815931     
          36          35   1.44102077354236     
          37          30  0.981893009412919     
          38          37   1.37785293216237     
          39          38   1.44067476707222     
          40          39   1.42593997469462     
          41          40   1.42534363518869     
          42          37   1.37577745923653     
          42          41   1.44108494708690     
          43          29   1.33795904731258     
          44          26   1.33004954704909     
          44          43   1.48228322301232     
          45           8  0.939311764164056     
          46           9  0.942435260142314     
          47          13  0.946556817755364     
          48          14  0.945238965389941     
          49          15  0.946413181031433     
          50          16  0.945221837313085     
          51          17  0.946444692405207     
          52          19  0.946578288094316     
          53          20  0.945266641206564     
          54          21  0.946400003679457     
          55          22  0.945019710153534     
          56          23  0.946301667955994     
          57          24  0.942672088719574     
          58          25  0.942512860190875     
          59          27  0.939510154914708     
          60          28  0.942398929702904     
          61          32  0.946542196368497     
          62          33  0.945240345770166     
          63          34  0.946415157749854     
          64          35  0.945225805991388     
          65          36  0.946448495637074     
          66          38  0.946588754138308     
          67          39  0.945267733482939     
          68          40  0.946400905824574     
          69          41  0.945020261148690     
          70          42  0.946328701487642     
          71          43  0.942675329863678     
          72          44  0.942652386883433     
