 -3.688387115778902E-002
 -2.937621173157901E-002
 -3.413293241053506E-002
  6.197485844882067E-002
 -9.160387483355148E-002
  3.486666360215729E-002
 -4.566602867942482E-002
 -4.002266386834741E-002
 -4.961590747493716E-002
 -4.508430311785538E-002
 -2.867754529905220E-002
 -3.394292862195503E-002
  3.454906006620684E-002
 -5.205217787512861E-002
 -3.690484883702361E-002
 -3.979113112270660E-002
 -2.469931376287082E-002
 -3.806697646406398E-002
 -4.709478940361311E-002
 -4.163622198254657E-002
 -4.560781661000668E-002
  3.189617364657593E-002
 -9.218349798642755E-002
  6.413511344312139E-002
 -2.355041151062842E-002
 -3.756344571537529E-002
  2.509942220793793E-002
  0.103998966472826     
 -0.171180040439864     
 -0.172012440786036     
  0.103927118143861     
  2.499920887972928E-002
 -1.426222896443363E-002
 -1.912687779720379E-002
  6.420366495922813E-002
 -9.147363802274011E-002
  3.232509331413791E-002
 -4.410601313189844E-002
 -4.048841287602922E-002
 -4.701408696520293E-002
 -3.846342725127982E-002
 -2.556243156013860E-002
 -3.935349896692486E-002
 -3.644818556300766E-002
 -5.240674696740033E-002
  3.385380482669875E-002
 -3.470196790614555E-002
 -2.895683318263576E-002
 -4.549373321301875E-002
 -5.121106425723809E-002
 -4.155085104798051E-002
 -4.618038209852404E-002
  3.441478811639964E-002
 -9.230899370389345E-002
  6.162710969010288E-002
 -3.366803016200581E-002
 -2.900834435215582E-002
 -3.651307263190429E-002
 -2.944031897912680E-002
 -3.453382056525989E-002
  3.439316024828853E-002
 -2.166910773302355E-002
 -3.617695234681673E-002
 -9.419189035388786E-002
 -1.286608738097872E-002
 -1.724313870848082E-002
  3.476054357296210E-002
 -3.410603371458887E-002
 -2.947764994775781E-002
  4.004249352722355E-002
  4.296140237087143E-002
  3.978490395457013E-002
  4.043714366060791E-002
  4.320387771730205E-002
  4.055033491517201E-002
  4.435507228815949E-002
  4.623295740316014E-002
  5.155139543118603E-002
  4.184631599190136E-002
  4.065275251514722E-002
  4.298264775249427E-002
  3.985007029177512E-002
  4.528398182380500E-002
  4.686675665305995E-002
  5.790952919129810E-002
  4.758337038403349E-002
  4.122625121599299E-002
  4.354240533516451E-002
  4.065626933439048E-002
  4.158484078365543E-002
  5.181148165595062E-002
  4.623095381062969E-002
  4.586533010966554E-002
  4.065292303163548E-002
  4.302828991823693E-002
  4.047983643097908E-002
  4.032082399475434E-002
  4.323127413851613E-002
  4.022235048263401E-002
  4.295727912276570E-002
  3.942553918938374E-002
  4.557389854972238E-002
  4.673451582919674E-002
  5.781904394385073E-002
  4.784710732016961E-002
  4.005773552267622E-002
  4.296529481210842E-002
