 -3.919160183997139E-002
 -3.524290013558051E-002
 -4.041815242800961E-002
 -5.248338842003264E-004
 -1.716889349073281E-002
 -4.374754271753289E-002
 -4.571414095970905E-002
  3.392505778403088E-002
 -9.687028981942447E-002
  3.289715751824307E-002
 -1.158964438940924E-002
 -1.266284942361118E-002
 -5.310046158763004E-002
 -3.553738320912991E-002
 -3.137813754441332E-002
  2.826228408560594E-002
 -0.101863585770939     
  3.174579323770965E-002
 -4.774037763789973E-002
 -3.940230638991160E-002
 -5.070794812715462E-002
 -3.687560847803706E-002
 -3.187058568755319E-002
 -2.118342111658755E-002
 -1.520101084260972E-002
 -5.768645649831061E-002
 -1.776005032910355E-002
 -1.434879382874676E-003
 -4.356103597624372E-002
 -3.509343132175058E-002
 -3.786609300753430E-002
 -3.433304109239543E-002
 -4.089319391064272E-002
 -3.882716540777320E-002
 -2.376399722186306E-002
  3.284675899692013E-002
 -9.669383777363993E-002
  3.427305599308816E-002
 -4.507937926757410E-002
 -4.345282127763461E-002
 -1.733974622692447E-002
 -3.090609662539379E-004
 -4.087050317337226E-002
 -3.539622311954993E-002
 -3.904355164383677E-002
 -3.576370538532192E-002
 -4.166066721836614E-002
 -3.960188508117302E-002
 -2.737851780196454E-002
 -5.363507764699893E-002
 -1.667687930790596E-002
 -7.830395119032829E-004
 -4.233924016069501E-002
 -3.517176296200208E-002
 -3.841875680943918E-002
 -3.506114914196168E-002
 -4.182733948239115E-002
 -3.871811176296269E-002
 -2.397481538599866E-002
 -2.714838599711999E-002
 -3.937263784831835E-002
 -4.195451947946882E-002
 -3.599150296004971E-002
  3.720693251777052E-002
  3.836653191107808E-002
  3.788874650466367E-002
  4.328599498992070E-002
  4.063398490373382E-002
  0.147900691454114     
  4.342575301324603E-002
  4.681560260406725E-002
  0.146960091893589     
  3.723782307134949E-002
  4.313926815345503E-002
  3.991768041631150E-002
  4.132731898321917E-002
  4.357475910615050E-002
  3.534007243765147E-002
  3.845716074806882E-002
  3.785037169582839E-002
  3.872837713089949E-002
  3.918547018301877E-002
  4.556204825302912E-002
  0.148159357346199     
  4.091037323988189E-002
  4.333118113904200E-002
  3.692711273048477E-002
  3.818769628950547E-002
  3.735074759254065E-002
  3.802299571654888E-002
  3.616823584413353E-002
  4.226797494141366E-002
  4.323465755643485E-002
  3.648809029612754E-002
  3.840194726541712E-002
  3.774679877445275E-002
  3.843405988380988E-002
  3.852851724761730E-002
  4.544927016208589E-002
  4.232804045261973E-002
  3.624815912582702E-002
  3.793413383048228E-002
