 -8.830790229791230E-002
  2.332972453460336E-002
 -8.996337057184345E-002
 -2.190371623693910E-002
 -3.858860959961685E-002
 -3.828097827978105E-002
 -3.660936614720800E-002
 -3.741838497687411E-002
 -1.089511700470691E-002
 -2.024141520080214E-002
 -3.326888165390418E-002
 -2.272831469193459E-002
 -2.115853501369092E-002
 -3.352132880594727E-002
 -4.459383398069061E-002
 -3.782357395559011E-002
 -4.410733865269201E-002
  3.568463058017990E-002
 -9.318943861372020E-002
  7.165273456043275E-002
 -1.767360634969783E-002
 -1.281247715156653E-002
  3.158793699387008E-002
  0.111462344313367     
 -0.216236981163383     
  0.111863194798269     
  2.604272793822915E-002
 -2.540579552855338E-002
 -2.412801264396069E-002
 -3.015275722951216E-002
 -2.480935503781634E-002
 -2.560718271857887E-002
 -0.212767032870198     
  0.111304131358867     
  2.632684772360916E-002
 -2.660171398834876E-002
 -2.498028205789904E-002
 -3.044136778814099E-002
 -2.436746269879908E-002
 -2.497430061009442E-002
 -0.218314610892364     
 -1.222893236477507E-002
  1.781533552769199E-002
  0.100742989545617     
 -0.209369586718431     
  3.813120554174043E-002
 -4.108121351647132E-002
 -1.905267806316857E-002
  3.910066806239343E-002
  3.529244194233816E-002
  3.435674411443812E-002
  3.430341673312209E-002
  3.514348603807904E-002
  3.641836993961867E-002
  3.807438089134507E-002
  3.933087456149009E-002
  3.997467685470923E-002
  3.857682719197120E-002
  4.631720170077824E-002
  4.361180233796547E-002
  4.126989016488725E-002
  4.413028254288509E-002
  4.010616126621225E-002
  4.889498736506459E-002
  5.818103232359273E-002
  4.559035197872674E-002
  4.133896819652338E-002
  4.205994879424879E-002
  4.079301483042030E-002
  4.576508188083728E-002
  4.491118178892028E-002
  4.069040491109388E-002
  4.203037340113880E-002
  4.101945923322070E-002
  4.616115113992614E-002
  6.152441968602429E-002
  4.269405178714836E-002
