 -3.751954687256642E-002
 -5.159823638371108E-002
 -4.017278377086875E-002
 -1.506341456711446E-002
  4.871446370282850E-002
 -5.854069354630553E-002
 -0.126194425598822     
  4.871297580209388E-002
 -5.854119562549087E-002
 -3.752046022849065E-002
 -5.159885218506766E-002
 -4.017556675299172E-002
 -1.506515154771648E-002
  1.248913701161536E-002
 -1.604537116607752E-002
 -3.503433502187647E-002
 -3.597440574028443E-002
 -3.668943440750283E-002
 -3.701800433632574E-002
 -1.504585139528469E-002
 -1.540911530691336E-002
 -3.703265095614405E-002
 -3.674884585978866E-002
 -3.592896996685546E-002
 -3.505935553126438E-002
 -1.701121409394535E-002
  4.242741911240977E-002
  3.971705045020801E-002
  4.285013954535211E-002
  3.438856091524689E-002
  0.138513265485602     
  3.438824599080359E-002
  4.242668116108950E-002
  3.971691345065831E-002
  4.285242856023996E-002
  3.972995941350732E-002
  4.021755086940060E-002
  4.016514670654214E-002
  3.896940147511729E-002
  3.877412469506281E-002
  4.007877687554173E-002
  4.009028791885694E-002
  3.976535171920403E-002
