           2           1   1.41688254329789     
           3           2   1.42838893204105     
           4           3   1.40949362717965     
           5           4   1.32542761050851     
           6           1   1.44897270799869     
           6           5   1.35513080352189     
           7           5   1.06108579341124     
           8           7   1.06108392624038     
           9           8   1.35512813576554     
          10           9   1.44897394434284     
          11          10   1.41688069286939     
          12          11   1.42839208301598     
          13           8   1.32543173158061     
          13          12   1.40949014669771     
          14           4  0.931305742334510     
          14          13  0.931287632650333     
          15          14  0.923204778315475     
          16          15   1.43306745541441     
          17          16   1.40951738401769     
          18          17   1.43299156549327     
          19          18   1.43018505012203     
          20          15   1.30685599159516     
          20          19   1.38089402107778     
          21          20   1.03561812498181     
          22          21   1.38066386092753     
          23          22   1.43032549056889     
          24          23   1.43281558500133     
          25          24   1.40968168618742     
          26          14  0.919883602108696     
          26          21   1.30734103842275     
          26          25   1.43273760631404     
          27           1  0.944251592149960     
          28           2  0.944887814516797     
          29           3  0.944220522696835     
          30           6  0.945033156724054     
          31           7  0.950516158108361     
          32           9  0.945033144165064     
          33          10  0.944251593797307     
          34          11  0.944887597267962     
          35          12  0.944218078808544     
          36          16  0.946258131458439     
          37          17  0.945690730657217     
          38          18  0.945514517963443     
          39          19  0.945504393421356     
          40          22  0.945485614462288     
          41          23  0.945527718833313     
          42          24  0.945676694440293     
          43          25  0.946260424775927     
