 -0.104174507833553     
  1.940561859778445E-002
  9.300392713283223E-002
 -9.533327757448440E-002
  4.621432944860437E-002
  1.946616917824162E-003
  8.982085667345485E-002
 -0.113267022687286     
  9.845168635740498E-002
 -0.105611712897106     
  0.111147553496770     
 -9.324874677607742E-002
  0.102738889912421     
 -0.101101556521147     
  0.100427743592117     
 -9.805992404246133E-002
  1.679374084682550E-003
  9.834090221241487E-002
 -0.108675581131084     
  0.102031469386632     
 -0.102750234306206     
  0.113127589184030     
 -9.133716088897703E-002
  0.100779313845272     
 -0.104392272467039     
  8.843274609647356E-002
 -0.116740047535319     
 -2.507667867115781E-002
  1.591892852397692E-003
  8.435280594085404E-002
 -0.120356752231658     
  9.881249597632769E-002
 -0.105958469993586     
  0.113991271303098     
 -9.051915753267981E-002
  0.103665459788581     
 -0.101233991715199     
  0.103346123008901     
 -0.103318650522451     
  1.877595014661004E-003
  9.227373593697807E-002
 -0.112336141106461     
  9.970590743140573E-002
 -0.105023353996950     
  0.111975522246909     
 -9.309655332735201E-002
  0.105624604275453     
 -0.100938980549970     
  0.100917890392283     
 -0.101705514165992     
  0.144591026014360     
 -5.163177906353766E-002
  0.109459068049104     
 -9.196276088646638E-002
  0.103267451424281     
 -0.102788844830289     
  0.112767301826801     
 -9.221682062993963E-002
  0.101529424079374     
 -0.105835333786162     
  9.583521710984488E-002
 -0.114441581939758     
