           2           1   1.43876429578915     
           3           2   1.36709520943815     
           4           3   1.01504467952450     
           5           4   1.36376967340177     
           6           5   1.42732106737907     
           7           6   1.43115410490804     
           8           7   1.35940324323629     
           9           8   1.02249591382326     
          10           9   1.35797907170538     
          11          10   1.44643635517753     
          12          11   1.42522724726590     
          13          12   1.37965106514362     
          14          13  0.973367759867921     
          15          14   1.05690719449997     
          16          15   1.36905814953872     
          17          16   1.45242519600580     
          18          17   1.39376911889450     
          19          18   1.46076700344728     
          20          15   1.26429994560567     
          20          19   1.35332770357623     
          21          20   1.08841376845085     
          22          21   1.35342334155736     
          23          22   1.46065197875536     
          24          23   1.39372307036798     
          25          24   1.45252928816742     
          26          14   1.05748178345869     
          26          21   1.26424035089551     
          26          25   1.36869354112009     
          27           9   1.37312712212063     
          27          13   1.39699080981985     
          28           4   1.36791067020227     
          28           8   1.36581666888815     
          29           3   1.37107661770287     
          30          29   1.39727222413570     
          31          30  0.978748756665707     
          32          31   1.05422870597237     
          33          32   1.36863979553919     
          34          33   1.45263904160318     
          35          34   1.39344810282194     
          36          35   1.46116622855545     
          37          32   1.26635681729555     
          37          36   1.35266221973360     
          38          37   1.08797788237508     
          39          38   1.35422239944676     
          40          39   1.45989033102798     
          41          40   1.39449484695310     
          42          41   1.45161972845422     
          43          31   1.05726197313651     
          43          38   1.26400554123812     
          43          42   1.36956823715824     
          44           1   1.43175293820231     
          44          30   1.37413260098018     
          45           1  0.943131492862612     
          46           2  0.945017463138550     
          47           5  0.945877728917331     
          48           6  0.943475083961301     
          49           7  0.945293781236959     
          50          10  0.943163027987590     
          51          11  0.942930652305696     
          52          12  0.945675286532924     
          53          16  0.943706659476682     
          54          17  0.944768308144395     
          55          18  0.945096036262558     
          56          19  0.944713571123655     
          57          22  0.944714829691236     
          58          23  0.945106454574781     
          59          24  0.944803098782138     
          60          25  0.943522379323554     
          61          27  0.944285433858475     
          62          29  0.943264750038503     
          63          33  0.942190297727216     
          64          34  0.944678644790961     
          65          35  0.945133020304607     
          66          36  0.944781955830893     
          67          39  0.944707477979549     
          68          40  0.945116946533566     
          69          41  0.944817006227512     
          70          42  0.943547499183755     
          71          44  0.945396681480365     
