  9.226915102008348E-003
 -0.147061282186860     
  7.964740473010723E-002
 -4.225962011298456E-002
 -4.097463504965759E-002
 -6.485426670188588E-003
 -2.906146905429452E-002
 -7.035552380023891E-002
 -2.774313091947178E-002
  2.103770716267750E-002
 -1.256253177120570E-002
 -1.360772744421190E-002
  2.937623331054118E-002
  0.281003569693450     
 -0.132998800543946     
 -0.135696921827779     
 -0.147997116334642     
 -1.950225777485493E-002
 -2.748727430600528E-002
 -5.733029843296045E-003
  7.909500673851255E-002
 -0.240267732075849     
 -4.424758979570065E-003
 -2.891980315671283E-002
 -5.257130684396483E-002
 -4.401683556244773E-002
 -5.024692048734813E-002
  2.182965345152255E-002
 -9.531962525564275E-002
  9.624350642751622E-002
 -4.061179797276360E-002
 -5.029394055131053E-002
  4.553937501996941E-002
  4.266433966525751E-002
  4.264855923007149E-002
  4.002006806034808E-002
  4.401649328381108E-002
  5.229878686163691E-002
  4.742720458105909E-002
  4.677363645678456E-002
  4.531358632743754E-002
  4.184617139445890E-002
  4.387853530533237E-002
  4.073392086387362E-002
  4.214344766750389E-002
  3.686525906466120E-002
  0.153664479711887     
  4.252392051252174E-002
  4.038168790222008E-002
