 -8.565816354657230E-002
 -2.726170270445749E-003
 -5.340412853740428E-002
 -1.285817225803942E-002
  4.008747482992625E-003
 -4.125257333160004E-002
 -2.890719644140471E-002
 -3.672795038892041E-002
  6.136571437730787E-002
 -9.478289509631743E-002
  3.520095374209742E-002
 -4.507361878711613E-002
 -4.088689308823401E-002
 -4.942392799180073E-002
 -3.672045342402530E-002
 -2.886742808191567E-002
 -2.912262566318891E-002
 -3.673910287387461E-002
 -4.910705213839517E-002
 -3.996557977647441E-002
 -4.474795195104520E-002
  3.511955668876610E-002
 -4.133262119360470E-002
 -2.155815910762193E-003
 -8.546480611105789E-002
 -5.345773848807056E-002
 -1.477496301877856E-002
  4.490212979853414E-003
 -3.846245359649636E-002
 -2.519965805375968E-002
 -2.426730491623097E-002
  2.591011889498507E-002
  6.636837888579494E-002
 -0.223206769568584     
 -1.058872732813398E-002
  1.349608649854117E-002
 -2.832035072844263E-002
 -3.572377803937332E-002
 -4.112135498227953E-002
 -4.438517400282915E-002
 -1.233309074350331E-002
 -3.392930925738114E-003
 -4.052369189030003E-002
 -4.099782487960724E-002
 -3.757236060696822E-002
 -4.886603968667025E-002
  4.726303021001410E-003
  1.038158097053676E-002
 -8.202567419860607E-002
  6.932974185278074E-002
 -2.872358215229642E-002
 -2.530791769877361E-002
 -3.148280092649447E-002
 -2.609688473583827E-002
 -2.658470137701752E-002
 -4.881102580023633E-002
  4.274104282111457E-002
  4.224635387582287E-002
  3.999275876690245E-002
  3.810220374962692E-002
  4.095462214810142E-002
  4.583233727457992E-002
  4.176777301224410E-002
  4.051120408686615E-002
  4.259458181083231E-002
  3.994258824125818E-002
  4.206942289404281E-002
  4.197057351005296E-002
  4.007223220839473E-002
  4.310552863948380E-002
  4.025340058774818E-002
  3.923896717065067E-002
  4.277692157519120E-002
  4.219080928246421E-002
  3.994612102455930E-002
  3.839437418380087E-002
  4.143070248857594E-002
  4.460388655912328E-002
  4.762664076944090E-002
  4.397564542939558E-002
  4.038650100472796E-002
  3.898407503729517E-002
  4.146206862197210E-002
  4.426877461452927E-002
  4.003896377622906E-002
  4.032116596802782E-002
  4.175245815655493E-002
  4.155341957226955E-002
  4.491392072479827E-002
  4.207175859303736E-002
  4.473132896838294E-002
  4.194294454344283E-002
  4.298645812100932E-002
