           2           1   2.82069690734996     
           3           2   1.06029762617413     
           4           3   1.33774712701393     
           5           4   1.45662890346445     
           6           5   1.37222785581665     
           7           6  0.971306312195800     
           8           7   1.31075958696168     
           9           8   1.21586213881908     
          10           9   1.59663939881534     
          11          10   1.26541828819081     
          12          11   1.59620134890528     
          13           8   1.17499438653945     
          13          12   1.21652289100812     
          14          13   1.30915972704858     
          15          14  0.975464576321271     
          16          15   1.36800327634759     
          17          16   1.45987284711680     
          18          17   1.34321444113801     
          19          18   1.06894186946215     
          20          19   1.57851580070805     
          21          20   1.15112261996883     
          22          21   1.13457036351925     
          23          22   1.31095329778110     
          24          23   1.49814521708193     
          25          24   1.35871147583429     
          26          25   1.49577474193336     
          27          22   1.26193364002864     
          27          26   1.31967583341659     
          28          27   1.11092095741653     
          29          28   1.32313592599770     
          30          29   1.49391525908582     
          31          30   1.35561461913314     
          32          31   1.50322921520493     
          33          28   1.25000350288298     
          33          32   1.29906002292834     
          34          21   1.40439184956160     
          34          33   1.16508336784338     
          35          19   1.07616293048508     
          35          34   1.06188537793400     
          36          18   1.33794726294528     
          37          15   1.36485067445819     
          37          36   1.46328383333046     
          38          14   1.30911672821442     
          39          38   1.21652764778673     
          40          39   1.59618379860161     
          41          40   1.26544846565533     
          42          41   1.59659995945235     
          43           7   1.31069522861192     
          43          38   1.17501397749034     
          43          42   1.21590231947196     
          44           6   1.37222194693143     
          45           3   1.33765705756642     
          45          44   1.45666257703431     
          46           4  0.944618216917555     
          47           5  0.944874381213938     
          48           9  0.941281336843014     
          49          10  0.945369503214204     
          50          11  0.945399810286056     
          51          12  0.940853272039041     
          52          16  0.945003107816894     
          53          17  0.945113472646044     
          54          23  0.944920779235105     
          55          24  0.945426535544342     
          56          25  0.945729705309446     
          57          26  0.942464085921669     
          58          29  0.942002043712211     
          59          30  0.945786390750893     
          60          31  0.945346288168196     
          61          32  0.945647187167804     
          62          36  0.944052244175101     
          63          37  0.944643134674998     
          64          39  0.940778732427947     
          65          40  0.945374775346313     
          66          41  0.945366248429662     
          67          42  0.941277077356945     
          68          44  0.944887206153886     
          69          45  0.944623839512606     
