           2           1   1.32118182128515     
           3           2   1.46687729006337     
           4           3   1.19230951970796     
           5           4   1.19231149308462     
           6           5   1.46687529497260     
           7           6   1.32118238316633     
           8           7   1.54456454140508     
           9           4   1.25985874052989     
           9           8   1.24338220740300     
          10           1   1.54456384809058     
          10           9   1.24338420690179     
          11           5   1.05215548634333     
          12          11   1.45805715287864     
          13          12   1.27775570034738     
          14          13   1.11043311789595     
          15          14   1.31329986155418     
          16          15   1.47945651863299     
          17          16   1.36520340470302     
          18          17   1.47934318644318     
          19          14   1.26872301296687     
          19          18   1.32024003210508     
          20          19   1.10708874320345     
          21          20   1.32024548292625     
          22          21   1.47933693001844     
          23          22   1.36520888524290     
          24          23   1.47945322533851     
          25          20   1.26871938147022     
          25          24   1.31330184741692     
          26          13   1.27662496744775     
          26          25   1.11043303803278     
          27          26   1.27775450116481     
          28           3   1.05215392387670     
          28          11   1.15634562327422     
          28          27   1.45805783105150     
          29           1  0.944508541478390     
          30           2  0.945060626780855     
          31           6  0.945060944069637     
          32           7  0.944508570714173     
          33           8  0.944694317979321     
          34          10  0.944694025734660     
          35          15  0.942609323779005     
          36          16  0.945211161554807     
          37          17  0.947612657433960     
          38          22  0.947612874760227     
          39          23  0.945210819356504     
          40          24  0.942609686190683     
