 -8.415619250460704E-002
  2.628735108394364E-002
 -9.039828031950403E-002
  2.948982196785188E-002
 -4.885893262991736E-002
 -4.179977722144379E-002
 -5.143974574906807E-002
 -3.675827215810834E-002
 -2.910137600662033E-002
 -2.863092451540883E-002
 -3.929840928720196E-002
 -1.460427399362185E-002
 -1.119567754506523E-002
 -1.113966631963770E-002
  1.578416691914164E-004
 -4.018912964421961E-002
 -3.500600215620242E-002
 -3.628349738578596E-002
 -3.404581842842891E-002
 -3.957212004563271E-002
  2.002923846907478E-003
 -3.813323822762893E-002
 -3.449661010586347E-002
 -3.730585878318315E-002
 -3.496797116307171E-002
 -3.950057788539052E-002
  7.959208389689998E-003
 -3.365738999832146E-002
 -3.426226128373777E-002
 -3.837766851859215E-003
  2.397852962414104E-002
 -1.520106175096547E-002
  3.911884790529285E-003
  3.342145119564321E-003
  8.668256039014111E-003
 -4.742674378543477E-003
  0.410914835783397     
 -0.345827152205469     
 -0.308925320385987     
  8.903506590482557E-003
  4.374788609112557E-003
 -5.982423232286926E-003
 -6.098298637536637E-003
  4.218586786151501E-003
  9.110086325253341E-003
  0.412249258035721     
 -0.345834941282686     
 -0.308548141432620     
 -3.466865789301021E-002
 -3.478708665653230E-002
 -4.660378878672233E-002
 -4.793545716219239E-002
  2.934039986246084E-002
  3.135359337937027E-002
  3.992544182673174E-002
  3.170377751606246E-002
  4.860152012259666E-002
  4.790269137143244E-002
  3.836332743768855E-002
  4.228915862447646E-002
  3.954644076587110E-002
  4.235295946274820E-002
  4.481752416566631E-002
  3.683078974740162E-002
  3.841804378705072E-002
  3.851673429960611E-002
  3.942686874777557E-002
  3.789179730924497E-002
  3.750186275700218E-002
  3.846366780011101E-002
  3.762408607168455E-002
  3.824909623431239E-002
  3.692864623586745E-002
  4.296572010066091E-002
  4.120614745189899E-002
  5.547848517733889E-002
  6.275940359828425E-002
  6.112152767279144E-002
  6.066779630964325E-002
  5.550415169900536E-002
  5.550790079748413E-002
  6.049394410988462E-002
  4.052615607352694E-002
  4.215602222374415E-002
  4.299909888231568E-002
  4.079096773130364E-002
