           2           1  0.991155723397258     
           3           2  0.982667343723621     
           4           3   1.40019645114608     
           5           4   1.42883750753899     
           6           5   1.42927896979621     
           7           6   1.42700736177711     
           8           3   1.36250124182264     
           8           7   1.41181329366681     
           9           8  0.925880802415193     
          10           9  0.902702805962221     
          11          10   1.41196511422606     
          12          11   1.42982308786877     
          13          12   1.42696170212548     
          14          13   1.43189657584885     
          15          10   1.36782412918515     
          15          14   1.39633796975982     
          16          15  0.982320306250699     
          17          16  0.991082142734115     
          18           9  0.924121668894249     
          19          18   1.42026252061228     
          20          19   1.41909334637149     
          21          20   1.43589909664815     
          22          21   1.41912930603881     
          23          18   1.36639119548740     
          23          22   1.42008514589171     
          24          23  0.921166100222881     
          25          24  0.925337578435988     
          26          25   1.40566799308869     
          27          26   1.43249426273224     
          28          27   1.42376805240328     
          29          28   1.43532018451224     
          30          25   1.36918374601546     
          30          29   1.39475118904933     
          31          30  0.981165782937348     
          32          31  0.992082652566939     
          33          24  0.904675967444648     
          34          33   1.40928651880279     
          35          34   1.42951825009942     
          36          35   1.42599806447688     
          37          36   1.43336895933216     
          38          33   1.37034881694470     
          38          37   1.39456544055730     
          39          38  0.982172261113069     
          40          39  0.991109970164899     
          41           1  0.979423411106343     
          42           1  0.980082429446055     
          43           1  0.984425911860670     
          44           2  0.966249206692960     
          45           2  0.958475181646975     
          46           4  0.944768793840551     
          47           5  0.945544036035271     
          48           6  0.945105449341001     
          49           7  0.940684120013495     
          50          11  0.941428897627199     
          51          12  0.944959162868571     
          52          13  0.945455879399926     
          53          14  0.944658079259320     
          54          16  0.957932033281933     
          55          16  0.966233194233497     
          56          17  0.984171820855932     
          57          17  0.980020616809773     
          58          17  0.982215536396997     
          59          19  0.942113049638052     
          60          20  0.945277711776064     
          61          21  0.945271569842313     
          62          22  0.942009411635031     
          63          26  0.940251098856134     
          64          27  0.945127393379132     
          65          28  0.945587149764280     
          66          29  0.945136660582178     
          67          31  0.963156720320047     
          68          31  0.957205410419284     
          69          32  0.983635101291337     
          70          32  0.980953846650152     
          71          32  0.980557211042317     
          72          34  0.940998424798704     
          73          35  0.944988782629725     
          74          36  0.945455733031984     
          75          37  0.944771386204887     
          76          39  0.965887038398128     
          77          39  0.958000844622538     
          78          40  0.984160208931555     
          79          40  0.982371624430633     
          80          40  0.980085336896017     
