           2           1  0.976766657920965     
           3           2  0.966017917348494     
           4           2  0.966455713743613     
           5           2  0.937706811419603     
           6           5   1.35518936108605     
           7           6   1.45741158048989     
           8           7   1.36715185920360     
           9           8   1.26948019347711     
          10           5   1.42656843172470     
          10           9   1.35393573055262     
          11           9   1.08143128449054     
          12          11   1.35385278097758     
          13          12   1.42657934895094     
          14          13  0.937796876532208     
          15          14  0.966046878137361     
          16          14  0.976740501663366     
          17          14  0.966420069142188     
          18          13   1.35503662376614     
          19          18   1.45765870414835     
          20          11   1.26960252522794     
          20          19   1.36677018320082     
          21           8   1.04624891959603     
          21          20   1.04668621974779     
          22          21  0.985877514388707     
          23          22   1.38624992766478     
          24          23   1.36582743261254     
          25          24  0.971707261612424     
          26          25   1.84890214762735     
          27          25  0.954606538131807     
          28          27   1.36062380070710     
          29          28   1.42211624537766     
          30          29   1.42393376052142     
          31          30   1.42325139658538     
          32          27   1.36508335057770     
          32          31   1.42011798403012     
          33          24   1.36386316268318     
          34          33   1.38669730445954     
          35          34  0.986026334580893     
          36          35   1.04755731534643     
          37          36   1.36695944225924     
          38          37   1.45733591631872     
          39          38   1.35535613528400     
          40          39  0.937713171177768     
          41          40  0.976784087344916     
          42          40  0.966010409980769     
          43          40  0.966446117630374     
          44          39   1.42621125855379     
          45          36   1.26888275704121     
          45          44   1.35434644043998     
          46          45   1.08142457865076     
          47          46   1.35347235133612     
          48          47   1.42706376320633     
          49          48  0.937752462857513     
          50          49  0.976732115697892     
          51          49  0.966090980443081     
          52          49  0.966407596418077     
          53          48   1.35463348575063     
          54          53   1.45806259391228     
          55          35   1.04632062082826     
          55          46   1.27005384504039     
          55          54   1.36664935549237     
          56          22   1.37954661892135     
          56          34   1.37814207956166     
          57           1  0.978304032669005     
          58           1  0.977651646836446     
          59           1  0.977504217462711     
          60           3  0.976104166138457     
          61           3  0.978176224639565     
          62           3  0.977929455720319     
          63           4  0.975999467989704     
          64           4  0.977912423265434     
          65           4  0.978206703336223     
          66           6  0.941692061949015     
          67           7  0.941308656588535     
          68          10  0.942125231850310     
          69          12  0.942157466754790     
          70          15  0.978199571138006     
          71          15  0.977936201106905     
          72          15  0.976084258282945     
          73          16  0.977649219291012     
          74          16  0.978319867880591     
          75          16  0.977537544380704     
          76          17  0.975966786064094     
          77          17  0.977919472780968     
          78          17  0.978203110471174     
          79          18  0.941553881535859     
          80          19  0.940335058251037     
          81          23  0.941490223383296     
          82          28  0.946902668860716     
          83          30  0.949578244043073     
          84          32  0.945194815197226     
          85          33  0.943067460125775     
          86          37  0.941455702999034     
          87          38  0.941732946272632     
          88          41  0.978304525722951     
          89          41  0.977648299314658     
          90          41  0.977498438297414     
          91          42  0.976102553496237     
          92          42  0.978167418547960     
          93          42  0.977926676635361     
          94          43  0.977914528612284     
          95          43  0.976010417477984     
          96          43  0.978201798317086     
          97          44  0.942143031357479     
          98          47  0.942166260832474     
          99          50  0.977626831713429     
         100          50  0.978314747059531     
         101          50  0.977545361552090     
         102          51  0.977943124246162     
         103          51  0.978202758850017     
         104          51  0.976069091913234     
         105          52  0.975976954034393     
         106          52  0.978180837206072     
         107          52  0.977913811028557     
         108          53  0.941693278265225     
         109          54  0.941393016387795     
         110          56  0.942407252067012     
