           2           1  0.976158074412034     
           3           2  0.966024040983383     
           4           2  0.965850877986814     
           5           2  0.933859000947626     
           6           5   1.41032088527164     
           7           6   1.35197799315216     
           8           7   1.29011802468684     
           9           8   1.28933009980186     
          10           5   1.37582246235164     
          10           9   1.38754899758082     
          11           9   1.02984926133268     
          12          11  0.996308454803462     
          13          12   1.36797144668554     
          14          13   1.44582727516814     
          15          14   1.41717782581652     
          16          15   1.43316521485032     
          17          12   1.34504819927372     
          17          16   1.39924284258322     
          18          17  0.928784211692788     
          19          18  0.934850000588337     
          20          19   1.42679472827813     
          21          20   1.41256211746781     
          22          21   1.43059477654131     
          23          22   1.43237475613118     
          24          19   1.30938902396808     
          24          23   1.37889470308895     
          25          24   1.03629579450789     
          26          25   1.38042999532131     
          27          26   1.43014372704583     
          28          27   1.43304320084147     
          29          28   1.40938039296815     
          30          18  0.914516238655706     
          30          25   1.30769361697038     
          30          29   1.43185581921882     
          31          18  0.924248088537950     
          32          31   1.42239507396933     
          33          32   1.39738456989029     
          34          33   1.45354781323636     
          35          34   1.36715749258441     
          36          11   1.03358012446855     
          36          31   1.32265999902399     
          36          35   1.31421988467972     
          37           8   1.03687672372833     
          37          35  0.964497801040594     
          38          37  0.987353424399004     
          39          38   1.35786165955183     
          40          39   1.46761487288205     
          41          40   1.38019413609256     
          42          41   1.47687767255587     
          43          38   1.30330697443764     
          43          42   1.33408444720796     
          44           7   1.06315212436746     
          44          43   1.06355134546897     
          45          44  0.935666306020941     
          46          45   1.39730415208478     
          47          46   1.43093882671922     
          48          47   1.43194092246262     
          49          48   1.42897109265168     
          50          45   1.39139295217386     
          50          49   1.43405749575288     
          51           1  0.977478190334632     
          52           1  0.977389131861395     
          53           1  0.977941067311901     
          54           3  0.977861803527393     
          55           3  0.976030901875852     
          56           3  0.978316609526507     
          57           4  0.978323062493993     
          58           4  0.977758595741069     
          59           4  0.975943630144145     
          60           6  0.936488584652093     
          61          10  0.938154753532521     
          62          13  0.942270347585308     
          63          14  0.943609292210499     
          64          15  0.944205822664303     
          65          16  0.941889182405966     
          66          20  0.946050315990541     
          67          21  0.945639353170977     
          68          22  0.945426019379302     
          69          23  0.945557475306417     
          70          26  0.945445188071483     
          71          27  0.945403637112217     
          72          28  0.945497311596855     
          73          29  0.944656112935418     
          74          32  0.940175893211355     
          75          33  0.941152429800196     
          76          34  0.939610654623229     
          77          39  0.941122504156250     
          78          40  0.943657077742062     
          79          41  0.943499464017190     
          80          42  0.939867773316838     
          81          46  0.947403365588225     
          82          47  0.945077505801514     
          83          48  0.946033259291466     
          84          49  0.945030651932375     
          85          50  0.947416482434267     
