 -4.937401066840419E-002
 -4.391262918103500E-002
 -5.580385288232570E-002
  4.703675490598247E-002
  7.281449497992654E-002
 -4.665015713036791E-002
 -0.142359468953690     
  7.326003354129451E-002
 -4.649950484217591E-002
 -4.941429398930897E-002
 -4.449334883590339E-002
 -5.676241080911026E-002
  4.703239357321332E-002
 -0.128811823611376     
  5.813419182183166E-002
 -2.773395823752267E-002
 -3.528866016029930E-002
  1.021826993828867E-002
  5.720429095400181E-002
 -3.002577327712341E-002
 -3.199264418142889E-003
  4.103247727028414E-002
 -0.210037443665571     
  5.716063053427245E-002
  1.025569943834537E-002
 -3.527527952819920E-002
 -2.762500782929322E-002
  5.814265839012167E-002
 -0.128863388622464     
  4.702590451321864E-002
 -5.580203702449982E-002
 -4.392000106704685E-002
 -4.938866258676278E-002
 -4.665342253495908E-002
  7.280382065424362E-002
 -0.142375599254305     
  7.326008757036462E-002
 -4.649541450164918E-002
 -4.941301207832183E-002
 -4.447835636367170E-002
 -5.676573984556654E-002
  4.704564958071700E-002
 -2.588053162057768E-002
 -2.301845988625129E-002
 -3.001604575376682E-002
 -3.208375164086341E-003
  4.102029855184464E-002
 -0.210025507658584     
 -2.300599052058061E-002
 -2.585708545866794E-002
  4.249230297603068E-002
  4.368916150013558E-002
  4.320825802209827E-002
  4.077616667248996E-002
  4.092681768848194E-002
  4.254639829620011E-002
  4.333835480818704E-002
  4.226777811503624E-002
  4.288823840021216E-002
  4.601876189898813E-002
  4.531911490305451E-002
  4.563074062570260E-002
  4.604927434078410E-002
  4.289894972155561E-002
  4.319644038991999E-002
  4.368684037679083E-002
  4.248869628815877E-002
  4.077593236662391E-002
  4.092502296077616E-002
  4.254634373297173E-002
  4.333813766675820E-002
  4.225234478973228E-002
  4.324127089201169E-002
  5.013962733690669E-002
  4.532733409135881E-002
  4.563221197032252E-002
  5.012704621959174E-002
  4.325929469276746E-002
