 -4.652891067358400E-002
 -4.256835229400835E-002
 -5.558869081646556E-002
  4.547481828757505E-002
  7.420552527565949E-002
 -4.470342285252027E-002
 -0.139698016259714     
  7.456445573520565E-002
 -4.475787172913481E-002
 -4.650882621787034E-002
 -4.282685905502959E-002
 -5.524180907545073E-002
  4.492344167326134E-002
 -0.126863118049852     
  6.001678245115372E-002
 -2.067839715596342E-002
 -6.562194066374261E-003
  3.209385540507981E-004
 -3.582315056641150E-002
  5.271553806609930E-003
 -9.704540374635862E-003
 -1.743208043278965E-002
 -2.518159333249947E-002
  1.161587349638671E-002
  4.590728160247748E-002
 -0.180010171698207     
  4.221348748242182E-002
 -2.715492587701362E-002
 -1.822166344015663E-003
  1.718980186290331E-002
 -3.269642282985874E-002
  2.253670936450192E-002
 -0.185902975703983     
  2.394245674065054E-002
 -3.159671716558687E-002
 -2.102727996925680E-003
  1.742116256364268E-002
 -3.143052497534615E-002
  2.402161243461265E-002
 -0.185855056080002     
  2.261750599134960E-002
 -3.261311884376283E-002
 -2.675708574973434E-002
  4.204252787511242E-002
 -0.179969708671416     
  4.546536312721816E-002
  4.345837594776936E-002
  4.438841958116324E-002
  4.248638142525918E-002
  4.162662652206295E-002
  4.172719835471583E-002
  4.348728950528735E-002
  4.444773526528634E-002
  4.266536099123985E-002
  4.806952399246789E-002
  5.691244421205122E-002
  5.145983998462811E-002
  4.668132112091095E-002
  4.974306136026208E-002
  4.655683667585175E-002
  3.979309889398674E-002
  5.142422199587526E-002
  5.231851717420355E-002
  4.085829415819442E-002
  4.080432979212523E-002
  5.230909496494984E-002
  5.146680091412592E-002
  3.973283152342677E-002
  4.641053220751834E-002
