           2           1   1.42042307432905     
           3           2   1.45085682142474     
           4           3   1.35573881405057     
           5           4   1.04468346726719     
           6           5   1.34414067509298     
           7           6   1.34397091433843     
           8           7   1.04467102226774     
           9           8   1.35567686253090     
          10           9   1.45091518313944     
          11          10   1.42037483455112     
          12          11   1.42052892318458     
          13           8   1.35577153295875     
          13          12   1.45075963521583     
          14           7   1.34280242422136     
          15          14   1.34319577567304     
          16          15   1.04579637774708     
          17          16   1.35187788271457     
          18          17   1.45668222695599     
          19          18   1.37726454556385     
          20          19  0.954673683924518     
          21          20   1.02631141839623     
          22          21   1.35537205201589     
          23          22   1.45094100573973     
          24          23   1.41496755166064     
          25          24   1.43263929641237     
          26          21   1.33470972752868     
          26          25   1.40311316208990     
          27          26  0.932854335353211     
          28          27  0.922281111337428     
          29          28   1.43296453695468     
          30          29   1.40941760260601     
          31          30   1.43303617635490     
          32          31   1.43014426264431     
          33          28   1.30707771426310     
          33          32   1.38077455682554     
          34          33   1.03534275883894     
          35          34   1.38043753769809     
          36          35   1.43037291158036     
          37          36   1.43278617492808     
          38          37   1.40964421622581     
          39          27  0.918353732704461     
          39          34   1.30780275437001     
          39          38   1.43263963707244     
          40          27  0.932704392415712     
          41          40   1.40341730922699     
          42          41   1.43242226077438     
          43          42   1.41522406343697     
          44          43   1.45057292146394     
          45          20   1.02628915082915     
          45          40   1.33424613140276     
          45          44   1.35572218789927     
          46          19   1.37635699837482     
          47          16   1.35202407133538     
          47          46   1.45639158735860     
          48           5   1.34255722462393     
          48          15   1.34339251261585     
          49           4   1.35570420603006     
          50           1   1.42048364087443     
          50          49   1.45081365418472     
          51           1  0.947301230033657     
          52           2  0.946524204187519     
          53           3  0.945891088253509     
          54           9  0.945873162425581     
          55          10  0.946523073125836     
          56          11  0.947302497061966     
          57          12  0.946522002351696     
          58          13  0.945849261728265     
          59          17  0.942343068090747     
          60          18  0.945390748779090     
          61          22  0.941419810383860     
          62          23  0.943741745963076     
          63          24  0.944501847588406     
          64          25  0.943435833257735     
          65          29  0.946288269087361     
          66          30  0.945645576127884     
          67          31  0.945471183678430     
          68          32  0.945518639633909     
          69          35  0.945504749904388     
          70          36  0.945483659104704     
          71          37  0.945630696909382     
          72          38  0.946297976837394     
          73          41  0.943404077615108     
          74          42  0.944478266147577     
          75          43  0.943718314153214     
          76          44  0.941055263144182     
          77          46  0.945323003017343     
          78          47  0.942389578769987     
          79          49  0.945833056561226     
          80          50  0.946520384821660     
