 -0.102844557431694     
  2.083644000249896E-002
 -0.102852888694957     
 -2.318564766205267E-002
 -4.559067666937011E-002
 -5.321397416579465E-002
 -3.813190953172896E-002
 -5.746844718257726E-002
  5.102019634060317E-002
 -0.116711484564371     
  4.499835783754813E-002
 -3.321148246040195E-002
 -4.246883242271871E-002
  3.270575153119859E-002
 -9.745563000632451E-002
  3.274912514473671E-002
 -4.247143138830278E-002
 -3.318651218427959E-002
  4.495085374244923E-002
 -0.116774040323378     
  5.101239067298780E-002
 -5.747356475673104E-002
 -3.815363815075745E-002
 -5.324489499592655E-002
 -4.559957546503313E-002
 -2.318486328780622E-002
  2.084460501663044E-002
 -0.102912325126308     
 -0.102765207230491     
 -2.317420495263978E-002
 -4.559596054990678E-002
 -5.324950584111132E-002
 -3.818108963875577E-002
 -5.750086820922551E-002
  5.100725471760192E-002
 -2.958024082147315E-002
 -2.508580723407583E-002
 -2.510173921084302E-002
 -2.961187538571508E-002
  5.100178556780133E-002
 -5.750849037684169E-002
 -3.821294707883993E-002
 -5.326321520066912E-002
 -4.558164914509089E-002
 -2.315991108763615E-002
  3.445049918014065E-002
  3.321439329223796E-002
  3.328449524958843E-002
  3.345325137345967E-002
  3.397297612370553E-002
  3.348135127475338E-002
  4.264056230112268E-002
  3.865490614710176E-002
  4.193482640686952E-002
  3.917103008923617E-002
  4.682686441650763E-002
  4.424130114175184E-002
  0.146351753043069     
  4.424140175986813E-002
  4.681903022717493E-002
  3.910497085972431E-002
  4.193419065650406E-002
  3.864599732171525E-002
  4.263941857866094E-002
  3.339032548341203E-002
  3.396986937028434E-002
  3.342037182192203E-002
  3.328986561623914E-002
  3.446605648361323E-002
  3.332412431738829E-002
  4.264048546070742E-002
  3.865897236258564E-002
  4.190006545621472E-002
  3.912811219609802E-002
  4.549601495379330E-002
  4.549609353871831E-002
  3.913622521322047E-002
  4.190348288949630E-002
  3.864240051662682E-002
  4.265664273627801E-002
