           2           1   2.81809672945612     
           3           2   1.06187083992590     
           4           3   1.33977735072857     
           5           4   1.45300051625698     
           6           5   1.38452130168708     
           7           6  0.983618011832387     
           8           7  0.976120334643651     
           9           8  0.976356364653477     
          10           9  0.981044531519292     
          11          10   1.38997448117042     
          12          11   1.44428965339630     
          13          12   1.36921472369654     
          14          13   1.00350311206434     
          15          14  0.990431412688894     
          16          15   1.37406868839212     
          17          16   1.44271185437824     
          18          17   1.42464362174217     
          19          18   1.42489195396920     
          20          15   1.37405094870813     
          20          19   1.44233975034583     
          21          14  0.999304984164739     
          22          21   1.37047885274933     
          23          22   1.44407006677019     
          24          23   1.42417617468576     
          25          24   1.42390115216895     
          26          21   1.37082952652307     
          26          25   1.44367156965644     
          27          13   1.36340262344891     
          28          10   1.38172969788642     
          28          27   1.45245032873027     
          29           6   1.37808565013187     
          30           3   1.33338225814162     
          30          29   1.46071537937733     
          31           4  0.945188585699393     
          32           5  0.944016155163691     
          33           7  0.954202968813367     
          34           7  0.965092518634243     
          35           8  0.963960310926919     
          36           8  0.966931315094613     
          37           9  0.956939452044763     
          38           9  0.965239768525862     
          39          11  0.943054135212071     
          40          12  0.944159948404804     
          41          16  0.946272879653776     
          42          17  0.945239481680463     
          43          18  0.946610384517249     
          44          19  0.945360666209733     
          45          20  0.946560612672003     
          46          22  0.946283183381040     
          47          23  0.945379683361240     
          48          24  0.946635863539902     
          49          25  0.945370764968115     
          50          26  0.943228427063678     
          51          27  0.944393729673237     
          52          28  0.944617174022812     
          53          29  0.945065940122688     
          54          30  0.944212938179897     
