           2           1   1.82984692019682     
           3           2  0.971551623542716     
           4           3   1.36542475176113     
           5           4   1.44479116166391     
           6           5   1.42319154666716     
           7           6   1.42460781066984     
           8           3   1.36815880249973     
           8           7   1.44257399618079     
           9           2  0.975588271893767     
          10           9   1.35688928727979     
          11          10   1.45618095703795     
          12          11   1.37055923633246     
          13          12  0.984321191361351     
          14          13   1.05195471376298     
          15          14   1.36657748353876     
          16          15   1.45834403484417     
          17          16   1.34913656488838     
          18          17  0.972525397521182     
          19          18   1.05784204436080     
          20          19   1.36858591925593     
          21          20   1.45274649831293     
          22          21   1.39349225019689     
          23          22   1.46086649569729     
          24          19   1.26381320569118     
          24          23   1.35320650759364     
          25          24   1.08886132633143     
          26          25   1.35337620948297     
          27          26   1.46075356110691     
          28          27   1.39353591026839     
          29          28   1.45268738337463     
          30          18   1.05832740065263     
          30          25   1.26351574227642     
          30          29   1.36841152698235     
          31          17   1.41359199298817     
          32          14   1.26279046307033     
          32          31   1.35851924764062     
          33          32   1.08456570561161     
          34          33   1.35807163517756     
          35          34   1.41401165744774     
          36          35  0.972421376061595     
          37          36   1.05860558014422     
          38          37   1.36839221507379     
          39          38   1.45267636793745     
          40          39   1.39356881856896     
          41          40   1.46067426041966     
          42          37   1.26339439146356     
          42          41   1.35345408925343     
          43          42   1.08889209296549     
          44          43   1.35311342559797     
          45          44   1.46098312358866     
          46          45   1.39343254176624     
          47          46   1.45279290638293     
          48          36   1.05765633855440     
          48          43   1.26386438714050     
          48          47   1.36856063414013     
          49          35   1.34874255689521     
          50          49   1.45897336289821     
          51          13   1.05308174166475     
          51          33   1.26300371219267     
          51          50   1.36581927292664     
          52          12   1.37202334532778     
          53           9   1.36021635046763     
          53          52   1.45373798051881     
          54           4  0.947054579333349     
          55           5  0.946050726453921     
          56           6  0.947395285935240     
          57           7  0.946362297852268     
          58           8  0.945507586784737     
          59          10  0.943638637676077     
          60          11  0.943878883549488     
          61          15  0.940112981010338     
          62          16  0.942784199233441     
          63          20  0.943574185245979     
          64          21  0.944812939909014     
          65          22  0.945112194794335     
          66          23  0.944708588024649     
          67          26  0.944692989544528     
          68          27  0.945113275593571     
          69          28  0.944790410504192     
          70          29  0.943751244779106     
          71          31  0.942925334883183     
          72          34  0.942824469051452     
          73          38  0.943779372149276     
          74          39  0.944820080497435     
          75          40  0.945114126686802     
          76          41  0.944682005388910     
          77          44  0.944702116435836     
          78          45  0.945096476431977     
          79          46  0.944786266782429     
          80          47  0.943585252618365     
          81          49  0.942951391760744     
          82          50  0.940325058603787     
          83          52  0.944293042334317     
          84          53  0.942010267003310     
