           2           1   1.42843108812226     
           3           2   1.43661585003015     
           4           3   1.38298015715398     
           5           4  0.970853153657002     
           6           5   1.31121351930539     
           7           6   1.21618037042202     
           8           7   1.59662683880803     
           9           8   1.26529882331002     
          10           9   1.59656070055577     
          11           6   1.17471858610102     
          11          10   1.21623630758786     
          12          11   1.31092321686184     
          13          12  0.971328421817431     
          14          13   1.37807233271941     
          15          14   1.44325546253162     
          16          15   1.38085092528519     
          17          16  0.975264932805053     
          18          17   1.05724953768126     
          19          18   1.36894080329015     
          20          19   1.45241605910587     
          21          20   1.39382359494442     
          22          21   1.46060422603981     
          23          18   1.26410125359384     
          23          22   1.35348016507580     
          24          23   1.08853091207641     
          25          24   1.35346485691967     
          26          25   1.46061442726564     
          27          26   1.39381240563852     
          28          27   1.45243254013474     
          29          17   1.05724698283813     
          29          24   1.26412499259142     
          29          28   1.36891874958675     
          30          16   1.38087722404919     
          31          13   1.37805387210797     
          31          30   1.44324930238953     
          32          12   1.31088784192439     
          33          32   1.21623469495487     
          34          33   1.59655423133683     
          35          34   1.26531038449963     
          36          35   1.59661730196045     
          37           5   1.31115999661620     
          37          32   1.17474986383354     
          37          36   1.21618680882122     
          38           4   1.38298765500969     
          39           1   1.42842920646842     
          39          38   1.43661871255052     
          40           1  0.947422319238583     
          41           2  0.946271485721850     
          42           3  0.947221906822910     
          43           7  0.940878452029889     
          44           8  0.945549897479841     
          45           9  0.945556025061336     
          46          10  0.940940305400099     
          47          14  0.944054816120239     
          48          15  0.944386235821139     
          49          19  0.943698076121640     
          50          20  0.944789940012550     
          51          21  0.945106952233009     
          52          22  0.944713867727929     
          53          25  0.944715091987304     
          54          26  0.945107533870865     
          55          27  0.944789762218847     
          56          28  0.943686888128870     
          57          30  0.944391351504794     
          58          31  0.944054003971218     
          59          33  0.940933448589149     
          60          34  0.945555621965202     
          61          35  0.945549759029704     
          62          36  0.940867338159812     
          63          38  0.947221595346885     
          64          39  0.946271017806052     
