  6.071945223110831E-003
 -0.122063914792908     
  9.052814311796720E-002
 -3.955429489636320E-002
  8.379663972733642E-002
 -0.242285351297370     
  7.879028621378126E-003
 -7.488197400893082E-002
 -7.545585035609381E-002
  3.265796607017979E-003
 -6.509243490866989E-002
  1.304570247344028E-002
  1.202397924709508E-002
 -7.048420272885814E-002
  4.559570357045750E-002
 -7.398246127648456E-002
 -0.254601083480544     
  0.103910676790976     
 -0.100937729811248     
  1.422539188186978E-002
 -4.309294558467958E-002
 -5.683841589976257E-002
 -4.807458144204624E-002
  7.713138174683998E-003
 -2.746742111403222E-002
  8.922346760999567E-002
 -0.124220212507045     
  7.408984492218718E-003
 -4.131755529764014E-002
  8.322563371747282E-002
 -0.242456483761928     
  7.440166555919170E-003
 -7.464659619757175E-002
 -7.621702099760519E-002
  2.788274391013701E-003
  4.649169080868543E-002
 -7.403228410397933E-002
 -0.245662931737806     
  0.104848342943146     
 -0.107731171191130     
  4.098001865306511E-003
 -4.321327581805257E-002
 -5.259655441709210E-002
 -4.260466620771464E-002
  1.209243912466462E-003
 -2.489695645479717E-002
  4.649432392334074E-002
  4.564738379116429E-002
  5.674287570777103E-002
  4.661933996599155E-002
  5.022815238762035E-002
  4.405357680164734E-002
  4.627281016368834E-002
  4.395568612417766E-002
  4.697746025547267E-002
  4.594209796908433E-002
  4.008573508115831E-002
  5.206252641721787E-002
  4.172976516502724E-002
  3.129636558637283E-002
  3.084133218761254E-002
  3.012785615901870E-002
  3.133896400043068E-002
  3.922507954080812E-002
  4.727633154085165E-002
  4.738309126082485E-002
  4.534855180872721E-002
  5.689398792409772E-002
  4.588223686258497E-002
  4.407083347252105E-002
  4.648306530998481E-002
  5.024657637743368E-002
  4.602813816656748E-002
  4.408729438017656E-002
  4.715732000285722E-002
  4.604037688678753E-002
  3.338221229416083E-002
  5.315892909646069E-002
  2.984274729387804E-002
  4.006340690856447E-002
  2.540129722791884E-002
  3.612846190853913E-002
  3.253267967357965E-002
  4.039402876393883E-002
  3.256107473897951E-002
  4.961444543170990E-002
