           2           1  0.982417509845188     
           3           2   1.09054788242164     
           4           3   1.34387645322547     
           5           4   1.08746940379681     
           6           5   2.76548658164646     
           7           4   1.18764946869022     
           8           7  0.991930596297898     
           9           7   1.53805459617322     
          10           9   1.23983899384640     
          11          10   1.23170161668764     
          12          11  0.965533980488447     
          13          12   1.15898446414103     
          14          13  0.965925128620782     
          15          14   1.44207518109894     
          16          15  0.994556261693511     
          17          15   1.31414207512645     
          18          17   1.37599955305839     
          19          18   1.19581052093661     
          20          19  0.950780198440575     
          21          20  0.998932685022467     
          22          21  0.990674072157021     
          23          22  0.990854675693454     
          24          19  0.955844656594663     
          24          23  0.989867269657675     
          25          18   1.14799703986810     
          26          25   1.23446378796854     
          27          26   1.08855371863779     
          28          27  0.982067503197086     
          29          26   1.33962736455707     
          30          29   1.08961030810808     
          31          30   2.76375035086176     
          32          29   1.18848577750895     
          33          32  0.991803216500297     
          34          32   1.53746002247865     
          35          14   1.23314959611022     
          35          25   1.23213813185040     
          35          34   1.23963767497450     
          36          11   1.44712250225337     
          37          36  0.994607668369564     
          38          36   1.30799413048507     
          39          38   1.39666211593275     
          40          39   1.15924410197902     
          41          40  0.962043281712460     
          42          41  0.994739528704506     
          43          42  0.996536590328211     
          44          43  0.996768151211576     
          45          40  0.953824807962912     
          45          44  0.995137297367622     
          46           3   1.22887854974577     
          46          10   1.23364188720592     
          46          39   1.15547798656703     
          47           1  0.985871228436152     
          48           1  0.977371751253879     
          49           1  0.968795943588848     
          50           8  0.969939957258471     
          51           8  0.965496399332102     
          52           8  0.977234952525040     
          53           9  0.923630017459419     
          54          16  0.978005203892884     
          55          16  0.965282577049198     
          56          16  0.963649329561687     
          57          20  0.966013644259273     
          58          20  0.964344712778658     
          59          21  0.962484364955433     
          60          21  0.972295799062129     
          61          22  0.970953280423039     
          62          22  0.970884596819100     
          63          23  0.972479448037809     
          64          23  0.962145601956135     
          65          24  0.967013061184788     
          66          24  0.960839306506163     
          67          28  0.987742863540337     
          68          28  0.970558615329652     
          69          28  0.977270903102036     
          70          33  0.977267897416673     
          71          33  0.970067490165681     
          72          33  0.965751761733090     
          73          34  0.923921744066388     
          74          37  0.978029237870872     
          75          37  0.964803944511500     
          76          37  0.963467991315889     
          77          41  0.963268376511808     
          78          41  0.960592748770533     
          79          42  0.969600675313943     
          80          42  0.960434765425936     
          81          43  0.969163682045561     
          82          43  0.961886845571079     
          83          44  0.966845033438411     
          84          44  0.959946759913907     
          85          45  0.963281323218056     
          86          45  0.959277417741545     
