 -3.253925607606067E-002
 -4.132634145919845E-002
  1.551313830219669E-003
 -4.894201946337162E-004
 -4.008845298217611E-002
 -3.379235523747059E-002
 -1.456046230699126E-002
 -9.649679654299526E-003
 -3.684051113374665E-002
  9.783020029455081E-003
 -1.076997416688030E-002
 -3.295630350353829E-002
 -3.461546227626666E-002
 -3.533258697564090E-002
 -3.534950573233875E-002
 -1.334195099857638E-002
 -1.339061906467531E-002
 -3.538012525910350E-002
 -3.583316368535883E-002
 -3.468555943009299E-002
 -3.300332560627162E-002
 -1.100899743624772E-002
 -1.070308067654047E-002
 -3.315414890437651E-002
 -3.475322909823753E-002
 -3.542758311385974E-002
 -3.553756901070493E-002
 -1.294833777935356E-002
 -4.246751363828416E-002
  1.558512757065866E-003
 -5.497304463544239E-004
 -3.950008414612505E-002
 -3.377086334827784E-002
 -1.462177118186236E-002
 -9.719626566095485E-003
 -3.650692965785485E-002
  9.782978844299794E-003
 -1.101111903033658E-002
 -3.310732744934430E-002
 -3.472530978763011E-002
 -3.544706796104524E-002
 -3.545087694196436E-002
 -1.362448510654168E-002
 -1.330623156855548E-002
 -3.528176036727526E-002
 -3.570337787585398E-002
 -3.449366058561765E-002
 -3.288309082783591E-002
 -1.081457023838439E-002
 -1.067893574375578E-002
 -3.315077964416346E-002
 -3.478270227223668E-002
 -3.545274294558265E-002
 -3.556449405902029E-002
 -1.292278062820618E-002
 -4.066030429641287E-002
  4.119197347877379E-002
  3.907603976787377E-002
  4.207516629751673E-002
  4.241611471824602E-002
  4.202077670445659E-002
  4.036278519614434E-002
  4.102700027268480E-002
  4.075532156318407E-002
  3.956655538932030E-002
  3.965582252890276E-002
  4.059757072739800E-002
  4.089660435789755E-002
  4.042399167010047E-002
  4.048774733644589E-002
  4.102536354147868E-002
  4.088712838322162E-002
  3.970204192500448E-002
  3.935877136272248E-002
  4.156381556050370E-002
  4.240576606992807E-002
  4.149732401715767E-002
  4.033435699833920E-002
  4.097374189644942E-002
  4.075309493284907E-002
  3.956868648705025E-002
  3.949718212911590E-002
  4.093836442179433E-002
  4.089051356588336E-002
  4.032317252210726E-002
  4.049296739416852E-002
  4.102692380397244E-002
  4.088123482818418E-002
  3.969194731944448E-002
  3.863444544789529E-002
