           2           1  0.989998103590754     
           3           2   1.38507181171078     
           4           3   1.44933025275840     
           5           4   1.35579282136042     
           6           5   1.32986798899585     
           7           2   1.39480132917313     
           7           6   1.41033312326446     
           8           6  0.921557956951849     
           9           8  0.929786479031209     
          10           9   1.39205458389532     
          11          10   1.44322844751277     
          12          11   1.40265034870906     
          13          12   1.46319395868092     
          14           9   1.33695958253517     
          14          13   1.34117047666284     
          15          14  0.999632404718276     
          16          15   1.78512119679067     
          17          15  0.999530141807672     
          18          17   1.34122506805220     
          19          18   1.46319230341447     
          20          19   1.40266161387916     
          21          20   1.44320131481171     
          22           8  0.930622322464460     
          22          17   1.33691689993440     
          22          21   1.39214117863179     
          23           8  0.918704328131404     
          24          23   1.40662208207382     
          25          24   1.39829164152971     
          26          25  0.990005035999080     
          27          25   1.38159005563636     
          28          27   1.45304430522085     
          29          23   1.33269497414553     
          29          28   1.35312750133461     
          30           5   1.02880450691384     
          30          29   1.02856622988957     
          31          30  0.943614146069545     
          32          31   1.39615176760596     
          33          32   1.43131249619774     
          34          33   1.39871328736824     
          35          34  0.938925712865746     
          36          35  0.966306945359100     
          37          35  0.976769170788078     
          38          35  0.966304731392059     
          39          34   1.38641245820815     
          40          31   1.38546538137995     
          40          39   1.44333240217407     
          41           1  0.978387933620534     
          42           1  0.975607058993598     
          43           1  0.970427738926370     
          44           3  0.943041425448363     
          45           4  0.940041772963065     
          46           7  0.943292528987937     
          47          10  0.944805179643008     
          48          11  0.945327936912184     
          49          12  0.944761995337745     
          50          13  0.943524287779630     
          51          18  0.943533560383927     
          52          19  0.944762537572085     
          53          20  0.945332479121671     
          54          21  0.944846197256753     
          55          24  0.942750079978297     
          56          26  0.977253648295428     
          57          26  0.977361783766806     
          58          26  0.969737759640652     
          59          27  0.943334065400848     
          60          28  0.939917601527685     
          61          32  0.945575245781361     
          62          33  0.942684428973096     
          63          36  0.978303416807328     
          64          36  0.976225720744188     
          65          36  0.978118177278331     
          66          37  0.977560481857934     
          67          37  0.978318589661911     
          68          37  0.977559571062754     
          69          38  0.978108471801093     
          70          38  0.978296610378051     
          71          38  0.976200538017198     
          72          39  0.942505905182149     
          73          40  0.945603820196672     
