 -0.220396760072286     
  0.101599045063819     
  8.674145687372015E-003
 -2.166453522042389E-002
 -2.991025971753380E-002
  8.798257372992779E-003
 -6.578017804862668E-003
 -3.732112839799484E-002
 -2.345511674314160E-002
  1.565670194880475E-002
 -8.383598194252606E-003
 -4.755530191217971E-002
 -3.793365554569661E-004
 -4.422505924683673E-002
 -7.635225051098260E-003
  7.950118368966752E-003
 -2.902809565257236E-002
 -2.064809804993928E-002
  9.536021235629466E-003
  0.101411545218220     
 -0.219080835144372     
 -2.090639448488663E-002
 -2.911606251736920E-002
 -3.982512861263299E-002
 -4.469462122386414E-002
  6.669731571460780E-003
  1.166293195512358E-002
 -6.958735358945312E-003
 -0.225388758652821     
  7.129570951232544E-002
  1.123421437815297E-002
 -3.885765278194153E-002
 -4.059722056328319E-002
  5.660565785970606E-002
 -0.123317874043432     
  5.373872312183803E-002
 -4.338439096803359E-002
 -3.278060907168978E-002
 -4.535156891669168E-002
 -3.435072329398459E-002
 -4.590982385405518E-002
  5.332393344671571E-002
 -4.389189743559996E-002
 -3.318209765089897E-002
 -4.426586962750534E-002
 -3.242439321504520E-002
 -4.322144576467135E-002
 -3.711839915754744E-002
 -2.132318902302899E-002
 -8.103105412084144E-002
  6.783740714097553E-002
 -2.991563767695204E-002
 -2.583043571320598E-002
 -3.271935041591867E-002
 -2.647527804515537E-002
 -2.820372375588232E-002
 -2.803044137345356E-002
 -2.094349589467193E-002
  4.807844746037981E-002
  4.234308827573763E-002
  4.249596232781538E-002
  4.848436636388198E-002
  4.271722900129049E-002
  4.538702810508621E-002
  4.278369221132283E-002
  4.859727255789870E-002
  4.850289121831419E-002
  4.268040783975757E-002
  4.241596225775057E-002
  4.599334016712708E-002
  4.720671512623587E-002
  4.254452899204197E-002
  3.857323465340823E-002
  4.219922772178442E-002
  3.879460908463395E-002
  4.123536011726758E-002
  3.728263670561527E-002
  3.781668976296015E-002
  4.190116325805993E-002
  3.895522348851810E-002
  4.236669726449449E-002
  3.847092906547966E-002
  4.392047700535662E-002
  5.084834137329941E-002
  4.196215847016005E-002
  4.494209342200273E-002
  4.189725236327713E-002
  4.505682785509602E-002
  4.201180872434407E-002
  4.341810337959884E-002
  4.839973147480281E-002
