 -3.906456269981540E-002
 -3.544432352843430E-002
 -3.952740051179227E-002
  1.988932249946318E-002
 -4.284142431909999E-003
 -0.211462295437832     
  0.121567297198466     
  7.577872738110658E-002
 -1.367386008869342E-002
 -1.224006603345629E-002
  3.379417512006100E-004
 -7.681954679393144E-003
 -3.366086828938375E-002
 -3.290809772256864E-002
  6.314721067536944E-002
 -9.373255326835217E-002
  3.523904955395318E-002
 -4.464776840113949E-002
 -3.943771854070022E-002
 -4.814326100732824E-002
 -3.609397525768454E-002
 -2.814304113174604E-002
 -2.813895297814906E-002
 -3.609678935093275E-002
 -4.813446475346161E-002
 -3.943848476202749E-002
 -4.466152113069644E-002
  3.520366375187578E-002
 -3.260675989415684E-002
 -3.266425061115097E-002
  2.433111970160873E-002
 -0.200240304652376     
 -6.599214773042306E-002
  4.471048681610768E-002
  1.064966136949153E-002
 -3.887315525544732E-002
 -3.135944084038655E-002
 -3.676157033774619E-002
 -3.111495801194231E-002
 -3.415658183827208E-002
 -2.919458942058650E-002
 -3.356771794487123E-002
  3.764919442673975E-002
  3.862571451209929E-002
  3.837892207624671E-002
  5.232168257659831E-002
  4.460920100134558E-002
  4.425559062095497E-002
  4.315525476821103E-002
  4.032883508464757E-002
  4.325719824937202E-002
  4.022672883075329E-002
  4.222472530718546E-002
  4.222371155086524E-002
  4.022792918963569E-002
  4.326372298607095E-002
  4.036328090539443E-002
  4.333540956092996E-002
  4.499414234389199E-002
  5.356192641101754E-002
  3.868938771934893E-002
  3.974076897761458E-002
  3.887100340792693E-002
  4.041094332252282E-002
  4.199851036914581E-002
  4.051113977719056E-002
  3.906817386856865E-002
