           2           1   1.42217377289897     
           3           2   1.44579367032212     
           4           3   1.36364490733804     
           5           4   1.02437199208634     
           6           5   1.18641449223732     
           7           6   1.54293424864576     
           8           7   1.07706758911762     
           9           8   1.33441495011427     
          10           9   1.46293989854106     
          11          10   1.34378781057641     
          12          11   1.01395713485040     
          13          12   1.36268591186641     
          14          13   1.45237592378392     
          15          14   1.37553280245613     
          16          15  0.979697755928575     
          17          16   1.05497282918996     
          18          17   1.36983440272445     
          19          18   1.45160827742870     
          20          19   1.39450986323581     
          21          20   1.46019254900517     
          22          17   1.26495607083131     
          22          21   1.35378938803294     
          23          22   1.08766674395648     
          24          23   1.35371491412382     
          25          24   1.46024702654388     
          26          25   1.39446294531727     
          27          26   1.45166346183547     
          28          16   1.05486409969233     
          28          23   1.26506340023609     
          28          27   1.36978632313749     
          29          15   1.37542248979798     
          30          12   1.36317888919149     
          30          29   1.45262983399568     
          31          11   1.35372586008903     
          32           8   1.32747735436742     
          32          31   1.45669720245084     
          33           7   1.10604779036440     
          34           5   1.48326698676083     
          34          33   1.07859536415682     
          35          34   1.05150545265166     
          36          35   1.35275884170349     
          37          36   1.44830542283276     
          38          37   1.42198390527962     
          39          38   1.41900074571993     
          40          35   1.35148802392723     
          40          39   1.45094873657861     
          41           4   1.36671719995688     
          42           1   1.42539681448344     
          42          41   1.44310887284480     
          43           1  0.947405227625057     
          44           2  0.946383338450987     
          45           3  0.946161593497335     
          46           9  0.943983964043773     
          47          10  0.942779964767648     
          48          13  0.943813053145346     
          49          14  0.944470378602517     
          50          18  0.943706533588478     
          51          19  0.944749236499931     
          52          20  0.945059821980462     
          53          21  0.944699033398338     
          54          24  0.944702525138742     
          55          25  0.945059307926546     
          56          26  0.944746470352378     
          57          27  0.943662739664439     
          58          29  0.944522040519805     
          59          30  0.943717610692506     
          60          31  0.946681114871131     
          61          36  0.947536209099270     
          62          37  0.946185421639720     
          63          38  0.947387291839792     
          64          39  0.946069169458061     
          65          40  0.944806661939136     
          66          41  0.947194530730492     
          67          42  0.946314147848599     
