           2           1  0.989968964937906     
           3           2   1.39965481967867     
           4           3   1.39752606214298     
           5           4  0.958838891159169     
           6           5   1.31440632165344     
           7           6   1.21463359960781     
           8           7   1.59749389845215     
           9           8   1.26501291655557     
          10           9   1.59622823463706     
          11           6   1.17433578535482     
          11          10   1.21668420261071     
          12          11   1.30907153307622     
          13          12  0.977034221520727     
          14          13   1.36970962290248     
          15          14   1.45759934795749     
          16          15   1.33686588430061     
          17          16   1.06105724559011     
          18          17   2.81978746310353     
          19          16   1.33668381338342     
          20          13   1.36967487910483     
          20          19   1.45777509896648     
          21          12   1.30872382886092     
          22          21   1.21675603472432     
          23          22   1.59617391716032     
          24          23   1.26507456785051     
          25          24   1.59750783030602     
          26           5   1.31422867734063     
          26          21   1.17446746798453     
          26          25   1.21466044377623     
          27           4   1.33830554598502     
          28          27  0.991112540923123     
          29          27   1.41584163742774     
          30           2   1.35031928138319     
          30          29   1.37459842260022     
          31          30  0.982994178655576     
          32          31   1.37627722130621     
          33          32   1.44474500106686     
          34          33   1.38162346504487     
          35          34  0.972161011490744     
          36          35   1.05844186352874     
          37          36   1.36816165682476     
          38          37   1.45314683375870     
          39          38   1.39312674385570     
          40          39   1.46111964870266     
          41          36   1.26369902142194     
          41          40   1.35294149852506     
          42          41   1.08906370373674     
          43          42   1.35299824714697     
          44          43   1.46105091167452     
          45          44   1.39319889093353     
          46          45   1.45307060491078     
          47          35   1.05847934627980     
          47          42   1.26363532276012     
          47          46   1.36822081427729     
          48          34   1.38117051246199     
          49          31   1.37576292476358     
          49          48   1.44495276109521     
          50           1  0.974580591366818     
          51           1  0.969163556140248     
          52           1  0.976408857585873     
          53           3  0.942265054161775     
          54           7  0.941344886062955     
          55           8  0.945450881724065     
          56           9  0.945496545086397     
          57          10  0.941135553175901     
          58          14  0.944692791766234     
          59          15  0.944654790180410     
          60          19  0.944639827171778     
          61          20  0.944719213572128     
          62          22  0.940981578976822     
          63          23  0.945493139350486     
          64          24  0.945442286469423     
          65          25  0.941325491370859     
          66          28  0.979350818938532     
          67          28  0.971011436670769     
          68          28  0.970881960368652     
          69          29  0.941084652506236     
          70          32  0.944102262848802     
          71          33  0.944817723728343     
          72          37  0.943908689972644     
          73          38  0.944784609585657     
          74          39  0.945103495384878     
          75          40  0.944705814935265     
          76          43  0.944705371221104     
          77          44  0.945102204327231     
          78          45  0.944793938257668     
          79          46  0.943918631744346     
          80          48  0.944793378696042     
          81          49  0.943954514032665     
