           2           1  0.973751915169871     
           3           2  0.951340049575849     
           4           2  0.937437917720585     
           5           4   1.40321794798688     
           6           5   1.42720002992675     
           7           6   1.42810019880519     
           8           7   1.43072869247766     
           9           4   1.34360155090955     
           9           8   1.38972121902194     
          10           9  0.970664834553553     
          11          10   1.07027374121332     
          12          11   1.32510033734560     
          13          12   1.48958642841007     
          14          13   1.32778987727846     
          15          14   1.02088503590712     
          16          15   1.79107030380386     
          17          15  0.961607853746508     
          18          17   1.36819809839009     
          19          18   1.44615411507086     
          20          19   1.38237102548190     
          21          20  0.950087323173161     
          22          21   1.03001621238584     
          23          22   1.35577647828411     
          24          23   1.45132063305718     
          25          24   1.41546130063329     
          26          25   1.43146580067568     
          27          22   1.33198843723156     
          27          26   1.40222874871363     
          28          27  0.946988444203330     
          29          28  0.953278314903421     
          30          28  0.953369178029441     
          31          28  0.947138885962878     
          32          31   1.40245767626509     
          33          32   1.43127459527473     
          34          33   1.41539810774790     
          35          34   1.45140185877638     
          36          21   1.03178274645465     
          36          31   1.33148275098618     
          36          35   1.35525436082062     
          37          20   1.38351847969792     
          38          17   1.36790792668994     
          38          37   1.44494925274362     
          39          14   1.33463179035114     
          40          11   1.32774678047703     
          40          39   1.48472583695623     
          41          10  0.971195180482511     
          42          41   1.39060390485954     
          43          42   1.42946384751528     
          44          43   1.42906327518392     
          45          44   1.42633096843019     
          46           2  0.937343346928338     
          46          41   1.34238798168668     
          46          45   1.40418811252310     
          47           1  0.977427947933298     
          48           1  0.977451313260658     
          49           1  0.978387512757708     
          50           3  0.975461487543046     
          51           3  0.978194994869542     
          52           3  0.978226183694319     
          53           5  0.942968835457736     
          54           6  0.944208239320382     
          55           7  0.943632633159102     
          56           8  0.944118674118937     
          57          12  0.939796716998006     
          58          13  0.943059108971737     
          59          18  0.943924613913202     
          60          19  0.945007846149917     
          61          23  0.941157954550808     
          62          24  0.943835146402426     
          63          25  0.944798188411214     
          64          26  0.942359702089617     
          65          29  0.975848907146415     
          66          29  0.977554426300083     
          67          29  0.975965118504628     
          68          30  0.975955045835013     
          69          30  0.977536979307646     
          70          30  0.975772713048034     
          71          32  0.942354672861960     
          72          33  0.944834131855753     
          73          34  0.944000940654723     
          74          35  0.941480611695114     
          75          37  0.945205651859714     
          76          38  0.942752219946275     
          77          39  0.941455990377468     
          78          40  0.939672804962444     
          79          42  0.943851837295449     
          80          43  0.943665374607643     
          81          44  0.944193784400788     
          82          45  0.942917605568597     
