           2           1   1.42835958041700     
           3           2   1.43669715380900     
           4           3   1.38263127415884     
           5           4  0.971659514323189     
           6           5   1.31093208617295     
           7           6   1.21630052096057     
           8           7   1.59654503803203     
           9           8   1.26531336777605     
          10           9   1.59657888061801     
          11           6   1.17479336660542     
          11          10   1.21625113355160     
          12          11   1.31105261598806     
          13          12  0.971323683706403     
          14          13   1.38278573341857     
          15          14   1.43664575537167     
          16          15   1.42840812625143     
          17          16   1.42833499981416     
          18          13   1.38271883915625     
          18          17   1.43671851133866     
          19          12   1.31105535443113     
          20          19   1.21625520502585     
          21          20   1.59657267833276     
          22          21   1.26531950233105     
          23          22   1.59653992838095     
          24           5   1.31092879111704     
          24          19   1.17479010232621     
          24          23   1.21630291687208     
          25           4   1.38257999013486     
          26           1   1.42831732533988     
          26          25   1.43674259963035     
          27           1  0.947427279336681     
          28           2  0.946281694127494     
          29           3  0.947190372093193     
          30           7  0.940845738487579     
          31           8  0.945578231698661     
          32           9  0.945575546557284     
          33          10  0.940863659226940     
          34          14  0.947199448122396     
          35          15  0.946280422034610     
          36          16  0.947427472097960     
          37          17  0.946280493202033     
          38          18  0.947199345323080     
          39          20  0.940864881673788     
          40          21  0.945575561264031     
          41          22  0.945577746366650     
          42          23  0.940844381238127     
          43          25  0.947189339128719     
          44          26  0.946280403598030     
