           2           1   1.80695492167425     
           3           2  0.994472135299751     
           4           3   1.34727129452140     
           5           4   1.46934612483731     
           6           5   1.34834875870310     
           7           6   1.02770137485483     
           8           7  0.988569965794772     
           9           8   1.37416071548909     
          10           9   1.44157857404203     
          11          10   1.42543723059789     
          12          11   1.42294448742060     
          13           8   1.37477146813910     
          13          12   1.44026584167066     
          14           7  0.986114623290492     
          15          14   1.37633131216598     
          16          15   1.44095337792103     
          17          16   1.42562957277121     
          18          17   1.42494156649096     
          19          14   1.37380041184885     
          19          18   1.44080215494572     
          20           6   1.34645621503874     
          21           3   1.34344918430646     
          21          20   1.47327793933460     
          22           2  0.972374873503472     
          23          22   1.35501302830322     
          24          23   1.44185704795402     
          25          24   1.42807108292096     
          26          25   1.36893343978158     
          27          26  0.953662485679549     
          28          27   1.83337566535078     
          29          27  0.985569856751005     
          30          29   1.34991848041155     
          31          30   1.46679179203861     
          32          31   1.35203900328018     
          33          32   1.02337843703155     
          34          33  0.986080185416003     
          35          34   1.37417797074258     
          36          35   1.44249749032384     
          37          36   1.42447534712097     
          38          37   1.42607515668192     
          39          34   1.37665818170669     
          39          38   1.44061085129030     
          40          33  0.989782654282638     
          41          40   1.37368786580922     
          42          41   1.44061610217752     
          43          42   1.42369593791924     
          44          43   1.42524547313244     
          45          40   1.37459648351452     
          45          44   1.44183987964968     
          46          32   1.34793140459112     
          47          29   1.34740445398363     
          47          46   1.47155829077900     
          48          22   1.37733105686632     
          48          26   1.37859171416220     
          49           4  0.941180910714328     
          50           5  0.942983500468941     
          51           9  0.946240258925159     
          52          10  0.945197124481650     
          53          11  0.946451995373795     
          54          12  0.945018723071596     
          55          13  0.943685212040901     
          56          15  0.946270180945377     
          57          16  0.945234028484873     
          58          17  0.946401199343403     
          59          18  0.945181202567102     
          60          19  0.946110348443255     
          61          20  0.943277226140388     
          62          21  0.943487492817733     
          63          23  0.945992672416640     
          64          24  0.943593966803921     
          65          25  0.946333635849085     
          66          30  0.943914491975289     
          67          31  0.943665179619753     
          68          35  0.946517550351011     
          69          36  0.945225161753903     
          70          37  0.946484444970367     
          71          38  0.945252036980333     
          72          39  0.942815488726313     
          73          41  0.945775166769951     
          74          42  0.942905753987713     
          75          43  0.946482066924227     
          76          44  0.945289568599579     
          77          45  0.946395743010215     
          78          46  0.943474667860931     
          79          47  0.942397422054096     
          80          48  0.940848311023566     
