           2           1  0.953389144822430     
           3           2  0.953489580265857     
           4           2  0.947109509941415     
           5           4   1.40197762353175     
           6           5   1.43174077005426     
           7           6   1.41543056677690     
           8           7   1.45135306857893     
           9           4   1.33233541666599     
           9           8   1.35600772341670     
          10           9   1.02894377783936     
          11          10  0.947042107736910     
          12          11   1.33657053586568     
          13          12   1.45829024975288     
          14          13   1.40189382290049     
          15          14   1.35258339423369     
          16          15   1.07450116755705     
          17          16  0.982991539884346     
          18          17   1.38236613081816     
          19          18   1.43709378746084     
          20          19   1.42387876672683     
          21          20   1.42945030752425     
          22          17   1.34248962424882     
          22          21   1.40157625857701     
          23          22  0.939897746470766     
          24          23  0.973691446134785     
          25          23  0.949897876354996     
          26          23  0.938250972108023     
          27          26   1.40747606993870     
          28          27   1.42428478547967     
          29          28   1.43036810794903     
          30          29   1.42940421068459     
          31          16  0.976085939304884     
          31          26   1.33773705563549     
          31          30   1.39255030619756     
          32          11   1.43390210861068     
          32          15   1.31931130448265     
          33          10   1.02934777900378     
          34          33   1.35542466135775     
          35          34   1.45175105548037     
          36          35   1.41507447785900     
          37          36   1.43193213063816     
          38           2  0.947133092828193     
          38          33   1.33250183722471     
          38          37   1.40177976730482     
          39           1  0.975765347067126     
          40           1  0.975896787651044     
          41           1  0.977528580581438     
          42           3  0.977551360833141     
          43           3  0.975899799168834     
          44           3  0.975775894584185     
          45           5  0.942278346328449     
          46           6  0.944801419418569     
          47           7  0.943872462129948     
          48           8  0.940922351736670     
          49          12  0.945354877064605     
          50          13  0.943437612923365     
          51          18  0.943621072157018     
          52          19  0.943751655215004     
          53          20  0.944364812527968     
          54          21  0.942961549109467     
          55          24  0.977441920830397     
          56          24  0.978442722379186     
          57          24  0.977319955709799     
          58          25  0.978006414082305     
          59          25  0.975979139318613     
          60          25  0.977952043870678     
          61          27  0.942854804342987     
          62          28  0.944244743471002     
          63          29  0.943693275687980     
          64          30  0.940299125677371     
          65          32  0.941744459521826     
          66          34  0.940592136378663     
          67          35  0.943864991320797     
          68          36  0.944798182437901     
          69          37  0.942274652911437     
