           2           1   2.82599854223682     
           3           2   1.05641528315493     
           4           3   1.34176189942276     
           5           4   1.45286429263678     
           6           5   1.37963930699708     
           7           6  0.959912836920925     
           8           7   1.10920406847363     
           9           8   1.03319372110969     
          10           9   1.34956450316087     
          11          10   1.45603561548559     
          12          11   1.38338629198680     
          13          12   1.00356358658832     
          14          12   1.38865206762757     
          15           9   1.35957729095495     
          15          14   1.44928462668596     
          16           8   1.55582617718480     
          17          16   1.17332448165303     
          18          17   1.13057625664668     
          19          18   1.30994873020938     
          20          19   1.49843237436878     
          21          20   1.35879777371330     
          22          21   1.49544291786904     
          23          18   1.26651915464138     
          23          22   1.31929129910589     
          24          23   1.10761962982088     
          25          24   1.32584650118613     
          26          25   1.49033047961347     
          27          26   1.36056870463070     
          28          27   1.49702182789048     
          29          24   1.24915454644667     
          29          28   1.30514968481143     
          30           7   1.07801260018844     
          30          17   1.38786225292683     
          30          29   1.15263377576020     
          31           6   1.36914568475539     
          32           3   1.33699194179597     
          32          31   1.45718958501885     
          33           4  0.943304205142908     
          34           5  0.944651346469534     
          35          10  0.944407376747364     
          36          11  0.941764610399825     
          37          14  0.942136230063929     
          38          15  0.942112344109465     
          39          19  0.944969284569105     
          40          20  0.945359891534102     
          41          21  0.945661363723471     
          42          22  0.942185154116736     
          43          25  0.941078384091286     
          44          26  0.945359055371214     
          45          27  0.945102906899729     
          46          28  0.938938592571259     
          47          31  0.944635145521294     
          48          32  0.943181718007170     
