           2           1  0.966260727772104     
           3           2  0.976778323491784     
           4           2  0.966426903555510     
           5           2  0.938755059950649     
           6           5   1.38504882212408     
           7           6   1.44490144878242     
           8           7   1.38265281440829     
           9           8  0.937210114372148     
          10           9   1.06113700535631     
          11          10   1.32864351871107     
          12          11   1.48473152983256     
          13          12   1.34005592750213     
          14          13  0.935834096494225     
          15          14  0.966123196444512     
          16          14  0.976752081878453     
          17          14  0.965684257248374     
          18          13   1.43441453211235     
          19          10   1.30821486097699     
          19          18   1.35703444167416     
          20          19  0.979458252214611     
          21          20  0.979471111298458     
          22          21   1.35704128832964     
          23          22   1.43432901128743     
          24          23  0.935837849619393     
          25          24  0.976757963513806     
          26          24  0.965707295267212     
          27          24  0.966108165465332     
          28          23   1.34022958536229     
          29          28   1.48462283599378     
          30          21   1.30834508117246     
          30          29   1.32871400634388     
          31          30   1.06095108364904     
          32          31  0.936807427316762     
          33          32   1.39959167317025     
          34          33   1.42940874272001     
          35          34   1.40049724812018     
          36          35  0.938748370517864     
          37          36  0.966291781630774     
          38          36  0.966399636732641     
          39          36  0.976783665455315     
          40          35   1.38501012242793     
          41          32   1.38274501766822     
          41          40   1.44498059777907     
          42          31   1.06578112267961     
          43          42   1.35655842341712     
          44          43   1.43285475040792     
          45          44   1.43262009952951     
          46           9   1.06520692635221     
          46          45   1.35683449958811     
          47          20   1.04592491046055     
          47          42   1.28530612713964     
          47          46   1.28551774766480     
          48           8   1.39943378068842     
          49           5   1.40037659453784     
          49          48   1.42957076487806     
          50           1  0.978280701840660     
          51           1  0.976255671627885     
          52           1  0.978102489209973     
          53           3  0.977524030756579     
          54           3  0.977598781427940     
          55           3  0.978322406460517     
          56           4  0.978319960843528     
          57           4  0.978105702988396     
          58           4  0.976170215718357     
          59           6  0.942379743629095     
          60           7  0.945575551780350     
          61          11  0.937681425295342     
          62          12  0.941054172135672     
          63          15  0.976180672607668     
          64          15  0.977891315483685     
          65          15  0.978184886914627     
          66          16  0.977246123387056     
          67          16  0.978307773698025     
          68          16  0.976250615678283     
          69          17  0.977816290943112     
          70          17  0.978089072655557     
          71          17  0.976338836242048     
          72          18  0.936268893229958     
          73          22  0.936264764288894     
          74          25  0.978318025089954     
          75          25  0.976257984293855     
          76          25  0.977237143685979     
          77          26  0.978087134804112     
          78          26  0.976329357730513     
          79          26  0.977825436160160     
          80          27  0.978180586895290     
          81          27  0.977880636247799     
          82          27  0.976180832475044     
          83          28  0.941035318824385     
          84          29  0.937709863630172     
          85          33  0.945564321908710     
          86          34  0.942641089246312     
          87          37  0.978288797778501     
          88          37  0.976243778051175     
          89          37  0.978104459781291     
          90          38  0.978102446411392     
          91          38  0.976176309301213     
          92          38  0.978310614541540     
          93          39  0.977535036473266     
          94          39  0.977587608235182     
          95          39  0.978325116079419     
          96          40  0.942373240966333     
          97          41  0.945594685311076     
          98          43  0.939820605572707     
          99          44  0.940898936281694     
         100          45  0.939860040329758     
         101          48  0.945561151789784     
         102          49  0.942641850125284     
