           2           1   1.42499388037193     
           3           2   1.44222715759074     
           4           3   1.37424867749272     
           5           4  0.990384705981359     
           6           5  0.999880150710271     
           7           6   1.37015283187027     
           8           7   1.44420097415938     
           9           8   1.42380643888606     
          10           9   1.42404215030174     
          11           6   1.37018427748896     
          11          10   1.44373573698858     
          12           5   1.00550762377928     
          13          12   1.36104186638208     
          14          13   1.45947524214806     
          15          14   1.36129185209388     
          16          15   1.01073805194056     
          17          16   1.36141915080683     
          18          17   1.45765169304132     
          19          18   1.35731670193060     
          20          19   1.01620677977226     
          21          20   1.56372456770643     
          22          21   1.16814102561489     
          23          22   1.13328254621295     
          24          23   1.30851587683893     
          25          24   1.49976636732666     
          26          25   1.35767170220706     
          27          26   1.49605432454586     
          28          23   1.26534254077940     
          28          27   1.31895501421388     
          29          28   1.10853141215865     
          30          29   1.32476696720785     
          31          30   1.49133092831950     
          32          31   1.35956546653200     
          33          32   1.49807611771074     
          34          29   1.24977017342638     
          34          33   1.30429428124577     
          35          22   1.38839594008273     
          35          34   1.15254175534960     
          36          20   1.11830891556642     
          36          35   1.08231801690741     
          37          36  0.954036815817827     
          38          37   1.37765980357828     
          39          38   1.42712849372728     
          40          39   1.43997544400289     
          41          40   1.36966497067026     
          42          41   1.00278223130045     
          43          42   1.33697860075244     
          44          43   1.46560344044872     
          45          44   1.36097782240120     
          46          45   1.25592911831432     
          47          42   1.39630783858186     
          47          46   1.36732137246289     
          48          46   1.08656196899228     
          49          48   1.35359440425822     
          50          49   1.45967401405051     
          51          50   1.39190361637463     
          52          51   1.45258530259644     
          53          48   1.26453342494460     
          53          52   1.36866974935096     
          54          45   1.06481052309830     
          54          53   1.05610822890645     
          55          54  0.969469898454564     
          56          55   1.38720796523747     
          57          56   1.43600752094776     
          58          57   1.42858627661426     
          59          58   1.42822909357749     
          60          55   1.38669714124238     
          60          59   1.43639112419242     
          61          37   1.39948683439631     
          61          41   1.37328473852270     
          62          19   1.35788173039085     
          63          16   1.35971845264557     
          63          62   1.45888748374167     
          64          15   1.35993203656483     
          65          12   1.36099587667992     
          65          64   1.45920989623316     
          66           4   1.37365938002231     
          67           1   1.42459651548454     
          67          66   1.44281866813707     
          68           1  0.946547917871322     
          69           2  0.945286626325600     
          70           3  0.946468838625790     
          71           7  0.946074476367109     
          72           8  0.945339528134396     
          73           9  0.946631617569086     
          74          10  0.944727330018190     
          75          11  0.942933981386255     
          76          13  0.944206591157068     
          77          14  0.943745904594189     
          78          17  0.943920098181126     
          79          18  0.944893618962676     
          80          24  0.944883036236224     
          81          25  0.945369574406176     
          82          26  0.945711298554241     
          83          27  0.942213365416453     
          84          30  0.941191812614846     
          85          31  0.945425858321281     
          86          32  0.945154493510387     
          87          33  0.938536491573411     
          88          38  0.945968843002390     
          89          39  0.942669388256110     
          90          40  0.944736774175014     
          91          43  0.943553916360095     
          92          44  0.942028334919100     
          93          47  0.941569325110405     
          94          49  0.942615522326298     
          95          50  0.944466123067471     
          96          51  0.944632687162449     
          97          52  0.943902083418730     
          98          56  0.946796131820915     
          99          57  0.945220232419301     
         100          58  0.946195882596978     
         101          59  0.945181517490750     
         102          60  0.946673134389709     
         103          61  0.944351740234457     
         104          62  0.943559160985888     
         105          63  0.944407827226694     
         106          64  0.943541685130915     
         107          65  0.944110487676353     
         108          66  0.946457383307771     
         109          67  0.945254396239105     
