           2           1   1.42446004443437     
           3           2   1.44318304220402     
           4           3   1.37225311265638     
           5           4  0.995761160726605     
           6           5  0.995425181338753     
           7           6   1.37271669656271     
           8           7   1.44273465131750     
           9           8   1.42481994426516     
          10           9   1.42373387837705     
          11           6   1.37120594163753     
          11          10   1.44394930048963     
          12           5   1.00500440642474     
          13          12   1.35935774359436     
          14          13   1.46128771626226     
          15          14   1.35883082675433     
          16          15   1.01231994265888     
          17          16   1.47168454957117     
          18          17   1.33218623786259     
          19          18   1.47122360995751     
          20          19   1.01337816345254     
          21          20   1.35856842316328     
          22          21   1.46116574233233     
          23          22   1.35983500336538     
          24          23   1.00377323257809     
          25          24  0.995957977195195     
          26          25   1.37214764486722     
          27          26   1.44316649735819     
          28          27   1.42445428270724     
          29          28   1.42415550103453     
          30          25   1.37166453433932     
          30          29   1.44361406782368     
          31          24  0.996309465935987     
          32          31   1.37231193077522     
          33          32   1.44289233616240     
          34          33   1.42471301341525     
          35          34   1.42367870866301     
          36          31   1.37089535335029     
          36          35   1.44410496489931     
          37          23   1.36074882204982     
          38          20   1.35734779494104     
          38          37   1.46014898432817     
          39          19   1.19931521707392     
          40          39   1.30212310508628     
          41          40   1.39339169691958     
          42          41   1.11523544899228     
          43          42   1.39354886740912     
          44          16   1.19962973235268     
          44          39   1.16623030285775     
          44          43   1.30192145106489     
          45          42   1.18463145877527     
          46          45   1.11793653719242     
          47          46   1.17505798871714     
          48          47   1.65887773418563     
          49          45   1.37124268099817     
          49          48   1.20268857426385     
          50          49   1.12045792979484     
          51          50   1.20270639866684     
          52          51   1.65886490229146     
          53          52   1.17505506223763     
          54          41   1.18470189894347     
          54          50   1.37121441462817     
          54          53   1.11788590996804     
          55          15   1.35787914848792     
          56          12   1.36049152958552     
          56          55   1.45993732745820     
          57           4   1.37170685949708     
          58           1   1.42415961555628     
          58          57   1.44356553534494     
          59           1  0.946625659893519     
          60           2  0.945343965811345     
          61           3  0.946330123375363     
          62           7  0.946377677058481     
          63           8  0.945375084963407     
          64           9  0.946665905060108     
          65          10  0.945374504543767     
          66          11  0.945981439592529     
          67          13  0.944274121577929     
          68          14  0.942226820057002     
          69          17  0.942516722747321     
          70          18  0.942469488618010     
          71          21  0.942087731810400     
          72          22  0.944329588923653     
          73          26  0.946346438645646     
          74          27  0.945347364669415     
          75          28  0.946625611081854     
          76          29  0.945326703851184     
          77          30  0.946292466173348     
          78          32  0.946328135353660     
          79          33  0.945374689898537     
          80          34  0.946671526265660     
          81          35  0.945374403033169     
          82          36  0.945973442774110     
          83          37  0.944230724734218     
          84          38  0.943753169600880     
          85          47  0.950159909633296     
          86          48  0.939005112830771     
          87          51  0.939002902547202     
          88          52  0.950160296474571     
          89          55  0.943803148873260     
          90          56  0.944141155388563     
          91          57  0.946306117661713     
          92          58  0.945327293224780     
