 -0.339243554202505     
  0.408966487701342     
 -0.339233052625675     
 -4.397267066084787E-003
 -9.101066075849928E-003
 -2.212674676974569E-002
  6.828346711895605E-002
 -0.129173223638221     
  4.576282926881614E-002
 -5.530619641790757E-002
 -4.272972186911517E-002
 -4.720237013461226E-002
 -4.540359721847942E-002
  7.390894668822501E-002
 -0.140074067511529     
  7.527694640768345E-002
 -4.498552905234909E-002
 -4.725305012563030E-002
 -4.445652341000894E-002
 -5.770886893526583E-002
  4.598493445725849E-002
 -2.240057323295108E-002
 -1.208170653165919E-002
 -4.401131179108120E-003
 -1.206632016176101E-002
 -2.240320009130237E-002
  6.828265391561361E-002
 -0.129175617839356     
  4.577340251183015E-002
 -5.531565744706768E-002
 -4.273130993824825E-002
 -4.720310283966356E-002
 -4.540336359336195E-002
  7.390900710522708E-002
 -0.140075760546962     
  7.527589203496721E-002
 -4.498428150847911E-002
 -4.725555917971924E-002
 -4.445615739266895E-002
 -5.770260083021750E-002
  4.597921828457352E-002
 -2.212544514458070E-002
 -9.117506801295860E-003
  5.501209108810834E-002
  4.990705581723220E-002
  4.282040483651739E-002
  4.436423936453393E-002
  4.317554724934303E-002
  4.124964661563435E-002
  4.160031627639904E-002
  4.322128302064165E-002
  4.375442895066195E-002
  4.144093213624267E-002
  4.986392265548389E-002
  5.353603155386322E-002
  5.354071737688670E-002
  4.985878050779857E-002
  4.282576639734703E-002
  4.436404437073938E-002
  4.317409385520032E-002
  4.124923988449036E-002
  4.160317177543171E-002
  4.321962615798858E-002
  4.375534401022763E-002
  4.143273047459106E-002
  4.991201819999525E-002
  5.500891124152385E-002
