 -0.191572585679721     
  0.124141240338016     
  7.212686327873108E-002
 -0.163726198488259     
  5.296155488947818E-002
  5.301618781827511E-002
 -0.163940356429867     
  7.263538036513717E-002
  0.124598947584465     
 -0.191399632438890     
 -6.524706997730334E-004
  3.088570023890735E-003
 -2.289108538026596E-002
  1.591721044307937E-002
  2.293021761041292E-003
 -4.297005778256935E-002
  3.456016089093961E-003
 -1.697144512514015E-003
 -3.954350575136267E-002
 -3.276334678135040E-002
 -3.445454455751928E-002
 -3.260526195934776E-002
 -3.870977942511189E-002
 -4.076613384033312E-002
  2.672418381703512E-003
 -1.777640253006751E-003
 -4.045879938940988E-002
 -3.304630775693340E-002
 -3.431498973698233E-002
 -3.217801233365059E-002
 -3.806902862356143E-002
 -4.406780574415059E-002
  9.244149284044045E-003
 -1.905442562592885E-002
 -1.674631967317719E-002
  1.145023811986334E-003
  1.626679043514656E-003
 -3.917560098452100E-002
  5.463870202410970E-002
  4.732113922407000E-002
  4.055678098833282E-002
  3.656457795054135E-002
  3.916373273217932E-002
  3.872671389370486E-002
  3.926544132396226E-002
  3.739298182927764E-002
  4.159858167639607E-002
  3.589076839843897E-002
  3.897759262386469E-002
  3.877220553546057E-002
  3.944462596303211E-002
  3.783252078152599E-002
  4.124152141531556E-002
  5.002568853711420E-002
  4.748703301728907E-002
  5.275716282114407E-002
