 -3.799971446556683E-002
 -2.998212748047013E-002
 -3.539528335371056E-002
  6.115471294906216E-002
 -9.407095207742966E-002
  3.548903565684824E-002
 -4.459861352896777E-002
 -4.028475343304549E-002
 -4.906045886086385E-002
 -3.659652780431966E-002
 -2.750270988500159E-002
 -2.755558795959523E-002
 -4.156452218849616E-002
 -1.291337154753247E-002
 -1.129080972908891E-002
 -4.229277381464325E-002
 -4.188976566323710E-002
  3.473218324491301E-002
 -2.652209526335003E-002
 -4.123871094676002E-002
 -2.613436378170952E-002
 -3.575437221473976E-002
 -4.769193357885637E-002
 -3.951177652094096E-002
 -4.552204571384966E-002
  3.577463722083163E-002
 -9.103688038026903E-002
  6.615364054700468E-002
 -3.359841475806302E-002
 -2.006122690206968E-002
  6.972848500397699E-003
  5.044566144218843E-002
 -2.791723502023480E-002
 -1.308320000849950E-002
 -2.899957468652925E-002
  2.064349371457830E-002
 -0.200880534410214     
  6.132861643314325E-002
 -9.486085370337793E-002
  3.383769914173307E-002
 -4.646466903834856E-002
 -4.029357453799864E-002
 -4.869732475438138E-002
 -3.674742874641534E-002
 -2.753314564465814E-002
 -2.888254902166931E-002
 -4.276994036526460E-002
 -1.273807606457122E-002
 -1.298492148499708E-002
 -4.382489072134188E-002
 -4.337088669606182E-002
  3.403778342596953E-002
 -2.779277752878784E-002
 -4.159552870803562E-002
 -2.761006618917161E-002
 -3.673743368463711E-002
 -4.923681425217019E-002
 -4.037145476143511E-002
 -4.460830321263742E-002
  3.538937169734657E-002
 -9.442070780936085E-002
  6.107949963907755E-002
 -3.509042491660352E-002
 -2.982304335262320E-002
 -3.792956962248972E-002
 -3.007427681071828E-002
 -3.544742910100052E-002
 -4.108121783719465E-002
 -3.759035988164694E-002
  3.491842104217291E-002
 -3.426802279977537E-002
 -4.372532799655282E-002
 -4.307933618339010E-002
  3.435976929138551E-002
 -3.537029703032335E-002
 -2.998149171880371E-002
  3.978635027918698E-002
  4.271396948102868E-002
  3.973224439304435E-002
  4.039898039530210E-002
  4.304038477545236E-002
  4.005043529981822E-002
  4.217663184235965E-002
  4.246000970533370E-002
  4.497526940515129E-002
  4.399492042931741E-002
  4.267559078058114E-002
  4.255410972381701E-002
  4.030553849805574E-002
  4.328491155597414E-002
  4.101630555121283E-002
  4.659056326511846E-002
  5.635402032119463E-002
  4.185039684212688E-002
  4.175500503337193E-002
  3.986739351937507E-002
  4.915184290381336E-002
  4.063299604855575E-002
  4.335421498556524E-002
  4.033193626017206E-002
  4.250247194213341E-002
  4.197402819821261E-002
  4.419897482611213E-002
  4.281301655854408E-002
  4.252266727898790E-002
  4.210634746993713E-002
  3.996097151026190E-002
  4.304413721426004E-002
  4.039652757749401E-002
  3.992645747311185E-002
  4.285122712231482E-002
  3.980680584092622E-002
  4.267885798614368E-002
  3.964134464038183E-002
  4.506295359554191E-002
  4.673032412357914E-002
  4.460837585404986E-002
  4.430243744933260E-002
  4.293307459789997E-002
  3.977820616655148E-002
  4.274187748706693E-002
