           2           1   2.83297015672681     
           3           2   1.04887320272222     
           4           3   1.35743157559941     
           5           4   1.35740633075059     
           6           5   1.04888102930292     
           7           6   2.83296208533485     
           8           5   1.34098859755773     
           9           8   1.39131888096156     
          10           9  0.963303429937221     
          11          10   1.31291053865668     
          12          11   1.21545551030594     
          13          12   1.59719641761495     
          14          13   1.26486052985487     
          15          14   1.59716497719026     
          16          11   1.17327925826443     
          16          15   1.21550172973460     
          17          16   1.31281074106587     
          18          17  0.963605807461634     
          19          18   1.39118992323272     
          20          19   1.34099930440933     
          21          20   1.04888600570294     
          22          21   2.83295758375157     
          23          20   1.35739962137944     
          24          23   1.35740516882810     
          25          24   1.04888710914617     
          26          25   2.83295593309610     
          27          18   1.39120251406305     
          27          24   1.34099395651647     
          28          17   1.31279411752505     
          29          28   1.21550547904309     
          30          29   1.59716344713237     
          31          30   1.26486057451811     
          32          31   1.59719928373901     
          33          10   1.31292717988777     
          33          28   1.17328009806225     
          33          32   1.21544798154476     
          34           3   1.34096630850838     
          34           9   1.39134632380188     
          35           4  0.944000366660659     
          36           8  0.944767789126893     
          37          12  0.941627264238025     
          38          13  0.945214782931009     
          39          14  0.945217277638363     
          40          15  0.941619006672515     
          41          19  0.944760899267628     
          42          23  0.943999352217721     
          43          27  0.944760690418429     
          44          29  0.941612900305226     
          45          30  0.945217205563991     
          46          31  0.945214771208830     
          47          32  0.941628819129164     
          48          34  0.944767741922783     
