           2           1   1.70708674910643     
           3           2  0.812535091133058     
           4           3   1.40714149211452     
           5           4   1.42890635949825     
           6           5   1.42564704840420     
           7           6   1.43455575560558     
           8           3   1.41554145773809     
           8           7   1.42076251825787     
           9           2  0.808618344112007     
          10           9   1.41303823828299     
          11          10   1.42152365744403     
          12          11   1.43225172829407     
          13          12   1.42411981973208     
          14           9   1.40813082723322     
          14          13   1.42754988963164     
          15           2  0.792505088894031     
          16          15   1.55477315238232     
          17          16   1.23737563361498     
          18          17   1.29008911433081     
          19          18   1.39920412372673     
          20          19   1.10287742798165     
          21          20   1.40432606448761     
          22          17   1.16238560114458     
          22          21   1.27671406444141     
          23          22   1.27175143870171     
          24          15   1.22308504703534     
          24          23   1.48188222449974     
          25          24   1.00615361416114     
          26          25   1.36034654949666     
          27          26   1.46138037939979     
          28          27   1.35607769453554     
          29          28   1.01354698652925     
          30          29  0.993299925349090     
          31          30   1.37363021222341     
          32          31   1.44227133109588     
          33          32   1.42510450788591     
          34          33   1.42408196750490     
          35          30   1.37225539433620     
          35          34   1.44300633502211     
          36          29  0.989490578118841     
          37          36   1.37367000876717     
          38          37   1.44256340866724     
          39          38   1.42459654350046     
          40          39   1.42529084640186     
          41          36   1.37503153382868     
          41          40   1.44184844618022     
          42          28   1.35879878041119     
          43          25   1.36074925171486     
          43          42   1.45891146388634     
          44          20   1.18663047004799     
          45          44   1.11828393587376     
          46          45   1.17847503317742     
          47          46   1.65448468505892     
          48          44   1.36882004233628     
          48          47   1.20590015041995     
          49          48   1.11937600413246     
          50          49   1.20550848303878     
          51          50   1.65523127405439     
          52          51   1.17760179388697     
          53          19   1.18739177141263     
          53          49   1.36852552069154     
          53          52   1.11832927791656     
          54           4  0.945408417828563     
          55           5  0.943902580005624     
          56           6  0.944476590664894     
          57           7  0.944110635344455     
          58           8  0.945366362900212     
          59          10  0.945429234989825     
          60          11  0.943645449928398     
          61          12  0.943637020401352     
          62          13  0.943567503066606     
          63          14  0.945073092101281     
          64          16  0.936316060847029     
          65          23  0.936564061858375     
          66          26  0.943957065472680     
          67          27  0.943747705306385     
          68          31  0.946307411177290     
          69          32  0.945352206657142     
          70          33  0.946586955255032     
          71          34  0.945442724996923     
          72          35  0.942644725106895     
          73          37  0.946337286659202     
          74          38  0.945221840680723     
          75          39  0.946546288448143     
          76          40  0.945371710053397     
          77          41  0.946569162326405     
          78          42  0.943758379022503     
          79          43  0.939305085540864     
          80          46  0.950079617884173     
          81          47  0.939048231981679     
          82          50  0.939013534472256     
          83          51  0.950108437524257     
