           2           1  0.976206596476592     
           3           2  0.966121790375613     
           4           2  0.965398252875317     
           5           2  0.938304105602611     
           6           5   1.40038530321550     
           7           6   1.42952279119545     
           8           7   1.38115237711790     
           9           8   1.29933049739462     
          10           5   1.36592283573258     
          10           9   1.44190023912725     
          11           9  0.924274359653758     
          12          11  0.920618254892284     
          13          12   1.40234130542362     
          14          13   1.36640646080578     
          15          14  0.999907425097351     
          16          15   1.36505698997484     
          17          16   1.43118246115928     
          18          17   1.42937041880015     
          19          18   1.41475293905995     
          20          15   1.36887275949286     
          20          19   1.43788282414336     
          21          14   1.38270690288542     
          22          21   1.37686555669295     
          23          22   1.00028722918631     
          24          23   1.36554842372315     
          25          24   1.43077602271796     
          26          25   1.42970579844601     
          27          26   1.41441680781024     
          28          23   1.36810596589762     
          28          27   1.43855760600207     
          29          12   1.39453106805745     
          29          22   1.37231707900163     
          30          11  0.922607175155212     
          31          30   1.35313256488669     
          32          31   1.45815707166022     
          33          32   1.36430607084460     
          34          33   1.26444625436097     
          35          30   1.42732065521165     
          35          34   1.35324642750917     
          36          34   1.08658906019490     
          37          36   1.35341406947847     
          38          37   1.46051362915003     
          39          38   1.39401408564923     
          40          39   1.45193790341122     
          41          36   1.26449521097526     
          41          40   1.36964064841371     
          42          33   1.05648615856264     
          42          41   1.05461649120335     
          43          42  0.974815768178222     
          44          43   1.38064001674402     
          45          44   1.43374868746353     
          46          45   1.43339913704950     
          47          46   1.38109645380025     
          48          47  0.974660413940875     
          49          48   1.05625107395650     
          50          49   1.36929939448097     
          51          50   1.45194797490691     
          52          51   1.39417543719013     
          53          52   1.46033449261984     
          54          49   1.26455260589810     
          54          53   1.35355059007503     
          55          54   1.08786022206588     
          56          55   1.35305745123655     
          57          56   1.46077091668901     
          58          57   1.39402333242841     
          59          58   1.45212972888996     
          60          48   1.05483025821803     
          60          55   1.26530646618901     
          60          59   1.36945765279883     
          61          43   1.39014772726343     
          61          47   1.38998452285581     
          62          11  0.923635604691346     
          63          62   1.44152689599417     
          64          63   1.36625759334128     
          65          64  0.938312204131688     
          66          65  0.976176752829119     
          67          65  0.965425084178009     
          68          65  0.966126542678329     
          69          64   1.40005714275286     
          70          69   1.42987335445206     
          71           8   1.03799116693497     
          71          62   1.30004994942850     
          71          70   1.38077241936846     
          72           1  0.977608418185106     
          73           1  0.977526040695132     
          74           1  0.978145586490970     
          75           3  0.978054226685072     
          76           3  0.975999715860748     
          77           3  0.978267295993587     
          78           4  0.978015834355321     
          79           4  0.976192662969745     
          80           4  0.978275653951200     
          81           6  0.942944465400528     
          82           7  0.943452421459072     
          83          10  0.941760915269827     
          84          13  0.942262454714188     
          85          16  0.944761029109768     
          86          17  0.945752615976506     
          87          18  0.949094847733959     
          88          20  0.948417743667355     
          89          21  0.944122017503797     
          90          24  0.944921515062183     
          91          25  0.945730054746361     
          92          26  0.949078138960071     
          93          28  0.948288131529586     
          94          29  0.942636584892545     
          95          31  0.941521899807659     
          96          32  0.941475824420531     
          97          35  0.940963119069447     
          98          37  0.944620899688507     
          99          38  0.945041686861164     
         100          39  0.944695918800036     
         101          40  0.943528349257330     
         102          44  0.944727095152348     
         103          45  0.941230083277249     
         104          46  0.944747777330708     
         105          50  0.943882321140077     
         106          51  0.944788886030614     
         107          52  0.945084019973343     
         108          53  0.944704245105607     
         109          56  0.944764613523797     
         110          57  0.945065879358979     
         111          58  0.944603716520362     
         112          59  0.943663298094443     
         113          61  0.944338050642061     
         114          63  0.941706230381502     
         115          66  0.978146585180550     
         116          66  0.977690986675949     
         117          66  0.977458373530019     
         118          67  0.978014862640760     
         119          67  0.976155553737434     
         120          67  0.978237324202707     
         121          68  0.975951545114355     
         122          68  0.978364349030620     
         123          68  0.978049874104997     
         124          69  0.942955578023854     
         125          70  0.943483833815881     
