           2           1  0.988928984679361     
           3           2   1.37651407347265     
           4           3   1.41983155378630     
           5           4  0.991267548143019     
           6           4   1.33695147293281     
           7           6  0.914501290362917     
           8           7  0.927637556127119     
           9           8   1.37490399448744     
          10           9   1.44127603954999     
          11          10   1.42275645834125     
          12          11   1.42276534217508     
          13           8   1.37486981606960     
          13          12   1.44128755987343     
          14           7  0.914388939326052     
          15          14   1.36532489754300     
          16          15  0.988995130462394     
          17          15   1.39063500385007     
          18          17   1.40635189577232     
          19          18  0.988947639924202     
          20          18   1.37837531561429     
          21          14   1.33856298218577     
          21          20   1.41782147810667     
          22          21  0.991281986806196     
          23           6   1.36684972567569     
          24          23  0.989015666953753     
          25           2   1.40822849829312     
          25          23   1.38868151964039     
          26           1  0.971358007151025     
          27           1  0.978798524136048     
          28           1  0.971831993679202     
          29           3  0.941156097918449     
          30           5  0.967571239085158     
          31           5  0.969551723651649     
          32           5  0.978188122848114     
          33           9  0.946692665497855     
          34          10  0.945180583220451     
          35          11  0.946356122070184     
          36          12  0.945180262085560     
          37          13  0.946680343238596     
          38          16  0.971835339903147     
          39          16  0.971801258352261     
          40          16  0.972112679483105     
          41          17  0.941397852041476     
          42          19  0.978239455703229     
          43          19  0.969281088062383     
          44          19  0.974436704843103     
          45          20  0.941022804940057     
          46          22  0.967605227163981     
          47          22  0.978183697802183     
          48          22  0.969504158633422     
          49          24  0.971865965072392     
          50          24  0.972154004577209     
          51          24  0.971757517425462     
          52          25  0.941255786586303     
