 -3.786655437346109E-002
 -2.989060124736387E-002
 -3.535166545930934E-002
  6.100990608264212E-002
 -9.425992805633232E-002
  3.530720235259510E-002
 -4.458614582088760E-002
 -4.011500164073212E-002
 -4.889135844998016E-002
 -3.636931473866412E-002
 -2.778602065906810E-002
 -2.811356430944834E-002
 -3.924222904493746E-002
 -1.069478918071809E-002
 -1.040759339057029E-002
 -3.290187451568727E-003
 -3.989073801921261E-002
 -3.646848709773920E-002
 -3.574682903935056E-002
 -4.035340528744769E-002
 -2.956417777459031E-003
 -1.341691047438687E-002
  3.254213419368046E-003
 -3.593875872047825E-002
 -3.993685638329492E-002
 -4.618181527035858E-003
 -3.988349891111920E-002
 -3.481924407220127E-002
 -3.482266975131143E-002
 -3.879446723991364E-002
 -2.075780251335146E-003
 -4.391749458380367E-002
 -3.149095207382935E-003
 -4.047851023410320E-002
 -3.550895246985686E-002
 -3.621870584010356E-002
 -3.941866193609300E-002
 -3.020450301671751E-003
 -4.206505748145517E-002
 -4.349927489822925E-002
  3.425677177025133E-002
 -3.559813053173144E-002
 -2.990626451500056E-002
  3.987603771981696E-002
  4.280941997162113E-002
  3.979280709130306E-002
  4.048620385958768E-002
  4.310218294681667E-002
  4.013986689981175E-002
  4.249681349030332E-002
  4.293670524116977E-002
  4.227150149617764E-002
  4.041573950429500E-002
  4.054189470349667E-002
  4.203452761168269E-002
  4.084014665362123E-002
  3.967941854952695E-002
  3.732363756652191E-002
  3.992635661975596E-002
  4.014690402566756E-002
  3.760406111258119E-002
  3.748111986247094E-002
  4.197658943510607E-002
  4.050981169512646E-002
  4.058185293851435E-002
  4.265150735188805E-002
  4.435116154843577E-002
  4.314847662763210E-002
  3.963738832426089E-002
  4.277756990268644E-002
