           2           1   1.42840811751360     
           3           2   1.43624785052723     
           4           3   1.38664263995095     
           5           4  0.970797973363833     
           6           5   1.05755676451897     
           7           6   1.36850437975278     
           8           7   1.45278066275916     
           9           8   1.39340529455541     
          10           9   1.46073521794323     
          11           6   1.26359733828006     
          11          10   1.35332599256448     
          12          11   1.08700955453300     
          13          12   1.35812628648521     
          14          13   1.40943696306586     
          15          14  0.973141280652173     
          16          15   1.30947373477437     
          17          16   1.21669999689003     
          18          17   1.59608705979336     
          19          18   1.26541462135041     
          20          19   1.59655262099911     
          21          16   1.17455873311996     
          21          20   1.21598095319563     
          22          21   1.31115838892819     
          23          22  0.968683664349976     
          24          23   1.25737281919142     
          25          24   1.56557480302125     
          26          25   1.25175055739566     
          27          26   1.25789742941114     
          28          27   1.55569921010742     
          29          28   1.30502027047564     
          30          29   1.55734890999792     
          31          26   1.22158274843433     
          31          30   1.25353931920517     
          32          23   1.50708742966793     
          32          31   1.25854774637640     
          33          22   1.31115759289360     
          34          33   1.21597173907149     
          35          34   1.59648984990692     
          36          35   1.26553872594817     
          37          36   1.59594278559212     
          38          15   1.30916782767215     
          38          33   1.17469803675407     
          38          37   1.21679588661307     
          39          14   1.34290962282454     
          40          39   1.45980398149109     
          41           5   1.06039239024372     
          41          12   1.26053225926019     
          41          40   1.36380735767676     
          42           4   1.38625897138401     
          43           1   1.42820266574444     
          43          42   1.43655182722064     
          44           1  0.946213285501685     
          45           2  0.945223109888252     
          46           3  0.946694323034667     
          47           7  0.943777629074859     
          48           8  0.944764303950655     
          49           9  0.945060135215779     
          50          10  0.944656232694550     
          51          13  0.943427114247892     
          52          17  0.940555986213455     
          53          18  0.945544267394644     
          54          19  0.945505850287368     
          55          20  0.940987862050592     
          56          24  0.945096166480081     
          57          25  0.942368709159283     
          58          27  0.944696924457500     
          59          28  0.946236066508274     
          60          29  0.946036310278260     
          61          30  0.944572994488914     
          62          32  0.943467574061864     
          63          34  0.940974354746005     
          64          35  0.945500162684507     
          65          36  0.945545142643181     
          66          37  0.940542124516287     
          67          39  0.943544456731134     
          68          40  0.941760176336080     
          69          42  0.946688681261478     
          70          43  0.945211464733894     
