 -0.101397987841954     
  2.330293806604056E-002
 -0.101520471820321     
 -1.962493788842412E-002
 -4.808459542025822E-002
 -1.569312593226257E-002
 -4.793085495586880E-004
 -4.163095317226961E-002
 -3.488425077175084E-002
 -3.790303470774070E-002
 -3.374285832882595E-002
 -4.060462059932579E-002
 -4.224222000092404E-002
 -5.861880283612564E-002
  4.884088372766948E-002
 -0.116814190505195     
  7.087742858262880E-002
 -1.654379731264388E-002
 -7.197647989391598E-003
 -4.268060747789626E-003
  0.422591668493490     
 -0.332073973638893     
 -0.332073946441631     
 -4.678923829217752E-003
 -1.429821433000189E-002
 -1.976894252180195E-002
  7.092013446806389E-002
 -0.115624223785940     
  4.955329440894918E-002
 -5.487506228368666E-002
 -3.918165759148717E-002
 -1.590832840044865E-002
 -1.105906249222244E-003
 -4.141766965941951E-002
 -3.503491188861130E-002
 -3.787513226549333E-002
 -3.461083190569614E-002
 -4.095326633840912E-002
 -4.773245880038690E-002
 -1.982297629861662E-002
  2.315821865264134E-002
 -0.101597553673750     
 -0.101452186279053     
 -1.946199618708366E-002
 -4.809135932200093E-002
 -1.528723309355051E-002
  1.576709502728590E-004
 -4.028856154313498E-002
 -3.389910178704802E-002
 -3.802845211179662E-002
 -3.487152231932278E-002
 -4.102891047429402E-002
 -4.214994642075087E-002
 -5.818958450253753E-002
  4.889102452870686E-002
 -1.727711624937456E-002
 -7.199104032785897E-003
 -1.350128235754156E-002
 -1.909960373751129E-002
  4.974251391909545E-002
 -5.476205616327245E-002
 -3.904065715941218E-002
 -1.620924622484043E-002
 -1.174000181894286E-003
 -4.137746167862666E-002
 -3.498696000231405E-002
 -3.789269237936654E-002
 -3.468963213699983E-002
 -4.107969869343364E-002
 -4.764352608888078E-002
 -2.016116763683584E-002
  3.386299900542711E-002
  3.461936491529471E-002
  3.406325033269808E-002
  3.429993372213658E-002
  3.420307588953131E-002
  3.455242642016310E-002
  4.573855665615889E-002
  3.642681624142263E-002
  3.765388203724529E-002
  3.675413796871818E-002
  3.817410288668310E-002
  3.674673742014356E-002
  4.702624469940675E-002
  3.957818630361032E-002
  5.037523377062969E-002
  5.624782520793226E-002
  5.248844984896206E-002
  4.923727420869628E-002
  4.153547770644561E-002
  4.449550018737569E-002
  3.646714387830596E-002
  3.816230779806407E-002
  3.762824435980683E-002
  3.844248131949179E-002
  3.657254722655756E-002
  4.502169152974722E-002
  3.416546961873523E-002
  3.388738961599747E-002
  3.427492155232648E-002
  3.422892439581382E-002
  3.453335277538061E-002
  3.464340477446504E-002
  4.560906434036416E-002
  3.665937366107030E-002
  3.783363298992248E-002
  3.679344856772704E-002
  3.764928747944896E-002
  3.657950665029575E-002
  4.737599751398835E-002
  3.969067593293474E-002
  5.025693373514417E-002
  5.605495661615423E-002
  5.292314376381724E-002
  4.936185230657508E-002
  4.107530143170024E-002
  4.452220173114851E-002
  3.651292720664256E-002
  3.820097592913485E-002
  3.763700468346431E-002
  3.841330495083806E-002
  3.654556403202602E-002
  4.488961949776960E-002
