 -0.218720418267689     
  0.101845901559953     
  1.010251734699352E-002
 -2.117555647223135E-002
 -2.605665474845598E-002
  1.195058440101349E-002
 -1.394406398989734E-002
 -2.324253428994894E-003
 -4.096893266910939E-002
 -3.239556363032481E-002
 -3.286700214191196E-002
 -3.996786852574630E-002
 -2.589432408442782E-003
 -1.120730248613899E-002
  3.139675340648740E-003
 -2.743284899771581E-002
 -3.775353628253963E-002
  2.595612730913022E-002
  0.108052440879309     
 -0.203468217992937     
 -3.917179536162330E-003
  1.328027611981675E-002
 -2.707029176393760E-002
 -3.423608079645479E-002
 -3.838217424375845E-002
 -4.271528938552294E-002
 -9.396305924037840E-003
 -2.740632188468872E-003
 -3.866896982195289E-002
 -3.832471779358393E-002
 -3.387805705409352E-002
 -4.025200240031168E-002
  3.523313079059953E-003
  4.590509449475455E-002
 -8.896436183109646E-002
 -2.101186648637654E-002
 -2.490533279359219E-002
 -2.227456305016418E-003
 -3.954294849086981E-002
 -3.236007350674885E-002
 -3.205252058238273E-002
 -4.116422338094594E-002
 -2.196984561117610E-003
 -2.635469389390455E-002
 -2.137711867068681E-002
  4.865215962503389E-002
  4.290801838753899E-002
  4.144763728384504E-002
  4.166596464583350E-002
  4.167074633213441E-002
  4.231708276916568E-002
  4.230974614035310E-002
  4.366489246345029E-002
  4.394719191586249E-002
  4.085064061495458E-002
  3.949992570561023E-002
  4.174903648422190E-002
  4.393028965141876E-002
  4.060746006412741E-002
  4.097758748010283E-002
  3.900337677412880E-002
  5.098051118981783E-002
  4.371536570306034E-002
  4.272265527995278E-002
  4.190301640318750E-002
  4.168058904445171E-002
  4.136385368869666E-002
  4.271383142837570E-002
  4.857342384710484E-002
