           2           1   2.82293758924789     
           3           2   1.05865022755518     
           4           3   1.32935742841018     
           5           4   1.47177099536860     
           6           5   1.34046152955886     
           7           6   1.04159295376518     
           8           7   1.55059821436880     
           9           8   1.18042252896179     
          10           9   1.13369383399642     
          11          10   1.30413492342378     
          12          11   1.50986073472941     
          13          12   1.30610692444133     
          14          13   1.00529912869902     
          15          14   1.35916540154755     
          16          15   1.46118049213413     
          17          16   1.35955932056133     
          18          17   1.00377827451459     
          19          18  0.997314649049579     
          20          19   1.37142032755204     
          21          20   1.44356349917226     
          22          21   1.42428837926214     
          23          22   1.42422988352579     
          24          19   1.37147314218344     
          24          23   1.44364299468784     
          25          18  0.995863661115095     
          26          25   1.37254458498814     
          27          26   1.44287130273163     
          28          27   1.42476660360058     
          29          28   1.42375126782118     
          30          25   1.37076630694427     
          30          29   1.44411231601743     
          31          17   1.36429925367437     
          32          14   1.36659654273325     
          32          31   1.45521702486624     
          33          13   1.42649106450485     
          34          10   1.26102441184788     
          34          33   1.33467070971612     
          35          34   1.10019893965438     
          36          35   1.34330329646333     
          37          36   1.41935788033386     
          38          37   1.00857175008888     
          39          38   1.36482381648144     
          40          39   1.45644786927682     
          41          40   1.36312718151659     
          42          41   1.00614812513946     
          43          42  0.996483894566555     
          44          43   1.37170453557479     
          45          44   1.44339860992055     
          46          45   1.42438513543100     
          47          46   1.42432131364516     
          48          43   1.37184212648604     
          48          47   1.44346305752367     
          49          42  0.994841671685824     
          50          49   1.37108114594887     
          51          50   1.44390309875709     
          52          51   1.42386717247606     
          53          52   1.42489809205419     
          54          49   1.37298041615178     
          54          53   1.44262941625000     
          55          41   1.35792703058248     
          56          38   1.35705858099211     
          56          55   1.46297501953574     
          57          37   1.30624842292351     
          58          57   1.50995358662473     
          59          35   1.24204245687329     
          59          58   1.29781292497809     
          60           9   1.37470512577701     
          60          59   1.15831521950409     
          61           7   1.10421035627033     
          61          60   1.08156422033133     
          62          61  0.961525996289650     
          63          62   1.37841838578021     
          64          63   1.45331544224832     
          65          64   1.34219922506402     
          66          65   1.05458743042204     
          67          66   2.82825442659000     
          68          65   1.33808881278314     
          69          62   1.36880541701758     
          69          68   1.45666004892780     
          70           6   1.35018175924002     
          71           3   1.33488607983014     
          71          70   1.46529713954653     
          72           4  0.943918254781657     
          73           5  0.943742042139011     
          74          11  0.943205889185521     
          75          12  0.944256294749445     
          76          15  0.943529012370920     
          77          16  0.944037329426324     
          78          20  0.946189316794334     
          79          21  0.945296909355167     
          80          22  0.946609262546345     
          81          23  0.945316973210947     
          82          24  0.946227360997190     
          83          26  0.946226402164453     
          84          27  0.945309370562819     
          85          28  0.946608212080536     
          86          29  0.945189931363727     
          87          30  0.946099439839038     
          88          31  0.944299360350320     
          89          32  0.944032461827231     
          90          33  0.938869823447744     
          91          36  0.937742641878848     
          92          39  0.944056952106155     
          93          40  0.944218769601156     
          94          44  0.946260961262034     
          95          45  0.945304837735588     
          96          46  0.946588072787270     
          97          47  0.945298197457154     
          98          48  0.946226351236413     
          99          50  0.946102257661089     
         100          51  0.945152280160191     
         101          52  0.946579286265360     
         102          53  0.945303990075748     
         103          54  0.946246636345512     
         104          55  0.943973099617384     
         105          56  0.943481475586530     
         106          57  0.943815369802950     
         107          58  0.936953172239815     
         108          63  0.944612546006120     
         109          64  0.943154258377605     
         110          68  0.943045958798874     
         111          69  0.944542083507974     
         112          70  0.941281274192882     
         113          71  0.944305864861644     
