 -0.193410387505896     
  0.125485703869859     
  7.051731001327166E-002
 -0.165197591216573     
  5.235791575019055E-002
  5.235942700224827E-002
 -0.165193874568830     
  7.052099489137342E-002
  0.125478529998901     
 -0.193406204327846     
 -3.286287706792734E-003
  4.167235776790790E-004
 -2.709572217320488E-002
  1.495591041023703E-002
 -1.297686964874245E-002
 -3.702089998233138E-002
 -4.561949069536464E-002
  5.891669406681066E-002
 -0.121313551689874     
  5.276190027345873E-002
 -4.522548183165398E-002
 -3.418317300677032E-002
 -4.651901761184085E-002
 -3.543672888916838E-002
 -4.896848489517147E-002
  5.340159271725398E-002
 -4.148869951841405E-002
 -3.306559879277859E-002
 -4.332098193231904E-002
 -3.321646456378868E-002
 -4.198213945365747E-002
 -4.305561923295631E-002
 -3.495666831024558E-002
  6.099403372467727E-003
  1.496357989397534E-002
 -1.300265550224378E-002
 -3.493562439847775E-002
 -4.307747791016059E-002
  5.893620248840925E-002
 -0.121331933541297     
  5.340714221834819E-002
 -4.194864112230690E-002
 -3.319995882880367E-002
 -4.327915820390960E-002
 -3.305119899701836E-002
 -4.143752634581865E-002
  5.275288036920811E-002
 -4.897320205258282E-002
 -3.545759745876786E-002
 -4.653242065626273E-002
 -3.419018214861325E-002
 -4.526242728998220E-002
 -4.562273749653745E-002
 -3.703574924919728E-002
 -2.711793151294550E-002
  4.124829527896168E-004
 -3.283073398438141E-003
 -3.835900901894895E-002
  5.406017559598619E-002
  4.663851103579730E-002
  4.207513826738218E-002
  4.198916368220729E-002
  3.756129287156607E-002
  4.144317399468733E-002
  3.805190213377507E-002
  4.289407293864245E-002
  4.308400324985850E-002
  3.988513758353307E-002
  4.213466998254345E-002
  3.911474470168108E-002
  4.210372609606872E-002
  3.798618284585797E-002
  4.241103995099293E-002
  4.321658559047126E-002
  4.322592208770748E-002
  4.240602400070614E-002
  3.798102630924949E-002
  4.210592286986536E-002
  3.912036644103911E-002
  4.213779281124752E-002
  3.986983299299585E-002
  4.309002636801795E-002
  4.292012832151271E-002
  3.804808385168035E-002
  4.143842417625143E-002
  3.756037960488268E-002
  4.196629680374586E-002
  4.207896002073663E-002
  4.663913676289877E-002
  5.405620487643847E-002
