 -9.789820521266801E-002
  2.129048991483495E-002
 -9.569189564370983E-002
 -1.455217997424896E-002
 -4.127799525973241E-002
 -3.997552930113368E-002
 -3.449648212127077E-002
 -3.819769615213087E-002
  4.954800901608447E-002
 -9.974914774840205E-002
  0.114146631423282     
 -3.744530232174093E-002
 -2.233106966587073E-002
 -1.347733480708957E-002
 -4.653380977221211E-002
 -3.256380688179839E-002
 -3.388226535855132E-002
  6.383362413158356E-002
 -0.114618927367690     
  5.308227425601642E-002
 -5.031270384760234E-002
 -4.021792347483899E-002
 -5.376238217785456E-002
 -4.919097028381358E-002
 -2.212152204746953E-002
  2.197679709230682E-002
 -0.103463670051097     
 -9.769553399507114E-002
 -2.210124564875926E-002
 -4.870099642835246E-002
 -5.338432295215156E-002
 -3.983493338088184E-002
 -4.793490897958819E-002
  5.487337117252755E-002
  3.981447819798634E-002
 -0.225246907966656     
  5.698465996319335E-002
 -2.531155023377174E-002
 -3.170624764365648E-002
 -4.099561060662804E-002
 -4.468533702712296E-002
 -1.853750479874083E-002
  3.314138842491965E-002
  3.903346673925967E-002
  3.005845077667602E-002
  3.842191707198184E-002
  3.627322638804165E-002
  3.675967806223956E-002
  4.462439981234878E-002
  4.099954581338972E-002
  4.381796248199987E-002
  4.169954153763833E-002
  4.455243296291811E-002
  4.405902447310839E-002
  4.020524294218708E-002
  4.585016531479635E-002
  4.462349299412161E-002
  3.944253903653527E-002
  4.069687950259349E-002
  3.773178953202450E-002
  4.165606408230282E-002
  2.927352886494194E-002
  3.638285742904290E-002
  2.948249071345543E-002
  3.649450053521852E-002
  3.722633282102727E-002
  3.739841590043458E-002
  4.116874673490400E-002
  3.696193637918266E-002
  4.003054988572885E-002
  3.966889435728504E-002
  4.873603991120734E-002
  4.564317263269158E-002
  3.856647521229961E-002
  4.166443463794756E-002
