 -0.102399951328194     
  2.534765419654317E-002
 -0.102275832310551     
 -2.200625619417185E-002
 -4.476578544283960E-002
 -5.208122282430416E-002
 -3.728530462641100E-002
 -5.834293392232404E-002
  5.072739436435025E-002
 -0.118017930626608     
  6.428839646609230E-002
 -2.318430843063357E-002
 -2.258077343093579E-002
  5.057534729730140E-003
  2.047432337489496E-003
 -3.477608386811948E-002
  1.448621633630687E-004
 -3.624521726886876E-002
 -2.929713750666707E-002
 -2.798487115878512E-002
 -2.597502745066116E-002
  6.906053923420252E-003
  4.877333212132662E-002
 -0.191786613019904     
  4.836720263803951E-002
  9.100206598100957E-003
 -7.529151414591873E-003
 -2.258720863084562E-002
  3.086072706735266E-002
 -0.173522119946780     
  5.826330511932643E-002
  5.816431104599706E-002
 -0.173458131440460     
  3.085519304216966E-002
 -2.239891878226352E-002
 -7.550467024944219E-003
  9.181030304484583E-003
  4.809860739021854E-002
 -0.192223069940724     
  4.896370462051891E-002
  3.975244523740740E-002
 -5.835362990472337E-002
 -2.709739348158191E-002
 -2.570954331127684E-002
 -3.711304496464685E-002
 -4.933664020550932E-002
 -4.053803089529673E-002
 -4.499483137047999E-002
  3.608577210236374E-002
 -9.649888149648778E-002
  6.107866209716040E-002
 -3.615150211290175E-002
 -3.038609528274705E-002
 -3.889212937880160E-002
 -3.060621389059559E-002
 -3.648751843045339E-002
  2.459470915541573E-002
 -5.233474623759005E-002
 -2.135984279094760E-002
  3.439895562708517E-002
  3.423685749886840E-002
  3.393660543739008E-002
  3.381363389147563E-002
  3.448353329421749E-002
  3.406674456797776E-002
  4.330185281579491E-002
  3.941597531374519E-002
  4.275476827992108E-002
  3.961013900520050E-002
  4.570799793947311E-002
  5.304074052327101E-002
  4.653528470603352E-002
  4.503111289056627E-002
  4.309918820526404E-002
  4.231917352967696E-002
  4.622129386777296E-002
  4.754482021710871E-002
  4.320897004303514E-002
  5.460970972652535E-002
  5.463973871297378E-002
  4.330843830001352E-002
  4.755177817159906E-002
  4.591699543630456E-002
  4.237773336614803E-002
  4.032192544569480E-002
  4.312147968523505E-002
  4.048410688997450E-002
  3.966389633157918E-002
  4.265187194587794E-002
  3.966473781338486E-002
  4.248671935369297E-002
  3.968919826446515E-002
  4.825984652640036E-002
