           2           1   1.42547978985939     
           3           2   1.44293497855363     
           4           3   1.37237922540643     
           5           4   1.00518958138487     
           6           5   1.36472768495642     
           7           6   1.45671488166583     
           8           7   1.36441012779274     
           9           8  0.998254749202540     
          10           9  0.998580294200653     
          11          10   1.36398151790734     
          12          11   1.45700485360966     
          13          12   1.36439586446264     
          14          13   1.00580736485101     
          15          14   1.37212738358476     
          16          15   1.44305676770052     
          17          16   1.42540346680789     
          18          17   1.42541054215348     
          19          14   1.37208684435415     
          19          18   1.44307823026918     
          20          13   1.36443649510128     
          21          10   1.36427576172879     
          21          20   1.45690584061419     
          22           9   1.00421927146230     
          23          22   1.36111796372381     
          24          23   1.45969388816722     
          25          24   1.36080317039939     
          26          25   1.01167434950256     
          27          26   1.35916407689407     
          28          27   1.46323870673391     
          29          28   1.35385904645922     
          30          29   1.02514678926845     
          31          30   1.36496190538658     
          32          31   1.37137568717785     
          33          32   1.01898946134099     
          34          33   1.36384493665783     
          35          34   1.44710114175915     
          36          35   1.42252041552429     
          37          36   1.42428418452606     
          38          33   1.36709337666138     
          38          37   1.44519192748244     
          39          32   1.34084902013169     
          40          39   1.35953998465570     
          41          40   1.03706935604965     
          42          41   1.36055617000887     
          43          42   1.44899991892234     
          44          43   1.42174881974056     
          45          44   1.42174575348477     
          46          41   1.36054887086743     
          46          45   1.44898917597438     
          47          30   1.33996050222130     
          47          40   1.36053974676022     
          48          29   1.35739067239566     
          49          26   1.36081713206968     
          49          48   1.46110381430688     
          50          25   1.36070331440071     
          51          22   1.36098988004570     
          51          50   1.45980390379356     
          52           8   1.36425526196185     
          53           5   1.36472798347739     
          53          52   1.45674998506506     
          54           4   1.37239721665020     
          55           1   1.42548231500451     
          55          54   1.44293323496357     
          56           1  0.947587421654536     
          57           2  0.946629610765012     
          58           3  0.947028633979568     
          59           6  0.943868089017653     
          60           7  0.944471235171791     
          61          11  0.944475272169395     
          62          12  0.943860227224908     
          63          15  0.947020376124055     
          64          16  0.946635064105563     
          65          17  0.947586501746683     
          66          18  0.946625560396448     
          67          19  0.947003817544283     
          68          20  0.943851176580684     
          69          21  0.944492383329811     
          70          23  0.944264020630950     
          71          24  0.943763505449041     
          72          27  0.944940867388589     
          73          28  0.944387062483596     
          74          31  0.943262183106299     
          75          34  0.946341940020224     
          76          35  0.946467459143619     
          77          36  0.947388492078588     
          78          37  0.946545322001666     
          79          38  0.946556015994801     
          80          42  0.946013141533446     
          81          43  0.946630544552050     
          82          44  0.947361170705741     
          83          45  0.946635417010305     
          84          46  0.946046148854938     
          85          48  0.944625768773686     
          86          49  0.944906387888148     
          87          50  0.943802718769048     
          88          51  0.944307585318751     
          89          52  0.944506897065049     
          90          53  0.943878075251090     
          91          54  0.947033282555904     
          92          55  0.946626195650819     
