           2           1   1.00654147658837     
           3           2  0.991526675477479     
           4           3  0.990442837386787     
           5           4  0.986170307182428     
           6           5  0.993123912260387     
           7           6  0.988092475663265     
           8           7  0.982372881013506     
           9           8  0.961429544925608     
          10           9   1.08091598313842     
          11          10   1.36250916797018     
          12          11   1.45622378982084     
          13          12   1.39089970772529     
          14          13   1.46122176926897     
          15          10   1.25521221040053     
          15          14   1.35372577457454     
          16          15   1.09164094506780     
          17          16   1.36064097280012     
          18          17   1.40097311409306     
          19          18   1.01179868138793     
          20          19   1.20003906716528     
          21          20   1.26487473973340     
          22          21   1.34631446613800     
          23          22   1.14848620163303     
          24          23  0.977032987558658     
          25          22   1.30116130463458     
          26          25   1.31953103264279     
          27          26   1.15279445576623     
          28          27  0.975952851470370     
          29          20   1.31045512624216     
          29          26   1.31883816688016     
          30          18   1.33587067017725     
          31          30   1.46110318378968     
          32           9   1.07485553109901     
          32          16   1.25325228855811     
          32          31   1.35947103951752     
          33           1  0.978982176659692     
          34           1  0.984297911115881     
          35           1  0.982539225557921     
          36           2  0.971638651530035     
          37           2  0.971152004353245     
          38           3  0.967761967382151     
          39           3  0.966568213922885     
          40           4  0.968826625338667     
          41           4  0.966680390809169     
          42           5  0.966792585087428     
          43           5  0.965561033590957     
          44           6  0.967442595015621     
          45           6  0.964595454403789     
          46           7  0.959025515647007     
          47           7  0.967012456942637     
          48           8  0.968116831373393     
          49           8  0.964015902701545     
          50          11  0.944689953343302     
          51          12  0.945042306531251     
          52          13  0.945324684192912     
          53          14  0.944895864157291     
          54          17  0.943815142675659     
          55          19  0.941639942443730     
          56          24  0.981930075093706     
          57          24  0.982027620406973     
          58          24  0.989931529366899     
          59          28  0.989960917258591     
          60          28  0.981949943785849     
          61          28  0.981977154059585     
          62          30  0.934278397681217     
          63          31  0.940320701236595     
