 -0.100951183484594     
  2.127960234811788E-002
 -0.103108482001530     
 -1.915807110681556E-002
 -4.322692781117077E-002
 -4.868122285721466E-002
 -3.547687390887777E-002
 -5.393676970738071E-002
  5.309060598140158E-002
 -0.109675744672076     
  6.976684362767971E-002
 -2.294661489399275E-002
 -2.282323539494158E-002
  6.972167962434739E-002
 -0.109845179250130     
  5.228653790139504E-002
 -5.818890014393130E-002
 -3.672753924036787E-002
 -4.939901594709006E-002
 -4.333411322283709E-002
 -1.923389972488998E-002
  2.128994268275441E-002
 -0.100972759524787     
 -0.103089364852686     
 -1.919159235725498E-002
 -4.324087059370818E-002
 -4.874421399592688E-002
 -3.551717568748725E-002
 -5.403671032986246E-002
  5.307761266720901E-002
  2.440060492954199E-002
 -0.201971139766859     
  0.278033180502486     
 -0.202040890482351     
  2.440847398715373E-002
  5.228062397455036E-002
 -5.823036428569406E-002
 -3.673468381907785E-002
 -4.936139113058324E-002
 -4.332756924415371E-002
 -1.921219328471580E-002
  3.355729347216496E-002
  3.316736171177914E-002
  3.564331055565073E-002
  3.351759459763126E-002
  3.376138834527809E-002
  3.398782734659334E-002
  4.311004729964907E-002
  3.897507104031439E-002
  4.223738769482543E-002
  3.769897219755280E-002
  5.798633940581077E-002
  5.797523852329667E-002
  3.759664743916602E-002
  4.221689791254235E-002
  3.933155453433301E-002
  4.358538166193204E-002
  3.356094686262046E-002
  3.315476853027333E-002
  3.564755241982176E-002
  3.352124749388585E-002
  3.375436165789192E-002
  3.396758982235404E-002
  4.310103581410663E-002
  3.896848835053146E-002
  4.222386549316004E-002
  3.767510316985989E-002
  3.765200823073334E-002
  4.222366716498582E-002
  3.934505999428484E-002
  4.360497575332190E-002
