 -3.303320606798632E-002
 -1.924773433457627E-002
 -1.839952713066939E-002
  2.890886962557726E-002
  0.104123744426991     
 -0.170834393054613     
 -0.171412497678484     
  0.104946749324520     
  2.598399565266085E-002
 -1.476953850688734E-002
 -1.824463347734362E-002
  5.730845480630853E-002
 -0.127643578224617     
  4.586810888336768E-002
 -5.549146040985686E-002
 -4.293949003843789E-002
 -4.748360530289286E-002
 -4.559622170448208E-002
  7.386052049274161E-002
 -0.140616609631754     
  7.444691990723751E-002
 -4.545150004531795E-002
 -4.774137615732421E-002
 -4.387089101799901E-002
 -5.671659854532418E-002
  4.614799849818985E-002
 -2.263097666813341E-002
 -3.800972118478629E-002
 -9.340214701672611E-002
 -4.184313937179951E-002
 -2.347623783574360E-002
  4.315667786573940E-002
  4.391161763905582E-002
  5.115741185673628E-002
  5.744563369052891E-002
  4.695148317183317E-002
  4.289161746533721E-002
  4.424250267041563E-002
  4.307947252603050E-002
  4.120081877577564E-002
  4.137069772026059E-002
  4.303628034286433E-002
  4.370056288901214E-002
  4.219013599661026E-002
  4.470192996149891E-002
  4.643355574389241E-002
  4.022907684525656E-002
  4.156024662734792E-002
