 -3.056592158342308E-002
 -2.467095203171699E-002
 -2.585731875846875E-002
  2.630048207027524E-002
  0.111574907199560     
 -0.213792469348194     
  0.111574501098633     
  2.630039704651033E-002
 -2.538836592355409E-002
 -2.476768244342331E-002
 -3.056515395870552E-002
 -2.466955024053519E-002
 -2.585750323859415E-002
 -0.216442194174453     
  0.118007027139277     
  3.288562093591763E-002
 -2.586507656993486E-002
  7.127559858193910E-002
 -9.518820357010060E-002
  3.757455541586019E-002
 -4.255965117507632E-002
 -3.689346953291750E-002
 -4.694325218550066E-002
 -3.571927684543663E-002
 -2.603305081720553E-002
 -2.584602805328995E-002
 -3.610568126051028E-002
 -4.823851788044475E-002
 -3.966921859314354E-002
 -4.440212622458439E-002
  3.573402746138576E-002
  5.574794208394707E-002
 -9.421311669676946E-002
  3.817703782276372E-002
 -4.371844967828498E-002
 -3.805551970283982E-002
 -4.746750842878011E-002
 -3.560049837530332E-002
 -2.470069542337150E-002
 -2.470054639164054E-002
 -3.560073819702314E-002
 -4.747074754772385E-002
 -3.805849546292528E-002
 -4.371707198915331E-002
  3.818776377113009E-002
  7.128519101201158E-002
 -9.517367954072053E-002
  3.572793875102587E-002
 -4.440575480457998E-002
 -3.966876418234744E-002
 -4.823709720322977E-002
 -3.610760017077475E-002
 -2.585309841268302E-002
 -2.604233397311084E-002
 -3.572225726704037E-002
 -4.694558362558077E-002
 -3.689461898110213E-002
 -4.256601309203312E-002
  3.758210466863199E-002
 -2.587003258846909E-002
 -0.216442815913624     
 -2.538901289158346E-002
 -2.477001934047696E-002
  4.187262371711020E-002
  4.098179665682511E-002
  4.579967041840349E-002
  4.589702158094466E-002
  4.078082857670517E-002
  4.187389361610483E-002
  4.098287462626449E-002
  4.580263887214797E-002
  5.799759668271842E-002
  4.137925577283741E-002
  4.357742367078166E-002
  3.944933867352440E-002
  4.143642861607699E-002
  4.227756212124156E-002
  3.986719797567340E-002
  4.327464754510657E-002
  4.121887399035296E-002
  4.108942705036711E-002
  4.310417794547694E-002
  3.918325975263859E-002
  4.155050458564080E-002
  4.155098540218483E-002
  3.918409092460040E-002
  4.310304119406216E-002
  4.109042577414290E-002
  4.122052804376053E-002
  4.327571819603693E-002
  3.986851789900336E-002
  4.227819354797779E-002
  4.143660838684315E-002
  3.945018274593504E-002
  4.357853270993428E-002
  4.138477868941937E-002
  5.800406571525496E-002
  4.589436364099386E-002
  4.078056391434126E-002
