 -8.526316584556870E-002
  1.419586449288524E-003
 -4.954054462460178E-002
 -3.879202258943071E-002
 -4.189535231156505E-003
 -1.211177101421335E-002
 -1.245050464396513E-002
  1.655685449336364E-003
 -3.744962351962666E-002
 -4.414787695595646E-002
 -1.345104911168615E-002
 -8.882863221339576E-003
 -9.588109873362161E-002
 -9.586450655034362E-002
 -4.259233413921937E-002
 -3.742010706113330E-002
 -7.547362190602591E-003
  6.276708934830122E-003
 -3.794535029460366E-002
 -4.360300040054188E-002
 -1.310491743636710E-002
 -8.621485142388252E-003
 -9.586962380145270E-002
 -9.610448113270742E-002
 -4.249916159537381E-002
 -3.494681914764630E-002
 -3.475534364186572E-003
 -6.104170088170768E-003
  3.171668148246765E-002
 -0.188802363347937     
 -9.015972660106719E-002
 -1.778199028202287E-002
 -5.132237933576533E-003
 -4.219114807214996E-002
 -4.163626174074686E-002
 -4.077207003644201E-002
 -4.360985160062736E-002
 -8.896034859321666E-003
  2.527936759100236E-002
 -0.183201638053192     
 -8.518581221284371E-002
 -1.521101859164986E-002
 -1.117045202087397E-002
  1.604577746342706E-003
 -3.316681723834947E-002
 -4.743979244919228E-002
  2.824422227984513E-003
 -8.448108701918144E-002
 -4.922912702054383E-002
 -3.766537871436260E-002
 -3.827901725156746E-002
 -4.891483625269810E-002
  4.065984955012247E-002
  4.178812386395336E-002
  3.870337732743245E-002
  3.451932036269934E-002
  3.871178986636936E-002
  3.887679849758297E-002
  3.562420315637571E-002
  3.248610748595793E-002
  2.910297696973196E-002
  3.479796034912097E-002
  3.208939798855381E-002
  3.211153412802781E-002
  3.479690363070242E-002
  2.937233570317876E-002
  3.836922000542375E-002
  3.888180248183237E-002
  3.912974675789160E-002
  3.825513989123230E-002
  3.298469890198408E-002
  2.853282357626274E-002
  3.208744822656628E-002
  3.547050316979317E-002
  3.206316743831095E-002
  3.487052415025360E-002
  2.911442733884462E-002
  3.630667786051855E-002
  3.928089545888325E-002
  0.123545848144606     
  0.115661239890457     
  3.827544012341910E-002
  4.218924159602289E-002
  3.931986020797984E-002
  3.867781092065592E-002
  4.058259899117100E-002
  0.118663124105048     
  0.116365973596417     
  4.125755620740590E-002
  4.071040328439557E-002
  3.524240672296086E-002
  4.057182217213529E-002
  3.932739119792894E-002
  4.247472944528574E-002
  3.524389364073621E-002
  3.976615148656626E-002
  3.896484841797432E-002
  3.418044596426384E-002
