           2           1   1.00627303216910     
           3           2  0.990801197324393     
           4           3  0.987755575937468     
           5           4  0.969097269847556     
           6           5  0.973096164103135     
           7           6   1.00602430831525     
           8           5  0.960342898719047     
           9           8  0.959926938904451     
          10           9   1.08525293017363     
          11          10   1.38484749278504     
          12          11   1.35667845791213     
          13          12   1.06226319184438     
          14          13   2.81626972575921     
          15          12   1.30187368347079     
          16          15   1.48398414548767     
          17          10   1.23512196367026     
          17          16   1.33943963815913     
          18          17   1.11105701658441     
          19          18   1.33100261217403     
          20          19   1.49407397534392     
          21          20   1.29069089162654     
          22          21   1.10556190274521     
          23          22   2.63355004661365     
          24          23   1.11348790448611     
          25          24   1.32376949318230     
          26          25   1.47370242547365     
          27          26   1.31905659703869     
          28          27   1.18135785228842     
          29          28   1.65314783263943     
          30          29   1.17390643814223     
          31          30   1.33920771709503     
          32          31   1.43469025867207     
          33          32   1.43640475077760     
          34          33   1.33727350353255     
          35          34   1.17539158340238     
          36          35   1.65142279691290     
          37          24   1.24872607834677     
          37          36   1.18589503776572     
          38          27   1.21948076936650     
          38          37   1.23406466229161     
          39          30   1.22281457673025     
          39          34   1.22422174834221     
          39          38   1.21736183467800     
          40          21   1.35368955433864     
          41           9   1.07843927008166     
          41          18   1.24300688920262     
          41          40   1.38513522136703     
          42           1  0.978664634620853     
          43           1  0.983664307688828     
          44           1  0.984195193876245     
          45           2  0.971397557419860     
          46           2  0.970910081229199     
          47           3  0.968089125678901     
          48           3  0.969062451730688     
          49           4  0.967680789195700     
          50           4  0.961196276292591     
          51           5  0.949828545470253     
          52           6  0.969352987475530     
          53           6  0.963333750515913     
          54           7  0.978882742489541     
          55           7  0.984157337332097     
          56           7  0.982984951591358     
          57           8  0.966464698746350     
          58           8  0.960688697247636     
          59          11  0.942160858566469     
          60          15  0.943686896153194     
          61          16  0.942274782440417     
          62          19  0.942243721938832     
          63          20  0.943699100709280     
          64          25  0.943038502551566     
          65          26  0.942504782122353     
          66          28  0.942331319114273     
          67          29  0.942367730685391     
          68          31  0.944896325829126     
          69          32  0.944858251163840     
          70          33  0.944910886830165     
          71          35  0.940675512452328     
          72          36  0.939843403026174     
          73          40  0.942442884642308     
