 -0.217917406684879     
  0.154223446845599     
  1.450235094728747E-004
  4.051297153108901E-002
 -0.172985291850714     
  8.737948706960541E-002
 -0.168939762209765     
  5.316862164230685E-002
 -1.028701353892103E-002
 -2.769785845778916E-002
  6.711743019352268E-002
 -9.500851686922385E-002
  3.556695756565720E-002
 -4.269639278309967E-002
 -3.727461231860119E-002
 -4.676815019974523E-002
 -3.576083864146984E-002
 -2.758008402048784E-002
 -2.648657165457902E-002
 -3.520470149977672E-002
 -4.697621225176984E-002
 -3.925920263845661E-002
 -4.565773027195075E-002
  3.459140439142105E-002
 -2.573236454001115E-002
 -2.258265941750537E-002
  5.329533909386042E-002
 -0.103994295186523     
  3.184133907327658E-002
 -4.454226468522826E-002
 -3.698530567355629E-002
 -4.588997236435421E-002
 -3.308835049336789E-002
 -2.536292857742595E-002
 -2.404250134838826E-002
 -3.304368998079887E-002
 -4.516913545584700E-002
 -3.647583431269474E-002
 -4.453537696850596E-002
  3.390765924865891E-002
  5.513036548641470E-002
  6.678458120822450E-002
  5.940955101625933E-002
  5.362728860005350E-002
  4.181619884092824E-002
  4.418279256551239E-002
  4.051146407512551E-002
  4.228877669781905E-002
  4.281590953217107E-002
  4.064230137244029E-002
  4.345547566615071E-002
  3.950170641475759E-002
  5.137129092311188E-002
  4.995420857604660E-002
  4.105868308284299E-002
  4.453093436940636E-002
  4.084674280515366E-002
  4.322516377388996E-002
  4.287064455096334E-002
  4.048730435644721E-002
  4.348284225177079E-002
  3.820111856550601E-002
