 -9.712963360031779E-002
 -5.230146239993072E-002
 -5.430572230112851E-002
 -6.121122643593946E-002
 -5.509172814011443E-002
  5.915503092495999E-003
 -0.135565989707950     
  3.099597364693807E-002
 -7.655988971441907E-002
 -3.167774544899515E-002
 -1.883100255685388E-002
 -6.989154134008047E-002
 -4.398637747037526E-003
 -1.098859189834744E-002
 -4.093683578962182E-002
 -1.557698705138222E-003
 -4.126685392722429E-003
 -4.034351275070236E-002
 -3.231770014980739E-002
 -4.127726503733786E-002
 -2.522578708894940E-003
 -4.026454543283542E-002
 -3.502901898914601E-002
 -3.631656328542121E-002
 -4.101724535680695E-002
 -4.132149434491694E-003
 -4.097809568975830E-002
 -3.512994087242571E-002
 -1.538765323836877E-002
 -1.823348882444442E-002
 -3.618835149108168E-002
 -4.213354370245259E-002
 -1.315180096979063E-003
 -3.841320125975933E-003
 -4.130836299045537E-002
 -3.289508769137939E-002
 -4.227443878345216E-002
 -2.713714470038653E-003
 -4.095236791185641E-002
 -3.560763251511823E-002
 -3.633531845235183E-002
 -4.073663387670745E-002
 -3.649665239453093E-003
 -4.502416074479942E-002
 -1.364780871691362E-002
 -5.159692429105078E-002
 -4.796132034678102E-003
 -1.437676509999264E-003
 -8.407356091944429E-003
 -3.701689469019342E-002
 -4.790043925367105E-002
 -3.995417006954138E-002
 -5.504986662717481E-002
  4.308828239966411E-002
  2.763361460538671E-002
  3.289424597532353E-002
  3.221980692226456E-002
  2.692144348874792E-002
  3.027112837329049E-002
  2.820789608405749E-002
  3.147847348427801E-002
  3.230307078867489E-002
  2.800113638468316E-002
  3.330441381130989E-002
  3.319692427822296E-002
  4.813742394871567E-002
  4.793847475845825E-002
  4.139869881001312E-002
  5.057741605237720E-002
  5.093202777826200E-002
  3.166615525598759E-002
  5.644845689453115E-002
  3.956990924318493E-002
  3.964140956628703E-002
  4.181665937167867E-002
  3.847626741164312E-002
  3.748720271550177E-002
  3.953054317187321E-002
  3.938574478358614E-002
  4.187735233996259E-002
  4.068163347748133E-002
  4.195785990737466E-002
  4.092592329783584E-002
  4.037992315562722E-002
  3.944760775297418E-002
  4.125762626570117E-002
  3.786379702932807E-002
  3.656727682350391E-002
  4.001292520663613E-002
  4.019702675647951E-002
  4.333988113141429E-002
  4.417313370832732E-002
  4.766531780940841E-002
  4.444821464437287E-002
  4.163002964965412E-002
  4.182397778070990E-002
  3.861938549211608E-002
