           2           1   1.91631089807401     
           3           2   1.05735796803128     
           4           3   1.36044474200083     
           5           4   1.44894573874451     
           6           5   1.39075105345190     
           7           6  0.963540603131589     
           8           7  0.982123134501076     
           9           8   1.03840497010970     
          10           9   1.37742900961132     
          11          10   1.42737101607916     
          12          11   1.40707648173082     
          13          12  0.935821717900071     
          14          13  0.963296474552659     
          15          13  0.963413202448596     
          16          13  0.935784068761145     
          17          16   1.39162966221624     
          18          17   1.44471580797737     
          19          18   1.36868168021011     
          20          19   1.05286827466893     
          21          19   1.35911397965844     
          22          16   1.38494732096882     
          22          21   1.44992380143991     
          23          12   1.36980495494899     
          24           9   1.35369627199293     
          24          23   1.46770235756302     
          25           6   1.38321501909690     
          26           3   1.35102638232637     
          26          25   1.45720259388909     
          27           1  0.962493727033478     
          28           1  0.961917365292380     
          29           2  0.942752838441959     
          30           4  0.945158645099669     
          31           5  0.946059426032613     
          32           7  0.961442829890148     
          33           7  0.957590322508632     
          34          10  0.942702056431119     
          35          11  0.943926839380054     
          36          14  0.976955202097317     
          37          14  0.976639854305109     
          38          14  0.978287785066071     
          39          15  0.976887384567077     
          40          15  0.978351135614047     
          41          15  0.976602184747063     
          42          17  0.944933624249394     
          43          18  0.946464659630419     
          44          20  0.960153565799271     
          45          21  0.944979912939494     
          46          22  0.944167496902725     
          47          23  0.944586093255867     
          48          24  0.946858108278684     
          49          25  0.946148991531364     
          50          26  0.944474070922401     
