 -4.876624904034799E-002
 -4.424998632956534E-002
 -5.571435105299560E-002
  4.663823046597226E-002
  7.385262074815557E-002
 -4.634594177463836E-002
 -0.141424672103835     
  7.329357068636133E-002
 -4.646804706719010E-002
 -4.847924526439140E-002
 -4.330402942224509E-002
 -5.501740817611900E-002
  4.672918357747102E-002
 -0.127066209909107     
  5.873184981606050E-002
 -2.403777130914353E-002
 -1.800873275250847E-002
  2.189365587304115E-002
  9.604712759434575E-002
 -0.128794702227358     
 -0.115548053365107     
  3.962372497718025E-002
  1.024581801329827E-002
 -2.270771800244908E-002
 -2.377445870680628E-002
  5.623342381031815E-002
 -0.129250700999742     
  4.643400469457148E-002
 -5.536884842522127E-002
 -4.287801716699580E-002
 -4.822676118686520E-002
 -4.609584858097993E-002
  7.292939047384950E-002
 -0.141481614955183     
  7.432119194440778E-002
 -4.570646884374341E-002
 -4.871214409210101E-002
 -4.517189961457468E-002
 -5.805297567935686E-002
  4.636762764696378E-002
 -2.762395247318583E-002
 -3.808710697701745E-002
  5.051083800226053E-002
  1.019738298559592E-002
 -3.320594872277116E-002
 -2.328751384113126E-002
  5.768284214389530E-002
 -0.129310221414911     
  4.587084791159057E-002
 -5.781733118492127E-002
 -4.424517404572459E-002
 -4.763417604988973E-002
 -4.506578204151257E-002
  7.449830342876185E-002
 -0.140665273770026     
  7.380527215529931E-002
 -4.526777877923660E-002
 -4.745578558866193E-002
 -4.300182064096170E-002
 -5.609548737996928E-002
  4.601219114517097E-002
 -2.274518993066543E-002
 -2.697564092526061E-002
 -0.183506142879412     
 -2.738420585752444E-002
 -2.686342943323616E-002
  4.264182181394738E-002
  4.351982252094955E-002
  4.302929777668885E-002
  4.101142275637926E-002
  4.081462687050352E-002
  4.269377527151275E-002
  4.404740721604217E-002
  4.400438022211206E-002
  4.457799763787307E-002
  5.399355020681074E-002
  5.270565643685754E-002
  4.528815281302789E-002
  4.342028897187988E-002
  4.427535103735691E-002
  4.291043706219022E-002
  4.094237868354844E-002
  4.142235078237089E-002
  4.290807882531666E-002
  4.416421391896908E-002
  4.111335105454883E-002
  4.369152967105228E-002
  4.626361286572356E-002
  5.019980524722989E-002
  4.524964623493544E-002
  4.123204471772324E-002
  4.464577324591712E-002
  4.325490720220837E-002
  4.160979427140832E-002
  4.136141495514745E-002
  4.318328649725989E-002
  4.418139032435175E-002
  4.266713287266477E-002
  4.507492833814541E-002
  5.107824157294760E-002
  4.884846319985447E-002
  4.294538679458382E-002
