           2           1   1.41715298381583     
           3           2   1.42793373841425     
           4           3   1.41009598708213     
           5           4   1.32404410785909     
           6           1   1.44853860977981     
           6           5   1.35536649911926     
           7           5   1.06074416465552     
           8           7   1.06075068617577     
           9           8   1.35536446921344     
          10           9   1.44853796214913     
          11          10   1.41716117277769     
          12          11   1.42792492145978     
          13           8   1.32404561154628     
          13          12   1.41011465493694     
          14           4  0.925616127541430     
          14          13  0.925842183318773     
          15          14  0.925826052171106     
          16          15   1.41011545511940     
          17          16   1.42792323849643     
          18          17   1.41716255241719     
          19          18   1.44853343777618     
          20          15   1.32404294655685     
          20          19   1.35536835838653     
          21          20   1.06075332819963     
          22          21   1.06074224318292     
          23          22   1.35537258301773     
          24          23   1.44853593086994     
          25          24   1.41715356102024     
          26          25   1.42793515854200     
          27          14  0.925633182082310     
          27          22   1.32403885763105     
          27          26   1.41009761245641     
          28           1  0.944385406538522     
          29           2  0.944993850588129     
          30           3  0.944547057159702     
          31           6  0.945050062127791     
          32           7  0.950803686099740     
          33           9  0.945052838839172     
          34          10  0.944385697144158     
          35          11  0.944991851967438     
          36          12  0.944554078847363     
          37          16  0.944553936076594     
          38          17  0.944993274261723     
          39          18  0.944385165135857     
          40          19  0.945052160418219     
          41          21  0.950803092346594     
          42          23  0.945048151968719     
          43          24  0.944386725340531     
          44          25  0.944993278060819     
          45          26  0.944546820313404     
