  1.605456650134807E-002
 -0.130421336307461     
  9.216911273797201E-002
 -8.949115144287134E-002
  0.221051552354477     
 -0.327643276333665     
 -0.102914989053566     
  9.568196892247194E-002
 -2.050767173264134E-002
 -3.842564223439116E-002
 -4.312234516197577E-002
  4.031204458375059E-002
 -3.368691991117245E-002
 -2.656302260148458E-002
 -3.204361503254471E-002
 -4.528869117343870E-002
 -3.860568538349352E-002
 -4.409086356761982E-002
  3.452920694731532E-002
 -8.868580263583326E-002
  6.130619295391204E-002
 -3.391989855914535E-002
 -2.833751149478303E-002
 -3.622999454500686E-002
 -2.893854101225202E-002
 -3.563355827171755E-002
  4.574214075778182E-002
  4.569645998709781E-002
  4.571097101693011E-002
  4.514342318596698E-002
  5.480337105134336E-002
  4.769787869944420E-002
  4.676022691494452E-002
  4.132094874290648E-002
  4.317605629369015E-002
  4.050807561611669E-002
  4.045428799472806E-002
  4.344030256560072E-002
  4.035841006682184E-002
  4.313904864886009E-002
  3.949426991155125E-002
