 -3.506398982075254E-002
 -2.903149700747321E-002
 -2.816984583668258E-002
  2.647804006040522E-002
  9.016200018107190E-002
 -0.203917901698367     
  6.658587443989727E-002
  7.867110053960236E-003
 -2.575110986930884E-002
 -2.900403009830743E-002
  7.019019149748473E-002
 -9.062678450179806E-002
  3.331323620767579E-002
 -4.474272473018548E-002
 -4.112035895408184E-002
 -4.749774334248347E-002
 -3.881949039350818E-002
 -2.535368862227116E-002
 -3.917036605001467E-002
 -3.674921657928376E-002
 -5.319426474762512E-002
  3.432510622288820E-002
 -3.370408775660572E-002
 -2.784852902863744E-002
 -4.403337479835923E-002
 -5.154463342057269E-002
 -4.177526290359257E-002
 -4.685145941493118E-002
  3.409808635195466E-002
 -9.253314772489674E-002
  6.183588128901008E-002
 -3.376336284704884E-002
 -2.929605932111912E-002
 -3.669792389859872E-002
 -2.943231781156719E-002
 -3.399054855239747E-002
  3.537551693491148E-002
 -2.828723819109946E-002
  7.060987614617620E-002
 -8.835846556016236E-002
  3.944420943732352E-002
 -4.500812445209679E-002
 -4.229906588271692E-002
 -4.978952498760592E-002
 -3.606816030003390E-002
 -2.037179718604065E-002
 -2.546040227368174E-002
  6.875252669615062E-002
 -0.106616425063678     
  6.432645596634012E-002
 -3.895909003375930E-002
 -4.308112414109555E-002
 -4.506229323689848E-002
 -3.816653921304614E-002
 -2.025949890292722E-002
 -3.405142786197501E-002
 -3.523940950102489E-002
 -4.933954379568029E-002
  4.142281647432711E-002
 -1.853516226053742E-002
  5.963703601044124E-002
 -1.255475477619772E-002
 -3.036914561446480E-002
 -3.415934829478839E-002
 -3.404036862172966E-002
 -2.099930004797024E-002
 -1.085390507807915E-002
  3.740746642532100E-002
 -0.200974380745430     
 -2.743614993331622E-002
 -2.853192911133284E-002
  3.892844185540145E-002
  3.905909713468048E-002
  4.350207670550033E-002
  5.340589968388232E-002
  4.765793949693953E-002
  4.202639694555221E-002
  4.325940874061196E-002
  4.037009208627773E-002
  4.137389880829723E-002
  5.165263812411724E-002
  4.608347296252946E-002
  4.609799939919090E-002
  3.972199718009783E-002
  4.229370736221649E-002
  4.004819596762188E-002
  4.030195974367767E-002
  4.311205736229817E-002
  4.016248180062387E-002
  4.296849903820443E-002
  3.946185557475856E-002
  4.608011840039028E-002
  3.970953918732434E-002
  4.198746864857095E-002
  3.911843769965095E-002
  4.327045861442025E-002
  3.947737532184536E-002
  4.185124385176231E-002
  4.006181099315176E-002
  4.178560072460891E-002
  5.005774803082474E-002
  4.286363489810141E-002
  4.320904899328548E-002
  4.496910203407700E-002
  4.335654764010455E-002
  4.884499812385623E-002
  4.526102629321205E-002
  3.933258897475556E-002
