           2           1   1.71105589666045     
           3           2  0.808505151495475     
           4           3   1.41705875075148     
           5           4   1.41868226902926     
           6           5   1.43308965199352     
           7           6   1.42807471863535     
           8           3   1.40930018761667     
           8           7   1.42564785025438     
           9           2  0.812894815819074     
          10           9   1.41222015702397     
          11          10   1.42335165246426     
          12          11   1.43142815945250     
          13          12   1.42905211946648     
          14           9   1.41000008697218     
          14          13   1.42433525405252     
          15           2  0.804072148547315     
          16          15   1.41541646323419     
          17          16   1.42555373284597     
          18          17   1.42424560609205     
          19          18   1.43994428344797     
          20          15   1.36990481718213     
          20          19   1.37200051012110     
          21          20  0.989766102523787     
          22          21   1.02557387538612     
          23          22   1.35705551261104     
          24          23   1.44996617270073     
          25          24   1.36925278270297     
          26          25   1.00183984582720     
          27          26   1.36637406433445     
          28          27   1.44907961111032     
          29          28   1.38325969859429     
          30          29  0.924511880504486     
          31          30  0.923904436888439     
          32          31   1.38507460898980     
          33          32   1.44418443932471     
          34          33   1.37872371708728     
          35          34  0.974491272516279     
          36          35   1.05756240736871     
          37          36   1.36887278778476     
          38          37   1.45233995497260     
          39          38   1.39391099146368     
          40          39   1.46045249793374     
          41          36   1.26391958223539     
          41          40   1.35360963976778     
          42          41   1.08854989010599     
          43          42   1.35333950695532     
          44          43   1.46078139276622     
          45          44   1.39368666091672     
          46          45   1.45254602790062     
          47          35   1.05723921611266     
          47          42   1.26420843583578     
          47          46   1.36886569997269     
          48          34   1.38495678709356     
          49          31   1.39522232320582     
          49          48   1.43722950972558     
          50          30  0.926070136583612     
          51          50   1.42982911172029     
          52          51   1.41102306169969     
          53          52   1.43170037306131     
          54          53   1.43161575536763     
          55          50   1.30835844544311     
          55          54   1.37950716755561     
          56          55   1.03703711469513     
          57          56   1.37932169667100     
          58          57   1.43176259873190     
          59          58   1.43150800512784     
          60          59   1.41124029794666     
          61          30  0.926055932514596     
          61          56   1.30855959817203     
          61          60   1.42935499871226     
          62          29   1.39184977409143     
          63          26   1.37125686607038     
          63          62   1.44318642387854     
          64          25   1.35198775749458     
          65          22   1.34227750457499     
          65          64   1.44375813422388     
          66          65  0.802714069156336     
          67          66   1.72499543948960     
          68          66  0.810565500228650     
          69          68   1.41401376027216     
          70          69   1.42154893284326     
          71          70   1.43253176625407     
          72          71   1.42812351154452     
          73          68   1.40981717020910     
          73          72   1.42398061388938     
          74          66  0.813765134257516     
          75          74   1.40659508653151     
          76          75   1.42848683084791     
          77          76   1.42582325486886     
          78          77   1.43458459346942     
          79          74   1.41632449266022     
          79          78   1.42063680241855     
          80           4  0.941063134282088     
          81           5  0.943110068912763     
          82           6  0.944002348253580     
          83           7  0.944022859812254     
          84           8  0.946272731383141     
          85          10  0.945476180258384     
          86          11  0.944039342685016     
          87          12  0.944337303475946     
          88          13  0.942714389758664     
          89          14  0.941939936773127     
          90          16  0.942532645144525     
          91          17  0.942867492316379     
          92          18  0.942026859444520     
          93          19  0.940960592075131     
          94          23  0.937994106711783     
          95          24  0.940609578596655     
          96          27  0.944588621541303     
          97          28  0.943177068112117     
          98          32  0.942027015620853     
          99          33  0.944209716340001     
         100          37  0.943649851102600     
         101          38  0.944864148559267     
         102          39  0.945106083719707     
         103          40  0.944700394406816     
         104          43  0.944719437672129     
         105          44  0.945107137808675     
         106          45  0.944778394768717     
         107          46  0.943724569775280     
         108          48  0.944264383587053     
         109          49  0.941686409853216     
         110          51  0.945035152445485     
         111          52  0.945528303414045     
         112          53  0.945289454051872     
         113          54  0.945412754872312     
         114          57  0.945391499244599     
         115          58  0.945315907914299     
         116          59  0.945603066386221     
         117          60  0.945215472199118     
         118          62  0.943072291079148     
         119          63  0.944535875378245     
         120          64  0.939675348985062     
         121          69  0.944442781150307     
         122          70  0.943898423129426     
         123          71  0.944097746209323     
         124          72  0.943651045022243     
         125          73  0.944379246300613     
         126          75  0.945255423090405     
         127          76  0.943945369642863     
         128          77  0.944448779910815     
         129          78  0.944135799483853     
         130          79  0.945258496430344     
