 -2.832875121775214E-002
 -4.251741716861890E-002
  4.048552821875440E-003
 -2.565618880918663E-004
 -3.807408667363532E-002
 -4.064495555513137E-002
 -4.584002048441782E-003
 -3.764628924890268E-003
 -4.255713592332100E-002
 -3.496480313366312E-002
 -3.483262900978801E-002
 -4.241436687521905E-002
 -4.110317224657045E-003
 -4.211642623217493E-003
 -4.243782913718963E-002
 -3.488877727579620E-002
 -3.479756635535569E-002
 -4.255949127953862E-002
 -3.692015892507783E-003
 -2.393166272674385E-003
 -4.764329290107838E-002
 -4.208124270967595E-002
  6.249869841672639E-002
 -9.384819332949679E-002
  3.565150513899251E-002
 -4.455348955514093E-002
 -3.999145549992100E-002
 -4.903264838319998E-002
 -3.664145435007526E-002
 -2.870886464959455E-002
 -2.873421785767150E-002
 -3.669424990482195E-002
 -4.909091717368064E-002
 -4.038555300386282E-002
 -4.506590989296733E-002
  3.534743378472927E-002
 -3.683375127266952E-002
  4.580948481184677E-002
  4.088219130598880E-002
  4.121246506413723E-002
  4.590167571330683E-002
  4.280210923308847E-002
  4.000120152452569E-002
  3.998431652093393E-002
  4.309184669216370E-002
  4.310644563307853E-002
  3.995931486300086E-002
  3.999624981454653E-002
  4.320197925861369E-002
  4.449816881618340E-002
  4.099495057834945E-002
  4.036808741903131E-002
  4.299525083217903E-002
  3.995139228839351E-002
  4.198751337878392E-002
  4.199051747230609E-002
  3.990554746399566E-002
  4.280769366823367E-002
  4.049482688380968E-002
  4.184596556453657E-002
