           4           2  0.911616859632735     
           6           5  0.958634543899451     
           8           7   1.00374325517063     
           9           4  0.977834977525263     
           9           8   1.77727069059440     
          10           9   1.01440950009001     
          11          10   1.03354864593199     
          12          11   1.78169550927037     
          13          12   1.01041456869051     
          15          14  0.954292380430387     
          16           2  0.916518432129767     
          16          11  0.941513893074534     
          17           1   1.04979834495063     
          18           1  0.814950416235537     
          18           2  0.788528902735258     
          19          18   1.71090361400724     
          20           2  0.902297136997347     
          20           4  0.823320030862285     
          20           5  0.910890791132865     
          21           4  0.927154705632218     
          21           5  0.960420535819509     
          22           6  0.961397912571337     
          22           7  0.944946756044014     
          22          21  0.957633256027073     
          23           6  0.943525058465918     
          23           7  0.899041539322892     
          24          23  0.994207349466416     
          25          20  0.997343655643974     
          25          24   1.89591277382896     
          26           3  0.968898557735250     
          26          15  0.920267566687807     
          26          16  0.844836274222068     
          27          26  0.975230180018016     
          28          27   1.90621469653642     
          29          13  0.885661964758640     
          29          14  0.944433492993850     
          29          28   1.00967408875044     
          30          13  0.947887661390904     
          30          14  0.963865642895778     
          31          15  0.962107399871787     
          31          16  0.919609706489810     
          31          30  0.955079748918801     
          32          17  0.897924788405402     
          33           1  0.963142270126976     
          34           1  0.960313476762269     
          35           3  0.967146067446175     
          36           3  0.970661538597394     
          37           3  0.973402043905046     
          38           5  0.933225779713183     
          39           6  0.940696230863482     
          40           7  0.949785574655715     
          41           8  0.936574618308714     
          42          10  0.944437192321165     
          43          12  0.933362851136575     
          44          13  0.948200410406148     
          45          14  0.941532305884715     
          46          15  0.940098990826619     
          47          21  0.935903173498824     
          48          22  0.941035506579689     
          49          23  0.949690328495177     
          50          24  0.935318960031645     
          51          25  0.933431886237482     
          52          27  0.934488179341437     
          53          28  0.933940253952619     
          54          29  0.948585173754686     
          55          30  0.940564363532530     
          56          31  0.937689800383924     
