 -6.178035345938415E-002
 -5.449425335921632E-003
  8.370914839354882E-002
 -1.541225453749551E-002
 -3.472749140107823E-002
 -4.076090030043122E-002
 -4.155106123349928E-002
 -4.170781418908298E-002
 -2.776793094457286E-002
 -4.725050448593215E-002
  1.403799705409492E-002
  1.615182173724738E-002
 -4.715933839181830E-002
 -3.901426785617446E-003
 -6.195616713843677E-002
  9.068514074197331E-002
 -1.559136005673345E-002
 -3.429072862275984E-002
 -4.043701828746116E-002
 -4.146669012363446E-002
 -4.296796850589590E-002
 -2.805612740319585E-002
  0.198867523614545     
 -0.131157019979582     
 -0.142268467861257     
  0.202352568987239     
 -0.120458189304144     
 -0.135030721305867     
  0.199740257896280     
 -0.140775527912349     
 -0.130467517854441     
  4.767573902190103E-002
  4.766296227611200E-002
  5.256282382262301E-002
  4.192034960876256E-002
  4.132413521805778E-002
  4.062797633834991E-002
  4.051863632576347E-002
  5.280821898221921E-002
  4.626203702232667E-002
  5.063069169012280E-002
  4.204160650342259E-002
  4.141209604240259E-002
  4.051939160217177E-002
  4.088088254148436E-002
