 -8.552910323023966E-002
  1.305646375324265E-003
 -4.949708211461701E-002
 -3.879662080131752E-002
 -4.052646016881489E-003
 -1.192483167186253E-002
 -1.263453324138020E-002
  1.768409937969118E-003
 -3.739759190268988E-002
 -4.421065734172291E-002
 -1.353178277687839E-002
 -8.706131150275631E-003
 -9.601722776879118E-002
 -9.614668311327002E-002
 -4.276619247859248E-002
 -3.776975216254286E-002
 -7.731454205504029E-003
  6.821917839403557E-003
 -3.730958664373585E-002
 -4.494989378638881E-002
 -1.329487717084099E-002
 -8.695116577636774E-003
 -9.615813834737441E-002
 -9.575912202829429E-002
 -4.137715954435706E-002
 -3.526892558235950E-002
 -3.464257058599429E-003
 -6.100781499582375E-003
  3.194436517612775E-002
 -0.188023373513774     
 -9.002989505926884E-002
 -1.777274295846620E-002
 -4.999467007102965E-003
 -4.224385620222648E-002
 -4.160877931472751E-002
 -4.075012991328109E-002
 -4.360359302166117E-002
 -8.758764820155918E-003
  2.565054867868000E-002
 -0.183086344421580     
 -8.630510716730821E-002
 -1.517146461386165E-002
 -1.107786511948561E-002
  1.304793977439545E-003
 -3.333487118661616E-002
 -4.760615853637251E-002
  2.607489616083924E-003
 -8.485039032927943E-002
 -4.928515141945855E-002
 -3.794580269237091E-002
 -3.869293651203609E-002
 -4.922636647409195E-002
  3.982109749947738E-002
  3.933479836038190E-002
  4.175691032321138E-002
  3.440576823710573E-002
  3.919845841956038E-002
  3.919836977623548E-002
  3.564925440461608E-002
  3.250497081642978E-002
  3.474411971728597E-002
  3.206114086171163E-002
  2.914657896857065E-002
  3.196718229573259E-002
  3.474765850488637E-002
  2.935682608573009E-002
  3.846476533287568E-002
  3.915512889773598E-002
  3.951201837618734E-002
  3.559690234229984E-002
  3.218105581130959E-002
  2.912693566729752E-002
  3.178248465277556E-002
  3.464584622202982E-002
  3.194618425414020E-002
  3.493314972597517E-002
  3.014707234541125E-002
  3.908784980493130E-002
  3.927441582060964E-002
  0.123311393123999     
  0.115712258522800     
  3.833209583395336E-002
  4.230308176003728E-002
  3.926402282883856E-002
  3.860551045554106E-002
  4.053845640715237E-002
  0.118774227271458     
  0.116566854354593     
  4.180846119506665E-002
  4.088753352363139E-002
  3.521425540380330E-002
  4.025024798414900E-002
  3.935203384214825E-002
  4.236455765955616E-002
  3.516702272774253E-002
  4.006607151692443E-002
  3.939990257578896E-002
  3.439510638610499E-002
