 -3.458494194610129E-002
 -1.014756372390480E-002
 -3.109803928655896E-002
  0.113478781792226     
 -7.954400691374541E-002
  3.526532163036755E-002
 -3.534569974549306E-002
 -3.704466934189288E-002
  5.461656719207442E-002
 -9.308414680890031E-002
  3.592809109721662E-002
 -4.319350133887667E-002
 -3.932895581615803E-002
 -4.930863080162950E-002
 -3.730515430813863E-002
 -2.933485040511119E-002
 -2.859495939835455E-002
 -3.692206241621765E-002
 -4.947272474643238E-002
 -4.060651334351473E-002
 -4.529785509693962E-002
  3.523215809154889E-002
 -2.481180533346983E-002
 -6.422678412553395E-003
  2.550203941263129E-002
 -0.186148758623026     
  8.870054176742137E-003
 -3.177666717562921E-002
 -1.784134929262482E-002
  4.757261814017744E-002
 -0.201193181702846     
  2.466326419472775E-002
  4.174418830329141E-002
  4.587185432874186E-002
  4.453388689656168E-002
  4.881566206068244E-002
  4.905750131444886E-002
  4.145892788482364E-002
  4.332121650176812E-002
  3.974336153567082E-002
  4.164034592563137E-002
  4.199505089797750E-002
  3.985509887557648E-002
  4.288009750324473E-002
  4.007899570297679E-002
  5.178211270328592E-002
  5.125911838871733E-002
  4.334187220369268E-002
  4.617457126023772E-002
  5.372595796306101E-002
