 -8.253693422590658E-002
  2.061420446867857E-003
 -4.631681828546608E-002
  4.762713591521761E-002
 -9.709557710925498E-002
  3.449149555548869E-002
 -4.489356192278038E-002
 -4.045015083017311E-002
 -5.028561062676040E-002
 -3.729620641549403E-002
 -3.027466697872150E-002
 -2.997059646958444E-002
 -3.713096638944080E-002
 -5.024315993979567E-002
 -4.067810555454532E-002
 -4.483051008729699E-002
  3.477930753039260E-002
  3.072524844155211E-003
 -8.347382920013313E-002
 -5.130901975272995E-002
 -1.463643968224559E-002
  4.572189912205094E-003
 -3.398679662388737E-002
 -3.646312460572076E-002
 -1.411673765533816E-002
  0.147969185197545     
 -0.232518355445244     
 -1.250118656651455E-002
 -2.702184473565161E-002
 -2.631502802785235E-002
 -2.982035261470095E-002
 -2.910583809644240E-002
 -3.775531016592026E-002
 -2.632934430024036E-002
 -3.046994627426081E-002
  4.403237351441103E-002
  4.085319582141711E-002
  4.387301411326960E-002
  4.031225125744897E-002
  3.962524400060630E-002
  4.282671945095162E-002
  3.973396281134700E-002
  4.173358337114796E-002
  4.180627238241719E-002
  3.974964787770396E-002
  4.281769443524330E-002
  4.054021088567372E-002
  4.492057043646880E-002
  3.867123137613515E-002
  4.443779222262079E-002
  4.183238698721203E-002
  3.923716230450580E-002
  4.382993235470101E-002
  4.408792381002102E-002
  3.981114869571778E-002
  4.070413693712915E-002
  3.896571293599449E-002
  4.138150883245251E-002
  4.656682256652556E-002
  4.090225979909623E-002
