           4           2  0.910621727356512     
           6           5  0.974142716636878     
           8           7   1.00897762104390     
           9           4  0.973650821346713     
           9           8   1.74538452991384     
          10           9   1.05285563518727     
          11          10   1.04940509646983     
          12          11   1.78591403537666     
          14          13  0.938679933029856     
          15          14  0.955878002707610     
          16           2  0.937637180506801     
          16          11  0.934386160690204     
          17           3   1.01821405495715     
          18           1  0.818076813781843     
          18           2  0.493821055161733     
          18           3  0.628524617556178     
          19           1   1.12170170460961     
          20           2  0.880724016475720     
          20           4  0.822632793294685     
          20           5  0.899068814803985     
          21          20   1.00163904630686     
          22          21   1.88481547418973     
          23           6  0.941079078220855     
          23           7  0.895306621880942     
          23          22  0.995626612150557     
          24           6  0.961088098463659     
          24           7  0.934776453767440     
          25           4  0.931596650341836     
          25           5  0.963612687096958     
          25          24  0.956563097554557     
          26          15  0.909748977269245     
          26          16  0.868242605725305     
          26          18  0.825115587504309     
          27          15  0.967501231913942     
          27          16  0.891655886504485     
          28          13  0.999477649500104     
          28          14  0.912355297168472     
          28          27  0.950502792218889     
          29          12  0.967744284821933     
          29          13  0.926112174480352     
          30          29  0.964706666023970     
          31          26  0.989924215142592     
          31          30   1.91036328761093     
          32           1  0.966961250057633     
          33          19  0.937942152040137     
          34           1  0.961822060462597     
          35          17  0.968974020949825     
          36           3  0.959089229062444     
          37           3  0.968958074028483     
          38           5  0.934082308966069     
          39           7  0.949697548331564     
          40           8  0.938252899171107     
          41          10  0.944418223696854     
          42          12  0.933327565682975     
          43          13  0.941251842339771     
          44          15  0.933594624309765     
          45          21  0.930261959150694     
          46          22  0.933812461819722     
          47          23  0.948520570142855     
          48          24  0.938970211281433     
          49          25  0.937540195786416     
          50          27  0.933156151669378     
          51          28  0.934141159122563     
          52          29  0.947507717936991     
          53          30  0.929564257446174     
          54          31  0.927273544653411     
