 -4.660132800385153E-002
 -4.444907735426806E-002
 -5.867641170690518E-002
  4.606154695310982E-002
  7.585005715557758E-002
 -4.617573247786666E-002
 -0.137612179558150     
  7.471768693175607E-002
 -4.781847937272143E-002
 -4.966984920754580E-002
 -4.530267225534601E-002
 -5.587780005048248E-002
  4.589002479667403E-002
 -0.128357158627761     
  5.752610217286547E-002
 -2.860190100987836E-002
 -2.838498131945233E-002
  3.599845103592347E-003
  5.962364669812104E-002
 -0.181344383917356     
  4.182112378131375E-002
 -2.006739350354536E-002
 -2.268739704259559E-002
  6.457585233378405E-002
 -0.126091086067570     
  4.713862584452500E-002
 -5.456357992793581E-002
 -4.334440965899500E-002
 -4.821621647873631E-002
 -4.664053057645479E-002
  7.419634004217635E-002
 -0.138608491907355     
  7.476614948820481E-002
 -4.648478878507234E-002
 -4.829847171474011E-002
 -4.403192726474181E-002
 -5.558587854023411E-002
  4.621669909749793E-002
 -2.571620504378735E-002
  4.683116477795402E-002
 -0.178823422640602     
  6.006686652592297E-002
  4.017729573817519E-003
 -2.819775621918019E-002
 -2.852274868826488E-002
  5.745489229150325E-002
 -0.128429155785582     
  4.604089058103256E-002
 -5.866829862390421E-002
 -4.448653989764662E-002
 -4.658281274631992E-002
 -4.617033530886605E-002
  7.589851361038313E-002
 -0.137551326615050     
  7.470826266331043E-002
 -4.784563685855492E-002
 -4.962367007936486E-002
 -4.525729250272192E-002
 -5.568516088440845E-002
  4.578740494778311E-002
 -3.238194965520247E-002
 -3.367375604039946E-002
 -3.362406497230808E-002
 -3.229311674013946E-002
  4.288615821306008E-002
  4.327577479063127E-002
  4.451429261976969E-002
  3.991547667762263E-002
  4.043981003456565E-002
  4.228565284042429E-002
  4.316538663585900E-002
  4.254224656263184E-002
  4.399778636105567E-002
  4.598588872496778E-002
  5.070822044503043E-002
  4.869620050516554E-002
  4.409875165469035E-002
  4.389006153399766E-002
  4.266305853783992E-002
  4.078615839044075E-002
  4.102429888160086E-002
  4.272763373399135E-002
  4.366570019384686E-002
  4.303324624740823E-002
  4.562867250039393E-002
  4.617852996238381E-002
  4.409031561245569E-002
  4.454643281878568E-002
  4.325381869968614E-002
  4.289807563401171E-002
  3.991719161278762E-002
  4.042071817328485E-002
  4.228547036333685E-002
  4.319450412182424E-002
  4.260266738637830E-002
  4.524205876485032E-002
  4.410620770993823E-002
  4.422132382126365E-002
  4.534815949493343E-002
