           2           1   1.44117617274103     
           3           2   1.41576291406482     
           4           3   1.39335797421665     
           5           4   1.30583001941771     
           6           1   1.41229011255761     
           6           5   1.40876124799786     
           7           5   1.00820690717797     
           8           7   1.00937199548810     
           9           8   1.40975390417876     
          10           9   1.41187022408142     
          11          10   1.44030837286036     
          12          11   1.41794101758020     
          13           8   1.30402032345506     
          13          12   1.39085251596429     
          14           4   1.00267715288017     
          14          13   1.01047734834189     
          15          14  0.967841647066062     
          16          15   1.38662364791402     
          17          16   1.43556920888514     
          18          17   1.38525213105719     
          19          18  0.975338623625596     
          20          19   1.53452878061639     
          21          20   1.22898162191498     
          22          21   1.27084328830295     
          23          22   1.55093601380734     
          24          23   1.26876801818496     
          25          24  0.974853686273548     
          26          25   1.00540964610318     
          27          26   1.39211106724219     
          28          27   1.41740697770814     
          29          28   1.44052084492475     
          30          29   1.41232578749933     
          31          26   1.30532616272289     
          31          30   1.40994532586517     
          32          31   1.00775261884323     
          33          32   1.00894572323007     
          34          33   1.40989919269948     
          35          34   1.41195333238698     
          36          35   1.44050722087363     
          37          36   1.41770083136755     
          38          25   1.00805977047125     
          38          33   1.30465732923018     
          38          37   1.39070438353064     
          39          24   1.48626974333396     
          40          21   1.20664092147537     
          40          39   1.28609432242080     
          41          40   1.21783245051627     
          42          19   1.15805076668749     
          42          41   1.54028985212506     
          43          42  0.974124476647165     
          44          43   1.38586224471747     
          45          44   1.43518404490578     
          46          45   1.38685980647949     
          47          46  0.967863186863423     
          48          47   1.00248480698955     
          49          48   1.39349342345737     
          50          49   1.41571522302697     
          51          50   1.44117668770754     
          52          51   1.41233620208034     
          53          48   1.30583812970297     
          53          52   1.40871791279668     
          54          53   1.00826742422872     
          55          54   1.00942444470385     
          56          55   1.40952161340794     
          57          56   1.41207597211232     
          58          57   1.44016373843144     
          59          58   1.41807364278188     
          60          47   1.01023200429298     
          60          55   1.30422739679378     
          60          59   1.39084782366923     
          61          46   1.37214054472136     
          62          43   1.37036226469558     
          62          61   1.45215791736682     
          63          18   1.37027576774770     
          64          15   1.37228603519447     
          64          63   1.45210964027963     
          65           1  0.944245659937862     
          66           2  0.943041370053033     
          67           3  0.936478259380170     
          68           6  0.945549720306257     
          69           9  0.945823880173041     
          70          10  0.944696487930515     
          71          11  0.943995706588591     
          72          12  0.942235204772055     
          73          16  0.944305198634294     
          74          17  0.944216833239521     
          75          22  0.940251016516252     
          76          23  0.943738547236524     
          77          27  0.940585765979410     
          78          28  0.943794602008326     
          79          29  0.944473071367605     
          80          30  0.945698323026697     
          81          34  0.945726634918077     
          82          35  0.944565873018264     
          83          36  0.943871964051657     
          84          37  0.941269820513449     
          85          39  0.942060711355762     
          86          44  0.944203963782541     
          87          45  0.944273027639938     
          88          49  0.936440604647643     
          89          50  0.943045260432204     
          90          51  0.944232121535859     
          91          52  0.945535715545999     
          92          56  0.945823248426140     
          93          57  0.944694756407463     
          94          58  0.943995035987992     
          95          59  0.942262744270181     
          96          61  0.941804496718418     
          97          62  0.943592739001671     
          98          63  0.943531446103249     
          99          64  0.941782100580606     
