           2           1  0.953187524766573     
           3           2  0.953511263546590     
           4           2  0.947667034719486     
           5           4   1.40545431264653     
           6           5   1.42923806969498     
           7           6   1.41458941406973     
           8           7   1.45284349143653     
           9           4   1.32450180082512     
           9           8   1.35032463916919     
          10           9   1.06860433695700     
          11          10   1.06525725176030     
          12           2  0.943212306097947     
          12          11   1.32391556920911     
          13          12   1.39162448625644     
          14          13   1.44925169724626     
          15          14   1.34011270138850     
          16          11   1.32245531953711     
          16          15   1.34534202985568     
          17          16  0.944468585610812     
          18          17  0.950044905487952     
          19          17  0.951493446450969     
          20          17  0.945693089142542     
          21          20   1.40164851294253     
          22          21   1.43108033843210     
          23          22   1.41328648187385     
          24          23   1.45358811464291     
          25          20   1.32545264382507     
          25          24   1.34937509250244     
          26          15   1.05935853455008     
          26          25   1.06867436718422     
          27           1  0.975565466210130     
          28           1  0.977304607166634     
          29           1  0.975665018479422     
          30           3  0.975576101227845     
          31           3  0.975601138364329     
          32           3  0.977368478186196     
          33           5  0.943299350238703     
          34           6  0.945227059680121     
          35           7  0.944426566983668     
          36           8  0.945249571009102     
          37          10  0.933713165250377     
          38          13  0.938407177767398     
          39          14  0.942142284806383     
          40          18  0.974672560245228     
          41          18  0.972156798368625     
          42          18  0.973790825727814     
          43          19  0.974847378308635     
          44          19  0.971572837494298     
          45          19  0.975954747507186     
          46          21  0.944441834954176     
          47          22  0.945181104936257     
          48          23  0.944331625366507     
          49          24  0.945330900039967     
          50          26  0.949113910718615     
