 -4.565748277882431E-002
 -4.342654713615435E-002
 -8.151427060981931E-003
 -3.973327987868203E-002
 -4.333562629142662E-002
  5.424635416875523E-002
 -0.123470458767343     
  5.388814420641808E-002
 -4.415485866040836E-002
 -3.400608831862950E-002
 -4.598594495507502E-002
 -3.402265325392939E-002
 -4.417607574717763E-002
  5.386200741691294E-002
 -4.441243475358814E-002
 -3.402403980150392E-002
 -4.618357135520856E-002
 -3.408458809348325E-002
 -4.450707014192723E-002
 -4.324061661075440E-002
 -3.891990011038793E-002
  1.294570911453352E-003
 -4.035886999374405E-002
 -3.821662483507726E-002
 -3.688060343214339E-003
 -4.565376498119278E-003
 -3.907040760519109E-002
 -4.188002173346028E-002
 -9.581606051982661E-004
 -3.852559388768384E-002
 -3.634000274075522E-002
 -1.122080328796304E-002
 -4.176528582731542E-002
 -4.397813594098210E-002
  5.208225235696196E-002
 -0.126288434548433     
  5.400110817094195E-002
 -4.472434370359313E-002
 -3.444422728153551E-002
 -4.693861851279912E-002
 -3.455121129318783E-002
 -4.472284425819328E-002
  5.384968986298366E-002
 -4.542789833823679E-002
 -3.461099499147391E-002
 -4.737233375793259E-002
 -3.460855310446131E-002
 -4.548999021003564E-002
 -4.362192134017828E-002
 -3.875588160945576E-002
 -3.911097849150913E-002
 -4.000308430820709E-002
 -3.940772801691583E-002
 -4.101995269744041E-002
  3.513894632648273E-002
  3.648030089818743E-002
  4.061131525432349E-002
  4.030734289455140E-002
  3.805471147849027E-002
  4.170616980085473E-002
  3.854103539214970E-002
  4.166876735474911E-002
  3.796481700163479E-002
  3.803762818381229E-002
  4.171134506290797E-002
  3.850918961296868E-002
  4.164684759530701E-002
  3.791678015951150E-002
  4.043905230935985E-002
  4.411032136616644E-002
  3.711290373814957E-002
  3.907866043433306E-002
  3.884397387288463E-002
  3.658444081181456E-002
  4.435668279585980E-002
  4.423846929525022E-002
  3.967506674609611E-002
  3.973814728375313E-002
  3.786334789648504E-002
  4.147955646239798E-002
  3.823288536273384E-002
  4.124545292500170E-002
  3.789921575235788E-002
  3.781153246066493E-002
  4.142016309420482E-002
  3.826362539724693E-002
  4.142969319725731E-002
  3.779533167212512E-002
  3.995187889553409E-002
  4.450005263673218E-002
  4.064307023833946E-002
  3.895981552343197E-002
  3.945564591895823E-002
  4.051069328019463E-002
