           2           1   1.74895646377769     
           3           2   1.09367883024847     
           4           3   1.33468601822217     
           5           4   1.47191001420175     
           6           5   1.35379550403867     
           7           6   1.00938765567246     
           8           7  0.993875792400186     
           9           8   1.37215444209647     
          10           9   1.44331742849501     
          11          10   1.42429375932332     
          12          11   1.42463605964254     
          13           8   1.37278038301816     
          13          12   1.44294963598657     
          14           7  0.995048915525295     
          15          14   1.37197794538216     
          16          15   1.44324592462192     
          17          16   1.42440148798018     
          18          17   1.42438630415304     
          19          14   1.37221912280692     
          19          18   1.44330736300630     
          20           6   1.35178174916681     
          21           3   1.33130702834896     
          21          20   1.47460240159488     
          22           1   1.09004338330475     
          23          22   1.33983292411932     
          24          23   1.46618906351270     
          25          24   1.36022155044705     
          26          25   1.01007703715226     
          27          26   1.36702364002189     
          28          27   1.45397921479697     
          29          28   1.36354396510862     
          30          29   1.03527799217020     
          31          30   1.83294472059434     
          32          31   1.04063259418125     
          33          32   1.36020161960177     
          34          33   1.45609611443359     
          35          34   1.36566930845157     
          36          35  0.999925256574190     
          37          36  0.996171720601069     
          38          37   1.37186638308943     
          39          38   1.44326995670745     
          40          39   1.42447209704302     
          41          40   1.42404070482296     
          42          37   1.37142273835695     
          42          41   1.44383941327134     
          43          36  0.998407342449315     
          44          43   1.37104691738213     
          45          44   1.44376538056328     
          46          45   1.42415020372291     
          47          46   1.42402917611365     
          48          43   1.37078136503935     
          48          47   1.44393207292495     
          49          35   1.35760983269295     
          50          32   1.35002776103467     
          50          49   1.46563956625283     
          51          29   1.35234387972211     
          52          26   1.35668356592132     
          52          51   1.46492888502913     
          53          25   1.35392781599244     
          54          22   1.33329267613730     
          54          53   1.47285745922345     
          55           1  0.940760817450491     
          56           2  0.940084815770887     
          57           4  0.943616001912068     
          58           5  0.944427878806598     
          59           9  0.946289472448949     
          60          10  0.945263380955847     
          61          11  0.946567479973706     
          62          12  0.945289659848311     
          63          13  0.946362945292579     
          64          15  0.946272918759635     
          65          16  0.945267785291881     
          66          17  0.946574499962872     
          67          18  0.945295912702359     
          68          19  0.946325966950680     
          69          20  0.944393063717088     
          70          21  0.943013693166222     
          71          23  0.945063479392488     
          72          24  0.945560252482820     
          73          27  0.945369268376732     
          74          28  0.945846348599977     
          75          30  0.937358469699824     
          76          31  0.937925790384658     
          77          33  0.944671369561040     
          78          34  0.944679323198171     
          79          38  0.946365601426515     
          80          39  0.945304268692625     
          81          40  0.946606966651776     
          82          41  0.945304557263002     
          83          42  0.946251997453023     
          84          44  0.946260946570753     
          85          45  0.945318692033567     
          86          46  0.946624732502272     
          87          47  0.945301141788350     
          88          48  0.946257040542013     
          89          49  0.944585930079081     
          90          50  0.942151800911449     
          91          51  0.943981943688749     
          92          52  0.945208397245721     
          93          53  0.945035468102151     
          94          54  0.943990642238137     
