           2           1   1.00663853668958     
           3           2  0.994219425697987     
           4           3  0.965809800801277     
           5           4  0.996428058293873     
           6           5   1.56990138232749     
           7           6   1.27276031046128     
           8           7   1.47100456515066     
           9           5   1.12596630770056     
           9           8   1.13161745047469     
          10           8   1.10857919530099     
          11          10   1.13303547086129     
          12          11   1.12509286396459     
          13          12  0.995878563925017     
          14          13  0.964171832550794     
          15          14  0.990369072108554     
          16          15   1.00555931080261     
          17          12   1.56835229973794     
          18          10   1.46929266559513     
          18          17   1.27421384615705     
          19           7  0.797947093179309     
          19          18  0.796198627187828     
          20          19   1.74682580395299     
          21          19  0.821370288272688     
          22          21   1.39838738233916     
          23          22   1.44084050923087     
          24          23   1.37235570143604     
          25          24  0.982966829258113     
          26          25   1.05170497417065     
          27          26   1.37093971751120     
          28          27   1.45053653163812     
          29          28   1.39539421767478     
          30          29   1.45971157915310     
          31          26   1.26648221438493     
          31          30   1.35397661169049     
          32          31   1.08628655157473     
          33          32   1.35386287083971     
          34          33   1.45975427526201     
          35          34   1.39528558954375     
          36          35   1.45059518858852     
          37          25   1.05183441659612     
          37          32   1.26663755308534     
          37          36   1.37069136675305     
          38          24   1.38229415170221     
          39          21   1.40690366746394     
          39          38   1.43021437543412     
          40           1  0.984755048909228     
          41           1  0.984739702574019     
          42           1  0.979122322485887     
          43           2  0.971084018171409     
          44           2  0.969982762842602     
          45           3  0.967792696625468     
          46           3  0.964694267092517     
          47           4  0.961882479142960     
          48           4  0.955543364256469     
          49           6  0.937849245997163     
          50          13  0.960013333411045     
          51          13  0.962288374206137     
          52          14  0.968771127149602     
          53          14  0.968201081969581     
          54          15  0.971348244101737     
          55          15  0.971385455507047     
          56          16  0.984704588114777     
          57          16  0.984681057003479     
          58          16  0.978592361533192     
          59          17  0.937901652402996     
          60          22  0.943345204134501     
          61          23  0.941332832069741     
          62          27  0.943545322435141     
          63          28  0.944672011702760     
          64          29  0.944994675964950     
          65          30  0.944733565906165     
          66          33  0.944718637454507     
          67          34  0.944999358252985     
          68          35  0.944749765918564     
          69          36  0.943534104303021     
          70          38  0.941292803127457     
          71          39  0.942208260550982     
