 -0.194880711880152     
  9.993940691950653E-002
  1.382093751183877E-002
  7.826969835583997E-002
 -9.364509563888390E-002
  3.805739024178489E-002
 -4.330762602392291E-002
 -3.374764738716340E-002
 -4.185812072539630E-002
 -3.096774645908695E-002
 -1.950350101073628E-002
 -1.949240184677503E-002
 -3.095141518520705E-002
 -4.183805792826689E-002
 -3.374937723062033E-002
 -4.333791016667643E-002
  3.803176222422433E-002
  1.377833226852188E-002
  9.990644152881245E-002
 -0.194882245849398     
  7.760314447724204E-002
 -9.339454202148545E-002
  3.726970788719353E-002
 -4.361684495619134E-002
 -3.436022509029701E-002
 -4.232923327185301E-002
 -3.177615984343785E-002
 -2.033779360191446E-002
 -2.052715669489658E-002
 -3.190054408303045E-002
 -4.243834993219231E-002
 -3.436980664152944E-002
 -4.302530822787709E-002
  3.778828431243220E-002
  6.492514241887637E-002
 -0.100246325224078     
  3.623424232315520E-002
 -4.590131073783610E-002
 -3.619326011498369E-002
 -4.455750693044980E-002
 -3.313725557994385E-002
 -2.267279145446643E-002
 -2.267378055802638E-002
 -3.313143003715879E-002
 -4.455261677568245E-002
 -3.618811834242841E-002
 -4.588210213635691E-002
  3.623194203231339E-002
  7.759985702612804E-002
 -9.341070351826897E-002
  3.726856281759083E-002
 -4.360905409623417E-002
 -3.435834546731975E-002
 -4.233445531816216E-002
 -3.177664052599738E-002
 -2.033737441073935E-002
 -2.052555020378666E-002
 -3.190364144495383E-002
 -4.243807139838474E-002
 -3.436713481844400E-002
 -4.302637210798999E-002
  3.778249360207253E-002
  3.782850100903190E-002
  4.426136139033809E-002
  4.125664526520434E-002
  4.367205907007310E-002
  4.367308641316825E-002
  4.126045698038450E-002
  4.424886071446266E-002
  3.781148466432716E-002
  3.909090420070738E-002
  4.441704945864056E-002
  4.115877301804904E-002
  4.343814751489117E-002
  4.313206561097538E-002
  4.078777837816194E-002
  4.442813659783174E-002
  3.983297827353494E-002
  3.914469402516374E-002
  4.400860458172662E-002
  4.037586436197016E-002
  4.267595875440122E-002
  4.267469772978882E-002
  4.037821920988782E-002
  4.400338265050308E-002
  3.913773535292409E-002
  3.906643687435085E-002
  4.441673268510671E-002
  4.115782224688880E-002
  4.343876655190704E-002
  4.312971709223934E-002
  4.078682550670265E-002
  4.442847313770992E-002
  3.983209763008455E-002
