           2           1   2.82316827136014     
           3           2   1.05762293937495     
           4           3   1.33855316526056     
           5           4   1.45661863972170     
           6           5   1.37055982952260     
           7           6  0.976008445769360     
           8           7   1.30903447829595     
           9           8   1.21651954101668     
          10           9   1.59617802648922     
          11          10   1.26562138930314     
          12          11   1.59622202322429     
          13           8   1.17524851571458     
          13          12   1.21642985940500     
          14          13   1.30963497837992     
          15          14  0.972604972634936     
          16          15   1.37042381349074     
          17          16   1.42211427131015     
          18          17   1.45079659782364     
          19          18   1.34056194749708     
          20          19   1.06318674612328     
          21          20   1.58098972291894     
          22          21   1.15271094040028     
          23          22   1.13488493482784     
          24          23   1.31097844791629     
          25          24   1.49818858642521     
          26          25   1.35871781645222     
          27          26   1.49573524909806     
          28          23   1.26185942867513     
          28          27   1.31983356799735     
          29          28   1.11097115846052     
          30          29   1.32339992737135     
          31          30   1.49375476146415     
          32          31   1.35582007230742     
          33          32   1.50306612901342     
          34          29   1.24992469743900     
          34          33   1.29933230810172     
          35          22   1.40197581936755     
          35          34   1.16502812594374     
          36          20   1.07703214184778     
          36          35   1.06435558293157     
          37          15   1.40006467617746     
          37          19   1.35269960107685     
          38          14   1.30989300969495     
          39          38   1.21638295725634     
          40          39   1.59626372239513     
          41          40   1.26557756771197     
          42          41   1.59620980287933     
          43           7   1.30911320005953     
          43          38   1.17521395445470     
          43          42   1.21649272302242     
          44           6   1.37051441316942     
          45           3   1.33854221887577     
          45          44   1.45664225448257     
          46           4  0.944654486292646     
          47           5  0.944760570354209     
          48           9  0.940883949814955     
          49          10  0.945370524289286     
          50          11  0.945368749567126     
          51          12  0.940517589372129     
          52          16  0.945847851464521     
          53          17  0.943498421704111     
          54          18  0.945268664989502     
          55          24  0.944911008585136     
          56          25  0.945428873138897     
          57          26  0.945734852215990     
          58          27  0.942427444205629     
          59          30  0.941973938415845     
          60          31  0.945782126343258     
          61          32  0.945331872460372     
          62          33  0.945619182084564     
          63          37  0.945750383352529     
          64          39  0.940676743823085     
          65          40  0.945390686984579     
          66          41  0.945379647550669     
          67          42  0.940888945353684     
          68          44  0.944761968660319     
          69          45  0.944653606902743     
