           2           1   1.41841018697894     
           3           2   1.45201184172886     
           4           3   1.35145553419277     
           5           4   1.04582556999277     
           6           5   1.25116595882736     
           7           6   1.49117376171856     
           8           7   1.04385787074253     
           9           8   1.23501903032384     
          10           9   1.58177618646246     
          11          10   1.24291478780452     
          12          11   1.26404680346228     
          13          12   1.54983996714377     
          14          13   1.30680559363946     
          15          14   1.55625476161711     
          16          11   1.21747981638599     
          16          15   1.25144618305637     
          17           8   1.46949615845948     
          17          16   1.26852900179707     
          18           7   1.12912984355502     
          19          18   1.11157078898349     
          20          19   1.67345916290417     
          21          20   1.22187641840598     
          22          21   1.59549516655086     
          23           5   1.36059977323865     
          23          18   1.04105262564195     
          23          22   1.23906884510979     
          24           4   1.35876205770612     
          25           1   1.42360299987021     
          25          24   1.44590671192976     
          26           1  0.947497996059079     
          27           2  0.946226195777844     
          28           3  0.946852473197747     
          29           9  0.943948536256749     
          30          10  0.941707496802865     
          31          12  0.944619342224774     
          32          13  0.946169135521881     
          33          14  0.945910622182793     
          34          15  0.944595551131383     
          35          17  0.941685773561118     
          36          19  0.942418785442694     
          37          20  0.940882288700764     
          38          21  0.944579916172142     
          39          22  0.937024260222242     
          40          24  0.945536936012215     
          41          25  0.946539370345302     
