 -4.048048937254389E-002
 -4.309483271345194E-002
  6.686678910075017E-004
 -3.569582960229045E-002
 -3.355759672818515E-002
  5.987259148875124E-002
 -9.287445174172326E-002
  3.530151726657671E-002
 -4.452567561577681E-002
 -3.987559816229425E-002
 -4.884755844045507E-002
 -3.664087626382528E-002
 -2.868027110040394E-002
 -2.865042319475108E-002
 -3.661901713238169E-002
 -4.883943605817542E-002
 -3.988202658517359E-002
 -4.450837649469630E-002
  3.528429089851581E-002
 -3.334299600576340E-002
 -3.598031370022259E-002
  7.385918070972330E-004
 -3.981569616826874E-002
 -3.689737739745436E-002
  1.387257977220724E-003
 -1.101333037203656E-002
 -1.113934384156945E-002
  1.328970257328699E-003
 -3.846356013655683E-002
 -3.461800810479865E-002
 -3.741308337099714E-002
 -3.490084005624539E-002
 -3.972140020472636E-002
  1.540478356813590E-003
 -3.954155294116113E-002
 -3.479113366468845E-002
 -3.734355541544954E-002
 -3.462939775250984E-002
 -3.846710921583618E-002
  1.394039976669870E-003
 -3.970929571791526E-002
 -3.477612275650621E-002
 -3.730677386428471E-002
 -3.454116799928286E-002
 -3.838927402820680E-002
 -3.767005408214441E-002
 -3.981124317668971E-002
  3.582614318896693E-002
  3.701666551459515E-002
  4.528960334988374E-002
  4.229643297962105E-002
  4.042320032708879E-002
  4.311802664868114E-002
  4.006301886843555E-002
  4.201035624431448E-002
  4.203477998639982E-002
  4.004858813575285E-002
  4.311636473307778E-002
  4.044027124783045E-002
  4.223051632787989E-002
  4.184112543177421E-002
  4.081670867647680E-002
  4.095305326846688E-002
  3.840091870389339E-002
  3.873935001597928E-002
  3.779534347707147E-002
  3.841682877051344E-002
  3.712081854416271E-002
  3.709091070177528E-002
  3.843264609859443E-002
  3.778991313639124E-002
  3.859055272667788E-002
  3.825778037692129E-002
  3.707678402141656E-002
  3.845977932803524E-002
  3.782433571730659E-002
  3.865328840988469E-002
  3.841816639411755E-002
  3.963149488741224E-002
  3.731491702010392E-002
