           2           1   2.81670128322749     
           3           2   1.05546070328850     
           4           3   1.29670141753497     
           5           4   1.00542875033353     
           6           5   1.35785814914031     
           7           6   1.46323880680602     
           8           7   1.35414436971697     
           9           8   1.02182326791635     
          10           9  0.990521929918983     
          11          10   1.37448826467627     
          12          11   1.44214416601212     
          13          12   1.42512154168819     
          14          13   1.42461727919312     
          15          10   1.37317896819906     
          15          14   1.44260497246375     
          16           9  0.990151438964918     
          17          16   1.37468014382596     
          18          17   1.44203242210433     
          19          18   1.42519679859273     
          20          19   1.42458101137121     
          21          16   1.37321139309262     
          21          20   1.44261633551989     
          22           8   1.35345425289483     
          23           5   1.35664368934268     
          23          22   1.46410339615914     
          24           4   1.29797815589893     
          25          24   1.05494502398437     
          26          25   2.81666133136070     
          27          24   1.29536878365047     
          28          27   1.01066586439526     
          29          28   1.35493149845537     
          30          29   1.46512784855856     
          31          30   1.35262290185554     
          32          31   1.02347994837195     
          33          32  0.989783349213644     
          34          33   1.37340363700402     
          35          34   1.44248715116259     
          36          35   1.42466537646866     
          37          36   1.42520062382886     
          38          33   1.37479895399227     
          38          37   1.44201306633987     
          39          32  0.989833037252900     
          40          39   1.37330820224731     
          41          40   1.44254209126149     
          42          41   1.42461722165661     
          43          42   1.42523216066100     
          44          39   1.37482329130110     
          44          43   1.44197961079261     
          45          31   1.35245454068398     
          46          28   1.35471015686324     
          46          45   1.46530265997065     
          47          27   1.29535806467567     
          48          47   1.05504776663707     
          49          48   2.81669158432926     
          50           3   1.29655684144574     
          50          47   1.29797273435315     
          51          50   1.00562904200155     
          52          51   1.35766429295745     
          53          52   1.46335952026351     
          54          53   1.35408559881161     
          55          54   1.02175699528013     
          56          55  0.990282537635166     
          57          56   1.37318315272731     
          58          57   1.44263141352471     
          59          58   1.42457692480885     
          60          59   1.42517979601220     
          61          56   1.37461535933977     
          61          60   1.44206391679521     
          62          55  0.990393717800175     
          63          62   1.37324531364290     
          64          63   1.44257749227545     
          65          64   1.42464273437838     
          66          65   1.42511573858857     
          67          62   1.37451288726773     
          67          66   1.44214248421895     
          68          54   1.35353409839409     
          69          51   1.35668333765789     
          69          68   1.46404158424887     
          70           6  0.942232875559501     
          71           7  0.942920197460718     
          72          11  0.946288844531024     
          73          12  0.945322526467721     
          74          13  0.946541350193881     
          75          14  0.945205472175963     
          76          15  0.946177608178263     
          77          17  0.946315391438359     
          78          18  0.945325911267062     
          79          19  0.946542015375677     
          80          20  0.945195449091797     
          81          21  0.946127951161477     
          82          22  0.942992003251845     
          83          23  0.942592294814252     
          84          29  0.942204026669945     
          85          30  0.942921220821379     
          86          34  0.946175385846507     
          87          35  0.945197805624781     
          88          36  0.946536674532838     
          89          37  0.945320810829977     
          90          38  0.946312511980068     
          91          40  0.946146376514522     
          92          41  0.945193829972738     
          93          42  0.946535912313557     
          94          43  0.945323097455715     
          95          44  0.946316554585820     
          96          45  0.942926225943094     
          97          46  0.942196984392336     
          98          52  0.942208973521890     
          99          53  0.942934556914310     
         100          57  0.946132059250142     
         101          58  0.945196814110366     
         102          59  0.946543376259706     
         103          60  0.945325677971581     
         104          61  0.946310717319193     
         105          63  0.946185575679878     
         106          64  0.945204513692577     
         107          65  0.946541000174832     
         108          66  0.945322002703168     
         109          67  0.946295845336564     
         110          68  0.943004634048527     
         111          69  0.942570872903480     
