           2           1   1.81195621962164     
           3           2  0.953025127329853     
           4           3  0.976903563070942     
           5           4   1.68359088234625     
           6           1   1.11050829261640     
           6           5   1.00444867362293     
           7           6   1.63538438497031     
           8           7   1.09128013380915     
           9           5   1.09395681800933     
           9           8   1.43781198555911     
          10           9  0.939682843873136     
          11          10  0.938659946349892     
          12          11   1.49698265833363     
          13          12   1.17672185654976     
          14          13   1.64594305640979     
          15          14   1.20210775823392     
          16          15   1.64282059614203     
          17          12   1.04032886086966     
          17          16   1.18026090576549     
          18          17   1.50614460245203     
          19          11   1.06706023568731     
          19          18   1.15830879169774     
          20           8   1.20485366230903     
          20          19   1.50024904212160     
          21          10  0.911201312839487     
          22          21   1.38300364813347     
          23          22   1.44716734847254     
          24          23   1.40482867327479     
          25          24   1.45709682756999     
          26          21   1.36613701066603     
          26          25   1.36216031696667     
          27          26   1.01924499425222     
          28          27   1.01925639946426     
          29          28   1.36208066332024     
          30          29   1.45715229925502     
          31          30   1.40475672232993     
          32          31   1.44723941639093     
          33          10  0.910651937794511     
          33          28   1.36618402230310     
          33          32   1.38292961090005     
          34           3  0.905809986707232     
          35          34   1.39386948827116     
          36          35   1.43462693296848     
          37          36   1.41714062041837     
          38          37   1.44368531089866     
          39          34   1.35975132359166     
          39          38   1.37862120219672     
          40          39   1.01148356698155     
          41          40   1.01151979906260     
          42          41   1.37861791306118     
          43          42   1.44365762089387     
          44          43   1.41716407902820     
          45          44   1.43458280196739     
          46           3  0.905218711907102     
          46          41   1.35964985354559     
          46          45   1.39389606081267     
          47           1  0.932445269520652     
          48           2  0.939834551947101     
          49           4  0.932395506735777     
          50           7  0.945963361780328     
          51          13  0.942473062219793     
          52          14  0.946430326700912     
          53          15  0.946670880162229     
          54          16  0.942747225309583     
          55          18  0.946548662408826     
          56          20  0.939949027167968     
          57          22  0.943696236896713     
          58          23  0.944674284697251     
          59          24  0.943944410703270     
          60          25  0.944305664527689     
          61          29  0.944299480765918     
          62          30  0.943945019719849     
          63          31  0.944672876133672     
          64          32  0.943657392356534     
          65          35  0.939665548813717     
          66          36  0.944405228755155     
          67          37  0.943939722476332     
          68          38  0.944282503406968     
          69          42  0.944278821285427     
          70          43  0.943938792176096     
          71          44  0.944401855714225     
          72          45  0.939665132341866     
