           2           1   2.81814514061641     
           3           2   1.06247660364317     
           4           3   1.33355697442699     
           5           4   1.46459811020584     
           6           5   1.36052448860049     
           7           6   1.00684633530215     
           8           7   1.30114458653199     
           9           8   1.51441172544776     
          10           9   1.30079713904512     
          11          10   1.25961706843765     
          12           7   1.42970434624854     
          12          11   1.33288831287880     
          13          11   1.10196277898564     
          14          13   1.34093465102954     
          15          14   1.42250196118784     
          16          15   1.01030489097949     
          17          16   1.35891039693427     
          18          17   1.46501870444739     
          19          18   1.33363714699138     
          20          19   1.06221947940869     
          21          20   2.81869974362250     
          22          19   1.33341831956765     
          23          16   1.35911501979549     
          23          22   1.46523157257569     
          24          15   1.30165777230958     
          25          24   1.51416729948536     
          26          13   1.24199399301650     
          26          25   1.29544813510059     
          27          26   1.16069319373758     
          28          10   1.13776214364033     
          28          27   1.37374087114003     
          29          28   1.17776844936208     
          30          29   1.54384434433869     
          31          30   1.03514223166527     
          32          31   1.35459540208540     
          33          32   1.45964887805043     
          34          33   1.36078766540610     
          35          34   1.01305502275680     
          36          35   1.36025794810184     
          37          36   1.46007989697078     
          38          37   1.36053497738732     
          39          38   1.00636583182872     
          40          39  0.994298427622927     
          41          40   1.37209397601052     
          42          41   1.44331203675215     
          43          42   1.42429349870055     
          44          43   1.42467067487191     
          45          40   1.37276273125259     
          45          44   1.44290550383459     
          46          39  0.995277415303191     
          47          46   1.37194343625199     
          48          47   1.44325428089252     
          49          48   1.42439441902261     
          50          49   1.42442631019484     
          51          46   1.37224928191728     
          51          50   1.44323961170164     
          52          38   1.36015685332699     
          53          35   1.35978275275466     
          53          52   1.46061457336337     
          54          34   1.35611256449055     
          55          31   1.34560497267434     
          55          54   1.46537419045904     
          56          27   1.08542244408751     
          56          30   1.11957784948905     
          57          56  0.947462106140459     
          58          57   1.39354189512482     
          59          58   1.43146280649209     
          60          59   1.43179448044641     
          61          60   1.42729876973452     
          62          57   1.38272280534320     
          62          61   1.43524720018929     
          63           6   1.36054501600736     
          64           3   1.33394275923962     
          64          63   1.46423128443109     
          65           4  0.944986415762987     
          66           5  0.944534642232153     
          67           8  0.943951947973848     
          68           9  0.942619908315922     
          69          12  0.940243378700042     
          70          14  0.938972558933101     
          71          17  0.944374552705230     
          72          18  0.944981900155792     
          73          22  0.944997689114901     
          74          23  0.944601583104292     
          75          24  0.943718470616472     
          76          25  0.936084209818717     
          77          32  0.941878743796577     
          78          33  0.944512337965263     
          79          36  0.943900360237552     
          80          37  0.944311103893059     
          81          41  0.946310649044034     
          82          42  0.945273579572639     
          83          43  0.946552977906441     
          84          44  0.945280694237879     
          85          45  0.946354467432402     
          86          47  0.946316356316325     
          87          48  0.945293274475950     
          88          49  0.946564771028207     
          89          50  0.945285969219436     
          90          51  0.946317278159045     
          91          52  0.944230216877399     
          92          53  0.943687219707572     
          93          54  0.943951972818514     
          94          55  0.944628817825167     
          95          58  0.946990250319806     
          96          59  0.944784786977472     
          97          60  0.945856731796469     
          98          61  0.944740954588336     
          99          62  0.947107012577676     
         100          63  0.944542366793946     
         101          64  0.945034366947750     
