           2           1  0.994749449809921     
           3           2   1.40631007993402     
           4           3   1.39407226609083     
           5           4  0.941968515456645     
           6           5   1.01754244191143     
           7           6   1.37300177166245     
           8           7   1.43017284402563     
           9           8   1.42752915554813     
          10           9   1.42044864347566     
          11           6   1.32652853710712     
          11          10   1.40411648968862     
          12          11   1.00774574182802     
          13          12   1.00754877726662     
          14          13   1.40430430285207     
          15          14   1.42033410470301     
          16          15   1.42756398050570     
          17          16   1.43021672887332     
          18           5   1.01726064013525     
          18          13   1.32653065450682     
          18          17   1.37314219442302     
          19           4   1.37731968883958     
          20          19   1.44687299443461     
          21           2   1.33173985016923     
          21          20   1.36975258591449     
          22          21   1.00789007715246     
          23          22   1.37822012415724     
          24          23   1.37806763181616     
          25          24   1.00796125570384     
          26          25   1.37448890138108     
          27          26   1.44143549626574     
          28          27   1.38852964814287     
          29          28  0.943013212814802     
          30          29   1.01580979575663     
          31          30   1.37341928768835     
          32          31   1.43054088803330     
          33          32   1.42736270643762     
          34          33   1.42069134570384     
          35          30   1.32693226336033     
          35          34   1.40403116087888     
          36          35   1.00678050321137     
          37          36   1.00728454692224     
          38          37   1.40375152438217     
          39          38   1.42079791637161     
          40          39   1.42725256990898     
          41          40   1.43062462356834     
          42          29   1.01631895979082     
          42          37   1.32682220809559     
          42          41   1.37304181911011     
          43          28   1.38265344886100     
          44          25   1.32707542401044     
          44          43   1.41153463174801     
          45          44  0.994363655334184     
          46          24   1.33154797545240     
          47          46   1.43704709334747     
          48          22   1.33149140602798     
          48          47   1.43711252790939     
          49           1  0.971131810717227     
          50           1  0.977604969550116     
          51           1  0.965848943993270     
          52           3  0.943339621390273     
          53           7  0.941204125055656     
          54           8  0.944006553675160     
          55           9  0.944028592673739     
          56          10  0.943853285914997     
          57          14  0.943850985910588     
          58          15  0.944037090284580     
          59          16  0.943937503189515     
          60          17  0.941032169896114     
          61          19  0.944176803572124     
          62          20  0.941214242762776     
          63          23  0.943511557581648     
          64          26  0.941343301173927     
          65          27  0.944286750854286     
          66          31  0.940900182449024     
          67          32  0.943898157347045     
          68          33  0.944005697588368     
          69          34  0.943791571094760     
          70          38  0.943782643003492     
          71          39  0.944018236385620     
          72          40  0.943996496644878     
          73          41  0.941269927170658     
          74          43  0.943151140152543     
          75          45  0.965887843235942     
          76          45  0.971185712679596     
          77          45  0.977575272420024     
          78          47  0.947538247369906     
