 -5.011406738410162E-002
  0.186761180647935     
 -0.232309090420809     
  3.881023824849228E-002
 -2.469503090019476E-002
  6.543288320724772E-002
 -0.124227961958653     
  4.691090182763658E-002
 -5.405997284292585E-002
 -4.366103584473358E-002
 -4.807389940645646E-002
 -4.672988981130644E-002
  7.472131769238244E-002
 -0.137958735585584     
  7.511758302380844E-002
 -4.654841633227758E-002
 -4.797011052189326E-002
 -4.393364299736824E-002
 -5.486646489331459E-002
  4.637712904426827E-002
 -2.793288559799301E-002
 -1.871737575253007E-002
 -2.248966075798720E-002
  0.236219976339482     
 -0.284481096208753     
 -0.114043993505050     
  5.584467559608219E-002
  5.317440161777753E-002
  5.603357701908607E-002
  4.432258033688785E-002
  4.418796351421028E-002
  4.375876116260968E-002
  4.260017595477361E-002
  4.075024771079216E-002
  4.093558879851733E-002
  4.272105004246030E-002
  4.374408304358068E-002
  4.338607954543516E-002
  4.565930837755405E-002
  5.534362797091463E-002
