 -9.212451383540188E-002
 -4.951732185832913E-002
 -6.535849724278542E-002
 -5.788378202646616E-002
 -5.052406423988387E-002
 -1.944067741582955E-003
 -0.122153956595792     
  3.443807629251605E-002
 -8.099893403545799E-002
 -3.605448397164590E-002
 -1.010190443254277E-002
 -8.590695947380578E-002
 -9.139559255113561E-003
 -1.210039303682731E-002
 -4.249887073871328E-002
 -3.432863609453385E-003
 -2.088707066487672E-004
 -4.026390873097707E-002
 -3.425774461629683E-002
 -3.687506425616682E-002
 -3.389499266139318E-002
 -3.930287518782283E-002
 -4.281892022435230E-002
 -3.675543566624384E-002
 -1.947687835392653E-002
 -1.861306824043840E-002
 -3.674383260539482E-002
 -4.281559703339521E-002
 -3.262663600249738E-003
  2.059825230293910E-005
 -3.955830548516825E-002
 -3.399686125877555E-002
 -3.715484926156609E-002
 -3.450552697514109E-002
 -4.070693849659701E-002
 -4.238302380117087E-002
 -1.112105660690244E-002
 -6.786641685649908E-002
  7.881402997194664E-002
 -0.117669637757328     
  6.948865460738141E-002
 -4.774436806349858E-002
 -5.302278370289848E-002
 -4.712781050310255E-002
 -5.996679487667222E-002
  4.053015235125113E-002
  2.689862525103093E-002
  2.746438428050457E-002
  3.884544684683600E-002
  2.883482393645687E-002
  2.541884881663181E-002
  2.210945255684715E-002
  2.537681598762009E-002
  3.004087857810545E-002
  3.075111163266619E-002
  3.421052400095381E-002
  3.636851745639291E-002
  5.266011283830008E-002
  5.399830373394154E-002
  4.578442285990481E-002
  5.448747426527345E-002
  5.722582107404317E-002
  3.630581046400461E-002
  5.889589642493653E-002
  3.965634257196893E-002
  3.677637977897985E-002
  3.836596501714751E-002
  3.785634374199964E-002
  3.848213912922860E-002
  3.735301724768580E-002
  4.124327852657483E-002
  4.112288103433814E-002
  4.119047642870144E-002
  4.186192396710608E-002
  3.927021277250142E-002
  3.865187689785299E-002
  3.784392057456498E-002
  3.839837885606712E-002
  3.710138682256892E-002
  4.000636412086966E-002
  3.602325282809438E-002
  3.983146126801107E-002
  4.190649611357522E-002
  4.221783166680126E-002
  4.372568577790559E-002
