           2           1  0.989985913671676     
           3           2   1.41071490815466     
           4           3   1.38170640346643     
           5           4  0.983141573608759     
           6           5   1.37532726480444     
           7           6   1.43611524875960     
           8           7   1.43191580781425     
           9           8   1.38135048969819     
          10           9  0.971489032492970     
          11          10   1.05798931440470     
          12          11   1.36878706785868     
          13          12   1.45258964283674     
          14          13   1.39363411884379     
          15          14   1.46078184183032     
          16          11   1.26376423241458     
          16          15   1.35328409804688     
          17          16   1.08890863712503     
          18          17   1.35340264151623     
          19          18   1.46074705794239     
          20          19   1.39354269546165     
          21          20   1.45267160844734     
          22          10   1.05809883110135     
          22          17   1.26360930853025     
          22          21   1.36869650061161     
          23           5   1.38460524426691     
          23           9   1.39262267998104     
          24           4   1.33951171686012     
          25          24  0.990330996206611     
          26          24   1.41289634686104     
          27           2   1.34189193061005     
          27          26   1.37922155723197     
          28          27  0.983640105942234     
          29          28   1.36770479347491     
          30          29   1.43194772568218     
          31          30   1.43900690825063     
          32          31   1.35900233159442     
          33          32   1.03158640005074     
          34          33   1.54945222801058     
          35          34   1.17650517486656     
          36          35   1.13191972273757     
          37          36   1.30921293475002     
          38          37   1.49931372203706     
          39          38   1.35802967900643     
          40          39   1.49600209712558     
          41          36   1.26616755773776     
          41          40   1.31888809011074     
          42          41   1.10836748312593     
          43          42   1.32589740505896     
          44          43   1.49049259368340     
          45          44   1.36015833807887     
          46          45   1.49763144608077     
          47          42   1.24856529791882     
          47          46   1.30460084962101     
          48          35   1.38350132550414     
          48          47   1.15384837071630     
          49          33   1.11709121264937     
          49          48   1.08344201093918     
          50          49  0.951675364934103     
          51          50   1.38147149772078     
          52          51   1.43613844255474     
          53          52   1.42699992484116     
          54          53   1.43136980644434     
          55          50   1.39168172104337     
          55          54   1.43253548719961     
          56          28   1.39591163548877     
          56          32   1.35998933359833     
          57           1  0.974706428901077     
          58           1  0.976148709502594     
          59           1  0.969420539513889     
          60           3  0.941992931045595     
          61           6  0.945253887755442     
          62           7  0.943090661822666     
          63           8  0.945754998250890     
          64          12  0.942576761460525     
          65          13  0.944793549981940     
          66          14  0.945121333204279     
          67          15  0.944741848356679     
          68          18  0.944697666933307     
          69          19  0.945134410252304     
          70          20  0.944829483020244     
          71          21  0.943749599988800     
          72          23  0.945128143386263     
          73          25  0.976584732698423     
          74          25  0.973763754302556     
          75          25  0.968283707661240     
          76          26  0.941524576218522     
          77          29  0.945544185982167     
          78          30  0.943915756530890     
          79          31  0.942433930442280     
          80          37  0.944891696126325     
          81          38  0.945400030073383     
          82          39  0.945723555104271     
          83          40  0.942156254072137     
          84          43  0.941081991032745     
          85          44  0.945438638905688     
          86          45  0.945157233408329     
          87          46  0.938273178701073     
          88          51  0.947012896188657     
          89          52  0.944779695454218     
          90          53  0.945988131364467     
          91          54  0.944868917710317     
          92          55  0.946956888757396     
          93          56  0.944875251932177     
