           2           1  0.976404243970763     
           3           2  0.966445986941581     
           4           2  0.966435264721823     
           5           2  0.935422715163914     
           6           5   1.49489517476734     
           7           6   1.25325857459291     
           8           7   1.25324676617449     
           9           8   1.49490397659439     
          10           9  0.935427859600669     
          11          10  0.966433444965474     
          12          10  0.966445107204385     
          13          10  0.976402365964053     
          14           9   1.30437000437047     
          15          14   1.44486746293785     
          16          15   1.05152760328680     
          17          16   1.44486554744195     
          18          17   1.30436237644548     
          19          18  0.935427618947262     
          20          19  0.966411161600244     
          21          19  0.966469384093909     
          22          19  0.976399867339349     
          23          18   1.49491198990434     
          24          23   1.25324548427061     
          25          24   1.25326179720722     
          26          25   1.49489058357102     
          27          26  0.935434088846905     
          28          27  0.966434153225358     
          29          27  0.966437403439860     
          30          27  0.976397827677776     
          31          26   1.30437640200861     
          32          31   1.44485832553079     
          33          32   1.05152753491043     
          34           5   1.30438226146232     
          34          33   1.44485018710124     
          35           7   1.22979662568664     
          35          15   1.21430236535696     
          35          33   1.21432121513889     
          36          16   1.21431272332246     
          36          24   1.22979522054629     
          36          32   1.21431085127854     
          37           1  0.977603384459067     
          38           1  0.978245917063367     
          39           1  0.977595389483591     
          40           3  0.976066195052984     
          41           3  0.978280082371789     
          42           3  0.978020431528709     
          43           4  0.978270921606823     
          44           4  0.978006639469507     
          45           4  0.976070677824825     
          46           6  0.941044153044994     
          47           8  0.941044802098339     
          48          11  0.978276311487089     
          49          11  0.976061349443389     
          50          11  0.978002303346332     
          51          12  0.978026311983091     
          52          12  0.978277046366852     
          53          12  0.976072403119236     
          54          13  0.977602167752112     
          55          13  0.977598593546563     
          56          13  0.978246263825534     
          57          14  0.938513924708450     
          58          17  0.938516725335183     
          59          20  0.978019900689406     
          60          20  0.978276582995156     
          61          20  0.976079343641276     
          62          21  0.978008707743048     
          63          21  0.976055272203958     
          64          21  0.978277421054689     
          65          22  0.978245192536083     
          66          22  0.977589863748820     
          67          22  0.977612202765261     
          68          23  0.941043560369045     
          69          25  0.941043324668286     
          70          28  0.976079195556025     
          71          28  0.978023871473780     
          72          28  0.978277598320867     
          73          29  0.978006358413543     
          74          29  0.976053892392259     
          75          29  0.978273053977951     
          76          30  0.978248811014616     
          77          30  0.977597510370951     
          78          30  0.977601655485958     
          79          31  0.938514479974626     
          80          34  0.938517359120062     
