 -0.101785748071415     
  2.660477318639343E-002
 -9.979849547543118E-002
 -0.101659810286962     
 -1.401826913857285E-002
 -3.463773503190204E-002
 -4.074378839476367E-002
  9.052828351890430E-002
 -7.563604386249967E-002
 -4.264330392991678E-002
  1.623545448670427E-002
 -7.547371353593668E-002
 -4.286507899300229E-002
 -1.428451837566325E-002
  2.656948564633499E-002
 -9.980444597836602E-002
 -0.101748795061207     
 -0.101754331014013     
 -3.486707371888631E-002
 -4.093695815596554E-002
  9.122590652310825E-002
 -8.872352143426365E-002
  0.102053913330323     
 -5.137520965121833E-002
  7.334248749686356E-002
 -9.371278635337355E-002
  3.535869998661179E-002
 -4.626074091556109E-002
 -4.096089440618300E-002
 -5.081755911640062E-002
 -4.093725852556052E-002
 -2.431896106952358E-002
 -2.913704773329506E-002
 -1.313740192812052E-002
  7.997840435399972E-003
 -3.494316874519487E-002
 -3.493624911892113E-002
 -3.696549223328827E-002
 -3.368758706685426E-002
 -3.488088158929159E-002
  2.490404167036209E-002
 -2.924142086744030E-002
 -1.276270180383232E-002
  6.135803475624257E-003
 -3.598508941664935E-002
 -3.496309382435125E-002
 -3.417510369054444E-002
 -3.228054293920213E-002
 -3.655087602527196E-002
  2.449709398711342E-002
 -2.510801504752980E-002
 -4.107371911670565E-002
 -5.165871648949238E-002
 -4.180346120056821E-002
 -4.721451030229851E-002
  3.436339094820440E-002
 -9.949085787398904E-002
  6.299391951296585E-002
 -3.097041879399587E-002
 -2.911801902235567E-002
 -3.687478992180626E-002
 -3.059424896161200E-002
 -3.316003784198784E-002
 -5.355814963312877E-002
  9.996262806367717E-002
 -0.102405765398966     
 -9.082067336003252E-002
  3.401647717849943E-002
  3.505703474104560E-002
  3.191731831142675E-002
  3.325941001157506E-002
  3.633542700074965E-002
  3.586350966156870E-002
  3.190535493094737E-002
  3.504148847431632E-002
  3.421297698046422E-002
  4.506492556360442E-002
  3.915898267409057E-002
  4.953698857053435E-002
  4.941758430599441E-002
  3.326614609794543E-002
  3.613567300698639E-002
  3.603788499833460E-002
  3.506478742880004E-002
  3.196145828428720E-002
  3.401751532452857E-002
  3.504947685280013E-002
  3.185635883272153E-002
  3.412816503511107E-002
  4.499425695945425E-002
  3.913050333564161E-002
  4.144122261130079E-002
  4.042779632236648E-002
  4.293156175811952E-002
  3.993094682896303E-002
  4.590753386766322E-002
  3.743982234167620E-002
  3.817042193848974E-002
  3.749875278465087E-002
  3.852590982369974E-002
  3.794030792052627E-002
  3.711706917883284E-002
  3.840966393856637E-002
  3.908513091777721E-002
  3.943627956232876E-002
  3.742379877330793E-002
  4.582245555056608E-002
  3.974035025869849E-002
  4.242998914778118E-002
  3.993714363006184E-002
  3.971953831500030E-002
  4.219884776488358E-002
  3.920465742966106E-002
  4.207050289775738E-002
  3.887749587264677E-002
  4.037245417796198E-002
