           2           1   1.70296794824842     
           3           2  0.810227572082928     
           4           3   1.41692160006383     
           5           4   1.41843695798234     
           6           5   1.43275861340730     
           7           6   1.42805339232189     
           8           3   1.41047984206358     
           8           7   1.42544434261973     
           9           2  0.813355635329984     
          10           9   1.41377566538613     
          11          10   1.42208848081216     
          12          11   1.43321057787093     
          13          12   1.42656530266669     
          14           9   1.40788913158556     
          14          13   1.42767577105441     
          15           2  0.807380458566392     
          16          15   1.41836488564661     
          17          16   1.40123553333437     
          18          17   1.45070058769267     
          19          18   1.35855722470520     
          20          15   1.37121117004135     
          20          19   1.25957602330034     
          21          20   1.04387838079611     
          22          21   1.04840442486725     
          23          22   1.36778171388071     
          24          23  0.803447088757264     
          25          24   1.71948433116225     
          26          24  0.811088389069231     
          27          26   1.41265045143731     
          28          27   1.42261715823916     
          29          28   1.43134209556149     
          30          29   1.42656252289568     
          31          26   1.40955443399727     
          31          30   1.42462863457802     
          32          24  0.814148023036197     
          33          32   1.41485714217463     
          34          33   1.42147491351580     
          35          34   1.43342000437480     
          36          35   1.42679656526303     
          37          32   1.40741379310619     
          37          36   1.42731117064190     
          38          23   1.42179046830731     
          39          38   1.39671612273334     
          40          39   1.45229405064951     
          41          19   1.07215648283715     
          41          22   1.26148463039822     
          41          40   1.35738051633232     
          42           4  0.945130332839015     
          43           5  0.943421764311262     
          44           6  0.943658005371640     
          45           7  0.943509281452753     
          46           8  0.945868828996731     
          47          10  0.945293111087010     
          48          11  0.944016952812536     
          49          12  0.944590099696897     
          50          13  0.941072966804882     
          51          14  0.944576443357457     
          52          16  0.942688257562033     
          53          17  0.940609891830407     
          54          18  0.941216847151239     
          55          27  0.943852001908754     
          56          28  0.943777049282898     
          57          29  0.943961088516997     
          58          30  0.943589531194455     
          59          31  0.945033265612119     
          60          33  0.945243565125314     
          61          34  0.943905425737046     
          62          35  0.944292709372163     
          63          36  0.943822732709260     
          64          37  0.945325839747588     
          65          38  0.941827427907105     
          66          39  0.940246259770675     
          67          40  0.940905859392157     
