           2           1   1.41435759233424     
           3           2   1.43410905574663     
           4           3   1.37036669294274     
           5           4   1.01396017666443     
           6           5   1.49854157501588     
           7           6   1.24586033772817     
           8           7   1.26467091144013     
           9           8   1.55598128762590     
          10           9   1.26271842808926     
          11          10  0.978210069317570     
          12          11   1.00632984711585     
          13          12   1.38949006253373     
          14          13   1.41921055753927     
          15          14   1.43889891078045     
          16          15   1.41361707264559     
          17          12   1.30688956081531     
          17          16   1.40839595017799     
          18          17   1.00794514847529     
          19          18   1.00710266720943     
          20          19   1.40864043017210     
          21          20   1.41377863668570     
          22          21   1.43906515269800     
          23          22   1.41875231012155     
          24          11   1.00437209596867     
          24          19   1.30697410095313     
          24          23   1.39103738180762     
          25          10   1.48740501773019     
          26           7   1.19624003229061     
          26          25   1.28325743296295     
          27          26   1.23163314705175     
          28           5   1.16505109222689     
          28          27   1.50590090647471     
          29          28   1.01192010795811     
          30          29   1.37158953833457     
          31          30   1.43327395192767     
          32          31   1.41500672925678     
          33          32   1.42725727722486     
          34          29   1.36021350907639     
          34          33   1.43324949664954     
          35           4   1.35967089851491     
          36           1   1.42750343616020     
          36          35   1.43313637066692     
          37           1  0.947010535941480     
          38           2  0.944652141247613     
          39           3  0.946524620231474     
          40           8  0.940203059292645     
          41           9  0.943676491203615     
          42          13  0.941068902511193     
          43          14  0.943830968749481     
          44          15  0.944532674130179     
          45          16  0.945703625747695     
          46          20  0.945678433696015     
          47          21  0.944454573826670     
          48          22  0.943754607908509     
          49          23  0.940410716831499     
          50          25  0.942080751641473     
          51          30  0.946526500790402     
          52          31  0.944664682705145     
          53          32  0.946989016446672     
          54          33  0.948513771883594     
          55          36  0.948503869096136     
