           2           1   2.83907916328105     
           3           2   1.04925415579960     
           4           3   1.38084585681007     
           5           4   1.34540401145483     
           6           5   1.12102684277355     
           7           6   1.29497513676254     
           8           7   1.50840752078625     
           9           8   1.29206918974386     
          10           9   1.04893061423071     
          11          10   1.34869919170228     
          12          11   1.47004050652257     
          13          12   1.35013016764762     
          14          13   1.02692847873803     
          15          14  0.990413760418925     
          16          15   1.37472897204761     
          17          16   1.44193766289383     
          18          17   1.42536001527983     
          19          18   1.42396684664268     
          20          15   1.37252461756254     
          20          19   1.44266934872284     
          21          14  0.987390573610733     
          22          21   1.37446095226301     
          23          22   1.44187686423435     
          24          23   1.42506043024209     
          25          24   1.42518325976963     
          26          21   1.37552361512164     
          26          25   1.44201423365233     
          27          13   1.34320603824680     
          28          10   1.33592990048749     
          28          27   1.48001810656136     
          29           9   1.38126371399118     
          30           6   1.26113608717680     
          30          29   1.35246112364219     
          31          30   1.08887407960911     
          32          31   1.35214934281850     
          33          32   1.38177470642000     
          34          33   1.04813173676675     
          35          34   1.33636599221185     
          36          35   1.47978797372183     
          37          36   1.34318226588017     
          38          37   1.02741251952461     
          39          38  0.990142379169895     
          40          39   1.37484308805789     
          41          40   1.44191493091173     
          42          41   1.42538377374970     
          43          42   1.42405257573073     
          44          39   1.37263150260455     
          44          43   1.44258376881323     
          45          38  0.987142289154014     
          46          45   1.37453149023170     
          47          46   1.44182511734529     
          48          47   1.42507975698342     
          49          48   1.42521106402607     
          50          45   1.37565613228260     
          50          49   1.44198040209972     
          51          37   1.35001192407195     
          52          34   1.34894604319705     
          52          51   1.46996572560430     
          53          33   1.29229605622022     
          54          53   1.50828879886577     
          55          31   1.26133217887918     
          55          54   1.29500527143161     
          56           5   1.19860182712608     
          56          55   1.12095840851035     
          57          56   1.34547804682951     
          58           3   1.22025294222017     
          58          57   1.38083512708466     
          59          58   1.04921441780462     
          60          59   2.83911625089624     
          61           7  0.941422013270828     
          62           8  0.943356733978091     
          63          11  0.943475432126367     
          64          12  0.943652633806349     
          65          16  0.946181279923496     
          66          17  0.945301531823548     
          67          18  0.945736994775769     
          68          19  0.944714016336251     
          69          20  0.946065218378927     
          70          22  0.946272476810082     
          71          23  0.945233748159669     
          72          24  0.946507089189528     
          73          25  0.945279166054306     
          74          26  0.946457275944231     
          75          27  0.942996995044803     
          76          28  0.941606236490943     
          77          35  0.941708487807710     
          78          36  0.942957697885789     
          79          40  0.946192873138162     
          80          41  0.945302770839913     
          81          42  0.945741583121696     
          82          43  0.944643430962706     
          83          44  0.946069672073588     
          84          46  0.946284419101487     
          85          47  0.945233643834804     
          86          48  0.946507479600190     
          87          49  0.945279735866594     
          88          50  0.946465987203401     
          89          51  0.943607905260824     
          90          52  0.943520580848354     
          91          53  0.943394397097699     
          92          54  0.941411405158330     
