 -2.997929123183596E-002
 -0.129011915146870     
 -2.994396120628284E-002
  4.457130491743166E-002
 -6.185192121070759E-002
 -3.498641528550817E-002
  3.624904101334492E-002
 -7.221287573013857E-002
  5.930003110617843E-002
  2.561053061199026E-002
 -4.111385063562700E-002
 -3.077628170594515E-002
 -3.735243623755835E-002
 -2.755160309695892E-002
 -2.421940910530296E-002
 -0.231257149848599     
 -1.969566720764870E-002
  1.996478855328698E-002
 -4.516752584353778E-002
 -3.833405684276414E-002
 -4.359860842714536E-002
 -3.579163639983740E-002
 -3.102874237779840E-002
 -2.723358602944259E-003
  1.285647131628043E-002
 -3.207895520091508E-002
 -3.278120531648465E-002
 -3.858606791300989E-002
 -3.417143552781976E-002
 -3.875150602530830E-002
 -3.642863218511572E-002
 -6.196725882220377E-002
  4.154810821448862E-002
  4.808747029646832E-002
  4.596422557688140E-002
  4.152957423664483E-002
  4.809126623424420E-002
  4.601648980963546E-002
  4.283412262178432E-002
  4.500322472706442E-002
  4.179452038727094E-002
  4.003642611095382E-002
  3.976308667232653E-002
  4.137172833619507E-002
  4.526384933293781E-002
  3.730508818766187E-002
  3.747275341547540E-002
  3.650099601135215E-002
  3.829719079962168E-002
  4.100366454736770E-002
  4.046713965939031E-002
  4.025615903783242E-002
  3.832007627184453E-002
  3.941479360143929E-002
  3.938648825124302E-002
  4.441388535112401E-002
  4.266727192403397E-002
