           2           1   2.82704305230362     
           3           2   1.05270916369317     
           4           3   1.35620821258195     
           5           4   1.37466921421594     
           6           5   1.02741916159359     
           7           6   1.35233108124258     
           8           7   1.30967230517807     
           9           8   1.10945025847316     
          10           9   1.01718053044130     
          11          10   1.38886724044658     
          12          11   1.43573565516934     
          13          12   1.40825899967643     
          14          13   1.45024736358291     
          15          10   1.27959561230851     
          15          14   1.36177641454265     
          16          15   1.07233816341309     
          17          16   1.36154388740659     
          18          17   1.45059732359285     
          19          18   1.40800684128886     
          20          19   1.43615651584542     
          21           9   1.01684508399956     
          21          16   1.27991803171704     
          21          20   1.38898366203481     
          22           8   1.32822692718943     
          23          22   1.32805805307592     
          24          23   1.10738662833821     
          25          24   1.01792083987577     
          26          25   1.38862514304129     
          27          26   1.43603456648191     
          28          27   1.40798636801483     
          29          28   1.45044950225062     
          30          25   1.27927598010730     
          30          29   1.36166762935018     
          31          30   1.07255934930847     
          32          31   1.36121537373991     
          33          32   1.45086365828551     
          34          33   1.40754293522096     
          35          34   1.43625949102842     
          36          24   1.01752254586675     
          36          31   1.27992409455116     
          36          35   1.38832153508512     
          37           6   1.35020829639272     
          37          23   1.31262126918311     
          38           5   1.34916394678386     
          39          38   1.42222208984166     
          40          39  0.865517046922002     
          41          40  0.884750495599635     
          42          41   1.41058846704295     
          43          42   1.43117472385740     
          44          43   1.42691125956443     
          45          44   1.42955724971777     
          46          41   1.41485964705839     
          46          45   1.42851013498285     
          47          40  0.886278143960847     
          48          47   1.40892655704468     
          49          48   1.43141317358060     
          50          49   1.42643777909377     
          51          50   1.42995550615061     
          52          47   1.41531288686123     
          52          51   1.42768663957671     
          53          40  0.882694616401974     
          54          53   1.41011109898604     
          55          54   1.43098623942765     
          56          55   1.42692274987236     
          57          56   1.42945957515128     
          58          53   1.41450538453480     
          58          57   1.42820716412957     
          59           3   1.32932391652148     
          59          39   1.42413969400120     
          60           4  0.941639119326619     
          61          11  0.938934030823453     
          62          12  0.944349284733518     
          63          13  0.944669173921075     
          64          14  0.944813698682809     
          65          17  0.944815507762875     
          66          18  0.944602774910670     
          67          19  0.944259583476332     
          68          20  0.939452231991565     
          69          26  0.939073804383141     
          70          27  0.944344047274495     
          71          28  0.944679498470677     
          72          29  0.944829974992415     
          73          32  0.944824767431193     
          74          33  0.944649536365920     
          75          34  0.944086455210028     
          76          35  0.938985754956108     
          77          38  0.941310751680852     
          78          42  0.947166082984971     
          79          43  0.945015373221818     
          80          44  0.945645727870140     
          81          45  0.944952032873416     
          82          46  0.946397195888892     
          83          48  0.946983262163100     
          84          49  0.944853619055828     
          85          50  0.945523104105680     
          86          51  0.944907332699469     
          87          52  0.946184799983361     
          88          54  0.945535414535834     
          89          55  0.944749725094447     
          90          56  0.945541547165102     
          91          57  0.944954490540800     
          92          58  0.945880153541515     
          93          59  0.943051486565533     
