           2           1   1.76110645259048     
           3           2  0.966741508361925     
           4           3   1.36350650788010     
           5           4   1.43478630082632     
           6           5   1.43404186334570     
           7           6   1.39349315094542     
           8           3   1.34646507915467     
           8           7   1.43809950465910     
           9           8  0.737842529234586     
          10           9   1.75282151891127     
          11           9   1.77703134185583     
          12           2   1.10528271445006     
          12           9  0.747889463381244     
          13          12  0.954547045104795     
          14          13  0.991350029191947     
          15          14  0.982103262114822     
          16          15  0.962380230889913     
          17          16   1.07933753375636     
          18          17   1.36149237665472     
          19          18   1.45824918543143     
          20          19   1.38890333217521     
          21          20   1.46289739025753     
          22          17   1.25842868300853     
          22          21   1.35079251324140     
          23          22   1.09262158331486     
          24          23   1.35114362461149     
          25          24   1.46303352148180     
          26          25   1.38982403333162     
          27          26   1.45720603818228     
          28          16   1.07748094325948     
          28          23   1.26036263676428     
          28          27   1.36277021068205     
          29           4  0.940281272374746     
          30           5  0.939897798709947     
          31           6  0.939700031203362     
          32           7  0.944197850486793     
          33          13  0.960386889339793     
          34          13  0.956473530504987     
          35          14  0.962969794972679     
          36          14  0.954105879632827     
          37          15  0.963675323672108     
          38          15  0.967595591268443     
          39          18  0.943547100772827     
          40          19  0.944870960625526     
          41          20  0.945388532850108     
          42          21  0.944931008135370     
          43          24  0.945154247283999     
          44          25  0.945495669676811     
          45          26  0.944949045541527     
          46          27  0.944480554797951     
