           2           1  0.965707377966627     
           3           2  0.975940528161067     
           4           2  0.966028329653783     
           5           2  0.938776277209703     
           6           5   1.22553133032227     
           7           6   1.60740561255289     
           8           7   1.21078738561627     
           9           8   1.31589654290901     
          10           9  0.959604598391362     
          11          10   1.38311319780784     
          12          11   1.43175460739812     
          13          12   1.43442837185360     
          14          13   1.38243384369961     
          15          14  0.971743437477043     
          16          15   1.05774478820583     
          17          16   1.36840516526574     
          18          17   1.45284874296154     
          19          18   1.39337161760581     
          20          19   1.46096237272282     
          21          16   1.26416794653504     
          21          20   1.35303690522227     
          22          21   1.08872083107765     
          23          22   1.35313364583088     
          24          23   1.46087322084652     
          25          24   1.39356228248699     
          26          25   1.45256743604935     
          27          15   1.05725747164899     
          27          22   1.26406715233266     
          27          26   1.36881665449127     
          28          10   1.39125608324268     
          28          14   1.38899996143259     
          29           9   1.31026754059140     
          30          29   1.21486160011768     
          31          30   1.56101100547417     
          32          31  0.938667462041839     
          33          32  0.976001919946598     
          34          32  0.965886265252524     
          35          32  0.965817563945901     
          36          31   1.22578363256555     
          37          36   1.60600928305245     
          38          29   1.17539966529220     
          38          37   1.21256190699004     
          39          38   1.31038219771927     
          40          39  0.975516779572154     
          41          40   1.37066518850746     
          42          41   1.45723018664526     
          43          42   1.33713998899512     
          44          43   1.06107978340161     
          45          44   2.81975975952105     
          46          43   1.33655653689673     
          47          40   1.36967001546703     
          47          46   1.45780904353268     
          48           8   1.17495372891915     
          48          39   1.30608732266768     
          49           5   1.56008797702331     
          49          48   1.21649567816072     
          50           1  0.978008517444109     
          51           1  0.978312378677402     
          52           1  0.976318271762969     
          53           3  0.977738870970541     
          54           3  0.978344911116975     
          55           3  0.977499920637683     
          56           4  0.976219411732190     
          57           4  0.978423246231575     
          58           4  0.978020662725724     
          59           6  0.942533493173391     
          60           7  0.939586011204223     
          61          11  0.945474870574884     
          62          12  0.942729412556135     
          63          13  0.945607090015417     
          64          17  0.943878468238604     
          65          18  0.944783853977983     
          66          19  0.945093557483245     
          67          20  0.944702334483918     
          68          23  0.944712289340706     
          69          24  0.945078693558731     
          70          25  0.944785174805603     
          71          26  0.942499964387508     
          72          28  0.945262220697706     
          73          30  0.938146562785550     
          74          33  0.977558712054499     
          75          33  0.978355297306014     
          76          33  0.976792968198363     
          77          34  0.978035303507597     
          78          34  0.976359785734938     
          79          34  0.978370968310438     
          80          35  0.978001069379787     
          81          35  0.978357050920399     
          82          35  0.976213685993290     
          83          36  0.942561230468077     
          84          37  0.939172525771642     
          85          41  0.944733172442625     
          86          42  0.944649323953430     
          87          46  0.944649113776225     
          88          47  0.944716374096522     
          89          49  0.937754424918538     
