           2           1   1.40867675193813     
           3           2   1.43524880137178     
           4           3   1.39288031765914     
           5           4  0.988362811398225     
           6           5   1.05195929702083     
           7           6   1.37253992791997     
           8           7   1.44872904716417     
           9           8   1.39715992880116     
          10           9   1.45739311466587     
          11           6   1.26481026159466     
          11          10   1.35641892064845     
          12          11   1.08553645985861     
          13          12   1.35496136928420     
          14          13   1.45920587038183     
          15          14   1.39551468216986     
          16          15   1.45106729481429     
          17           5   1.05112001396272     
          17          12   1.26678576658318     
          17          16   1.37072260507886     
          18           4   1.30562436076930     
          19          18   1.05752110877476     
          20          19   1.61799206385283     
          21          20   1.13863775075080     
          22          21   1.62526016675603     
          23          22   1.04615611289707     
          24          23   1.35260816497286     
          25          24   1.45159380071019     
          26          25   1.41214000691328     
          27          26   1.43240477412044     
          28          23   1.31386625367641     
          28          27   1.39685260245167     
          29          28  0.975999331251411     
          30          29   1.05139605514152     
          31          30   1.36859459032378     
          32          31   1.45317847617460     
          33          32   1.39310481838394     
          34          33   1.46227733004972     
          35          30   1.26689419406016     
          35          34   1.34982698481101     
          36          35   1.08584420616870     
          37          36   1.35414727709953     
          38          37   1.45955583841595     
          39          38   1.39539209019363     
          40          39   1.45048867813279     
          41          29   1.05317398842295     
          41          36   1.26471345306911     
          41          40   1.37110424664721     
          42          19   1.07077749381503     
          42          22   1.07590296318228     
          43           1   1.45453122661391     
          43          18   1.34946312915317     
          44           1  0.943967247037112     
          45           2  0.943732121453399     
          46           3  0.944041146938029     
          47           7  0.944420307953525     
          48           8  0.945029972076466     
          49           9  0.945244185965715     
          50          10  0.944819244040898     
          51          13  0.944922652466892     
          52          14  0.945275156818221     
          53          15  0.945057586896319     
          54          16  0.944304924372346     
          55          24  0.942160836323954     
          56          25  0.943453650313802     
          57          26  0.943604926701442     
          58          27  0.944410572504778     
          59          31  0.943366319720888     
          60          32  0.944226753951141     
          61          33  0.944915838147493     
          62          34  0.944750368282147     
          63          37  0.944669151440529     
          64          38  0.944985559649388     
          65          39  0.944689206594446     
          66          40  0.944218267391879     
          67          43  0.940111847191582     
