           2           1   1.37627478937333     
           3           2   1.46628665577851     
           4           3   1.33348122375410     
           5           4   1.27674738202908     
           6           1   1.46792786802369     
           6           5   1.32378379403021     
           7           5   1.09167159100406     
           8           7   1.42290911068941     
           9           8   1.28028871618879     
          10           9   1.26206662779583     
          11          10   1.51558038597469     
          12          11  0.989862730533687     
          13          12   1.04352775928588     
          14          13   1.37262093627397     
          15          14   1.44760245037108     
          16          15   1.39784741816067     
          17          16   1.45765731445696     
          18          13   1.26790318544462     
          18          17   1.35543784689420     
          19          18   1.08363648679583     
          20          19   1.35585264340732     
          21          20   1.45733076467650     
          22          21   1.39809102823637     
          23          22   1.44812881187083     
          24          12   1.04613035843989     
          24          19   1.26808910628761     
          24          23   1.37303281350240     
          25          11   1.19216201233014     
          26          25  0.989982867181438     
          27          26   1.04613999360475     
          28          27   1.37305834784222     
          29          28   1.44809528937691     
          30          29   1.39811956734806     
          31          30   1.45730437599992     
          32          27   1.26806161460412     
          32          31   1.35588316452310     
          33          32   1.08363128213943     
          34          33   1.35539819036810     
          35          34   1.45768565540714     
          36          35   1.39782515077055     
          37          36   1.44763502931371     
          38          26   1.04347430889223     
          38          33   1.26797785335915     
          38          37   1.37259521655842     
          39          25   1.51545849680422     
          40           9   1.16716623143963     
          40          39   1.26210042318514     
          41          40   1.28029615645937     
          42           7   1.16528060853637     
          42          41   1.42290814140038     
          43          42   1.09168046543020     
          44          43   1.32375318313760     
          45          44   1.46795416975924     
          46          45   1.37625715342177     
          47          46   1.46630173297898     
          48           4   1.08805431065800     
          48          43   1.27678033637967     
          48          47   1.33345709512755     
          49           1  0.945071104717009     
          50           2  0.947496254171968     
          51           6  0.942594355194431     
          52          10  0.938008558076778     
          53          14  0.943456515984335     
          54          15  0.944668568585389     
          55          16  0.944954222169833     
          56          17  0.944702289885009     
          57          20  0.944825414719015     
          58          21  0.945075368392943     
          59          22  0.944579021459227     
          60          23  0.942945681440831     
          61          28  0.942936038824317     
          62          29  0.944577995388682     
          63          30  0.945074310902446     
          64          31  0.944823985288309     
          65          34  0.944704125078357     
          66          35  0.944953448649414     
          67          36  0.944665632533119     
          68          37  0.943419722719816     
          69          39  0.937987525555445     
          70          44  0.942591618232923     
          71          45  0.945069815815054     
          72          46  0.947497837587289     
