 -4.936124825088584E-002
 -3.561691414146129E-002
 -4.972651357588198E-002
  5.337128637813926E-002
 -0.127767073727261     
  5.313154035844692E-002
 -4.455763237254473E-002
 -3.483190058007857E-002
 -4.699149698282312E-002
 -3.386340637423935E-002
 -4.554273261859620E-002
  5.335305573005877E-002
 -4.050435098682126E-002
 -3.546747656043081E-002
 -5.603009728528008E-003
  3.084479021096875E-003
 -2.933483578779228E-002
  4.675545718012808E-002
 -0.188265139469109     
  4.918930471955107E-002
  4.917453188523302E-002
 -0.187964400865923     
  4.651501064618380E-002
 -2.967685154970390E-002
  3.235067463733365E-003
 -8.921298686130896E-003
 -3.673827582747347E-002
 -4.284065999366593E-002
  5.352209400701380E-002
 -0.126676786202098     
  5.395201339696243E-002
 -4.694861115835280E-002
 -3.467151649596190E-002
 -4.876481258625365E-002
 -3.504731554160134E-002
 -4.732087987230749E-002
  5.308295928880602E-002
 -4.490483263809519E-002
 -3.470980688505687E-002
 -4.626796856356385E-002
 -3.502963556544714E-002
 -4.433677424471583E-002
 -4.240745128101420E-002
 -3.626366527762848E-002
 -2.426791899899339E-002
  0.135941505787593     
 -6.079523548938237E-002
 -6.528057115110375E-002
 -4.124746468526919E-002
 -4.115429055357289E-002
 -6.527032581474224E-002
 -6.073026694059092E-002
  0.135825926525105     
 -2.435392309334006E-002
 -3.454730393604688E-002
 -3.975731698906504E-002
 -4.790708619392170E-002
 -3.470354958385169E-002
  3.797711519105407E-002
  4.115061652149243E-002
  3.870829468575876E-002
  3.813349812486277E-002
  4.135602061583044E-002
  3.816488521444517E-002
  4.184626275456660E-002
  3.945985789211393E-002
  4.041398534279528E-002
  4.298930093729980E-002
  4.411396016851166E-002
  4.427455970719740E-002
  4.489598607642376E-002
  4.075471835893341E-002
  3.781532189746395E-002
  4.136980985686689E-002
  3.793766625745909E-002
  4.117586915393301E-002
  3.785650621004355E-002
  3.905841750639460E-002
  4.566384832819825E-002
  3.835877622562101E-002
  4.099181799179918E-002
  3.761039019780654E-002
  4.075669720752484E-002
  4.322358768165924E-002
  6.143179530578435E-002
  5.148603268240426E-002
  5.149309039286887E-002
  6.143971335208998E-002
  4.423046126917229E-002
  4.130173963868489E-002
  3.786878863369580E-002
  4.149690405252682E-002
