 -0.233323232223990     
  0.147187960710383     
 -1.247593404271630E-002
 -2.729233906827666E-002
 -2.659733304719403E-002
 -3.021675415216052E-002
 -2.939497645613010E-002
 -3.796050843549015E-002
 -1.346835933524559E-002
 -2.536292892636105E-002
 -3.127637238967296E-002
  3.171074613055325E-003
 -4.821859425016228E-003
 -3.411205983365573E-002
 -3.348712767340523E-002
  6.174427328389775E-002
 -9.356228710542425E-002
  3.538133674952348E-002
 -4.438796866752082E-002
 -3.939878582570344E-002
 -4.826583435218890E-002
 -3.626065174431758E-002
 -2.833295412399472E-002
 -2.815535285160564E-002
 -3.619206920269047E-002
 -4.839252052426346E-002
 -3.982404896541691E-002
 -4.479888084110506E-002
  3.530242480801071E-002
 -3.326733475326016E-002
 -3.364410916900518E-002
 -3.411507988121887E-002
 -3.595580962252587E-002
  4.400261939733530E-002
  3.974747916326848E-002
  4.057493467181650E-002
  3.893897549248471E-002
  4.128603389013541E-002
  4.684466580199076E-002
  4.041977263545571E-002
  4.428597646513077E-002
  4.272722967442355E-002
  4.048145924340019E-002
  4.325713641030604E-002
  4.017028341506157E-002
  4.212690915810180E-002
  4.220254837813342E-002
  4.013467222562384E-002
  4.303846485828466E-002
  4.020295793213124E-002
  4.279863245042304E-002
  4.442744684245259E-002
  3.966884486407751E-002
  4.421935950462186E-002
