 -3.689503151315066E-002
 -3.015437023113776E-002
 -3.390686213367733E-002
  6.138186470252238E-002
 -9.424046425388077E-002
  3.734876444403223E-002
 -4.260756712734892E-002
 -3.981073190637563E-002
 -4.912602931144860E-002
 -3.619780417609952E-002
 -2.678774525073724E-002
 -2.689128511308336E-002
 -3.786621524558420E-002
 -5.085916709333915E-002
 -4.205802185443996E-002
 -4.675976993921527E-002
  3.628865667590775E-002
  5.567447643866075E-004
  5.609678074023350E-004
 -3.695447356280113E-002
 -3.689105928543057E-002
 -3.015459150815225E-002
 -3.391761519946002E-002
  6.138717549163530E-002
 -9.424414402347736E-002
  3.628437185922673E-002
 -4.676232958367965E-002
 -4.205566031137931E-002
 -5.085583635901969E-002
 -3.786768143457309E-002
 -2.689286877008357E-002
 -2.677882121853692E-002
 -3.620230550856096E-002
 -4.913103416374209E-002
 -3.981711645887120E-002
 -4.260275108177325E-002
  3.734798129060080E-002
 -3.695111992463662E-002
  4.136274295569842E-002
  4.395421603031957E-002
  4.257067254665514E-002
  4.136465304753945E-002
  4.167313378716087E-002
  3.842036233720592E-002
  4.074898591414433E-002
  4.122559560574934E-002
  3.894798863295978E-002
  4.201274678871714E-002
  4.081821034049660E-002
  4.244258362745568E-002
  4.136363153623945E-002
  4.395159695857653E-002
  4.256516161846113E-002
  4.082191459567019E-002
  4.201256392806407E-002
  3.894824371223549E-002
  4.122313630077246E-002
  4.074350729880272E-002
  3.842139006393130E-002
  4.166927350285432E-002
  4.137760436369509E-002
  4.244403101457039E-002
