 -0.347179874741678     
  0.399349289489504     
 -0.347270911445415     
  4.110855844956518E-003
 -1.426983267702830E-002
 -2.220178045788757E-002
 -2.185818284233054E-002
 -2.102679651042028E-002
 -1.009011131348458E-002
  1.492615949301168E-004
 -1.391963668850060E-002
 -2.867420276719912E-002
  1.161833989941030E-002
 -1.881591294279339E-003
 -3.869110511441587E-002
 -3.267132977678422E-002
 -1.150906511644134E-002
 -8.600574452045429E-003
 -3.493720598638284E-002
  9.786639515434459E-003
 -1.209499736695108E-002
 -3.408205815755405E-002
 -3.499264172817984E-002
 -3.477265506766081E-002
 -3.458801696941283E-002
 -1.336414765354377E-002
 -1.361726076003222E-002
 -3.445536267615790E-002
 -3.433940405040214E-002
 -3.401764141505570E-002
 -3.333283597663339E-002
 -1.171983468473758E-002
 -9.901983979065498E-003
 -3.229790651696440E-002
 -3.319280295276794E-002
 -3.488993877686664E-002
 -3.482471311465840E-002
 -1.341216580340898E-002
 -2.657230451126402E-002
 -9.311560633219251E-003
  4.735062487201269E-002
  4.685091049241585E-002
  4.485186004106534E-002
  4.742835790755739E-002
  5.007218948880843E-002
  4.936083835865879E-002
  4.722961492272326E-002
  4.168394266736786E-002
  4.308836091002632E-002
  4.242525046617274E-002
  3.997287919754611E-002
  4.101732856558726E-002
  4.120200786711037E-002
  4.029898213982497E-002
  4.012328808079613E-002
  4.129970169516706E-002
  4.129393725168573E-002
  4.011406991440014E-002
  4.086146217127484E-002
  4.138521871951695E-002
  4.112430350426788E-002
  3.962112021247755E-002
  4.873792516810438E-002
  5.215387302008212E-002
