           2           1   1.00464050385931     
           3           2   1.64689370210668     
           4           3   1.10959689679485     
           5           4   1.35365061517270     
           6           5   1.46075660722593     
           7           6   1.39571067614253     
           8           7   1.44748307360654     
           9           4   1.26312944613470     
           9           8   1.37660081840181     
          10           2   1.08817439056122     
          10           9   1.04101395444611     
          11          10  0.967534874852955     
          12          11   1.35243762514025     
          13          12   1.43110445836493     
          14          13  0.716507179710809     
          15          14   1.75232101938393     
          16          14   1.74228333156625     
          17          14  0.747750581322775     
          18          17   1.40621962129998     
          19          18   1.42451408891320     
          20          19   1.39121012051735     
          21          20  0.936853129617356     
          22          21  0.961682728232051     
          23          21  0.971955254486223     
          24          21  0.973808380165113     
          25          20   1.39239674995438     
          26          17   1.40651508792127     
          26          25   1.42251998139755     
          27          13   1.36751316081031     
          28          27  0.965549964497407     
          29          28   1.09004459295995     
          30          29   1.00463200322609     
          31          29   1.64528135459351     
          32          31   1.11013539263102     
          33          32   1.35368248964220     
          34          33   1.46085308841435     
          35          34   1.39554829031916     
          36          35   1.44746834411150     
          37          28   1.04149970908962     
          37          32   1.26258318380020     
          37          36   1.37664631673845     
          38          27   1.35464825611069     
          39          11   1.36809328453001     
          39          38   1.42992132115801     
          40          39  0.715930647897624     
          41          40   1.74163250357949     
          42          40   1.75233842533470     
          43          40  0.747393748120685     
          44          43   1.40709068682256     
          45          44   1.42343105293063     
          46          45   1.39218521556473     
          47          46  0.936792089984487     
          48          47  0.974365045667238     
          49          47  0.971399786728647     
          50          47  0.961793553641479     
          51          46   1.39149023570083     
          52          43   1.40573114507271     
          52          51   1.42346116180902     
          53           1  0.947228893272259     
          54           1  0.964608914157296     
          55           1  0.974142974616625     
          56           5  0.943723283036484     
          57           6  0.944372167418086     
          58           7  0.944181880212627     
          59           8  0.944384434638397     
          60          12  0.931779095173672     
          61          18  0.944995132470056     
          62          19  0.939615001548451     
          63          22  0.977763587784476     
          64          22  0.977534977467897     
          65          22  0.977832415641018     
          66          23  0.975310215493256     
          67          23  0.975248945026555     
          68          23  0.977814749040896     
          69          24  0.977772168690333     
          70          24  0.975787314512869     
          71          24  0.976593850416476     
          72          25  0.938804750441696     
          73          26  0.943236344136574     
          74          30  0.964865099431490     
          75          30  0.947639299696764     
          76          30  0.974204821915793     
          77          33  0.943899826503951     
          78          34  0.944314163954260     
          79          35  0.944135645329203     
          80          36  0.944465325666700     
          81          38  0.932065742754098     
          82          44  0.944974068824131     
          83          45  0.939566189757619     
          84          48  0.976593996078405     
          85          48  0.977827031306212     
          86          48  0.975931347692247     
          87          49  0.975237678418885     
          88          49  0.977848571418301     
          89          49  0.975083495129347     
          90          50  0.977484541437300     
          91          50  0.977769791113078     
          92          50  0.977885381690468     
          93          51  0.938790884124442     
          94          52  0.943334675465522     
