 -2.948830457575546E-002
 -4.076866440231708E-002
  7.610389473657442E-003
  7.612816684451573E-003
 -4.076616939163102E-002
 -2.948646773283325E-002
 -4.058974814079441E-002
  6.748598431735919E-002
 -7.679915960421457E-002
  3.959773258434263E-002
 -4.007167449047877E-002
 -3.659254389579836E-002
 -4.628978566574027E-002
 -3.488910052914385E-002
 -2.913774165658456E-002
 -2.337261204459828E-002
 -1.887123657793399E-002
 -4.418733363277649E-002
  1.298708776603430E-002
 -0.200324327957986     
  8.908591420858469E-002
 -3.542057681274269E-002
 -3.543650657969533E-002
  6.748504589810000E-002
 -7.679030062151249E-002
  3.960033585109635E-002
 -4.007335382604449E-002
 -3.659244926129013E-002
 -4.628779026665075E-002
 -3.488856780849403E-002
 -2.913696110589825E-002
 -2.337135139353563E-002
 -1.887102463803192E-002
 -4.418522515140300E-002
  1.298762840990531E-002
 -0.200317957620098     
  8.908562343490223E-002
 -4.059507639512550E-002
  4.477796409491208E-002
  4.372539987409596E-002
  4.372856777103906E-002
  4.477728768073497E-002
  4.055305169424028E-002
  4.302030785520083E-002
  4.408598280228271E-002
  4.083852183798975E-002
  4.226035636158432E-002
  4.372670357751796E-002
  4.061801795897702E-002
  5.327273230971818E-002
  4.314568760706083E-002
  4.314923080087163E-002
  4.302324571591376E-002
  4.408608188292407E-002
  4.083896060659165E-002
  4.226041365817101E-002
  4.372768285626250E-002
  4.061863502912033E-002
  5.327274953878536E-002
  4.055587163661856E-002
