 -2.961635340236146E-002
 -2.407384522715805E-002
 -2.480289379245271E-002
  2.617864824789207E-002
  0.113770542662873     
 -0.213142925289938     
  0.119190418032858     
  3.427252597443120E-002
 -3.222488504064014E-002
  7.446464537731501E-002
 -9.262861574572323E-002
  3.593833789332734E-002
 -4.316661796404020E-002
 -3.887213648184673E-002
 -4.795617231724414E-002
 -3.624871837391730E-002
 -2.777063060673690E-002
 -2.751913156025321E-002
 -3.597371921323944E-002
 -4.750284324580356E-002
 -3.859201856326244E-002
 -4.423629602267010E-002
  3.550126926501740E-002
 -3.891179336035222E-002
  7.456497022959008E-002
 -9.298557089204795E-002
  3.509194507250868E-002
 -4.479111788893064E-002
 -3.914231352570852E-002
 -4.792122420010081E-002
 -3.640160091437306E-002
 -2.782380643691074E-002
 -2.807874339389294E-002
 -3.618607774902838E-002
 -4.522813835736894E-002
 -3.613462008111412E-002
 -4.280499795901971E-002
  3.544872305851232E-002
 -3.489713790494520E-002
 -0.216478953075951     
  0.119023377316083     
  3.480435943426041E-002
 -3.487580957461489E-002
  7.497188334673233E-002
 -9.267593931667140E-002
  3.521841374894352E-002
 -4.631254813534280E-002
 -3.954930607375928E-002
 -4.784645033473289E-002
 -3.627664266079744E-002
 -2.757915314839643E-002
 -2.792212215985845E-002
 -3.603169006994822E-002
 -4.494581119076191E-002
 -3.606446873359381E-002
 -4.275024117593240E-002
  3.566699812458696E-002
 -3.653289745428534E-002
  7.475175366957920E-002
 -9.304390425993603E-002
  3.539195931672712E-002
 -4.588423786652118E-002
 -3.921350025512993E-002
 -4.769195224145850E-002
 -3.585124596668710E-002
 -2.744621376805156E-002
 -2.785549973569879E-002
 -3.625764908118256E-002
 -4.780963422434237E-002
 -3.838379439825523E-002
 -4.289074729469267E-002
  3.605635878821589E-002
 -3.177358016257692E-002
 -0.212903044482082     
 -2.495763138515183E-002
 -2.423685524967567E-002
  4.196117482508965E-002
  4.104752235192732E-002
  4.629168528688721E-002
  5.229905264718204E-002
  4.221067399662570E-002
  4.341634756872836E-002
  4.004717000466329E-002
  4.219875052420641E-002
  4.221384971876696E-002
  4.027400876365583E-002
  4.374749097374608E-002
  4.150969475155575E-002
  4.851649173299466E-002
  4.108763534207216E-002
  4.359755001729337E-002
  4.018948051349691E-002
  4.210992110789014E-002
  4.132923052727133E-002
  4.067929035353635E-002
  4.479330317990893E-002
  4.272347981950697E-002
  5.299237471363782E-002
  5.343729202543046E-002
  4.120701772659086E-002
  4.325842726141660E-002
  4.014727102804760E-002
  4.219205150551930E-002
  4.133648497598919E-002
  4.078164555473807E-002
  4.479264163796737E-002
  4.279840201503315E-002
  4.785521655906677E-002
  4.102187484166409E-002
  4.327373166265303E-002
  4.020115425875503E-002
  4.233843822618366E-002
  4.210666924835560E-002
  4.010064779900124E-002
  4.369669566218815E-002
  4.212851113901606E-002
  5.244932496069110E-002
  4.613004187335645E-002
  4.087962074524354E-002
