           2           1   1.44040623330583     
           3           2   1.41222872188740     
           4           3   1.40994233193325     
           5           4   1.30551697447004     
           6           1   1.41772704295730     
           6           5   1.39132401883748     
           7           5   1.00630420348816     
           8           7   1.00809432050812     
           9           8   1.39131305483209     
          10           9   1.41724124562465     
          11          10   1.44074936762191     
          12          11   1.41178461073574     
          13           8   1.30422300861913     
          13          12   1.41021661350083     
          14           4   1.00774834309402     
          14          13   1.00902425892602     
          15           7  0.974299268906976     
          16          15   1.37387572462578     
          17          16   1.45188646472092     
          18          17   1.36003863377764     
          19          18   1.35648655459510     
          20          15   1.37174110677036     
          20          19   1.45503224131311     
          21          18  0.977663496210670     
          22          21   1.82219137762662     
          23          21  0.976577643669087     
          24          23   1.36055614470492     
          25          24   1.45155510646267     
          26          25   1.37391769336616     
          27          26   1.37172308401558     
          28          23   1.35696929656378     
          28          27   1.45483827690736     
          29          26  0.974597295555883     
          30          29   1.00632196219727     
          31          30   1.39123279386074     
          32          31   1.41781854227139     
          33          32   1.44031757656953     
          34          33   1.41231989460642     
          35          30   1.30562837371862     
          35          34   1.40983006758203     
          36          35   1.00776823909185     
          37          36   1.00903127913716     
          38          37   1.41017953510703     
          39          38   1.41182989256866     
          40          39   1.44073515311756     
          41          40   1.41722633284543     
          42          29   1.00792935352797     
          42          37   1.30425983792543     
          42          41   1.39134385039393     
          43           1  0.943802119566232     
          44           2  0.944521264445464     
          45           3  0.945723989608723     
          46           6  0.941042963153962     
          47           9  0.941232733934740     
          48          10  0.943906676371619     
          49          11  0.944529559002522     
          50          12  0.945714422837084     
          51          16  0.944619436170816     
          52          17  0.942017185380317     
          53          19  0.943698887696197     
          54          20  0.944302066549483     
          55          24  0.942170335920508     
          56          25  0.944599399932651     
          57          27  0.944277576562470     
          58          28  0.943721470670606     
          59          31  0.941063911861271     
          60          32  0.943802412519433     
          61          33  0.944520412848068     
          62          34  0.945724288954961     
          63          38  0.945708554760012     
          64          39  0.944521381067226     
          65          40  0.943902248820740     
          66          41  0.941126834383540     
