           2           1   1.42477133158891     
           3           2   1.44273313657495     
           4           3   1.37329882601421     
           5           4  0.993174824833381     
           6           5  0.993137253638274     
           7           6   1.37253894906801     
           8           7   1.44302060301220     
           9           8   1.42441297441026     
          10           9   1.42474793956618     
          11           6   1.37326752466697     
          11          10   1.44274777097361     
          12           5   1.01027373536905     
          13          12   1.35815193430521     
          14          13   1.46182020611008     
          15          14   1.35882061990454     
          16          15   1.01290429649204     
          17          16   1.26874424395021     
          18          17   1.54480849012111     
          19          18   1.28089399889861     
          20          19   1.21488407627030     
          21          20   1.51964714148521     
          22          21   1.10246753815623     
          23          22   1.52771071605981     
          24          19   1.20366984260575     
          24          23   1.20132462932539     
          25          16   1.45583295086529     
          25          24   1.30598120543611     
          26          22   1.04947604128013     
          27          26   1.46809299035605     
          28          27   1.32073759782717     
          29          28   1.54476228155133     
          30          29   1.24400112499401     
          31          30   1.24366150963141     
          32          31   1.54460710100429     
          33          32   1.32097029242882     
          34          21   1.05183285644920     
          34          33   1.46707044738224     
          35          26   1.19324082706335     
          35          30   1.25850316210120     
          35          34   1.19201064410423     
          36          15   1.35959150935787     
          37          12   1.35870837854799     
          37          36   1.46115644304402     
          38           4   1.37249926976966     
          39           1   1.42437858783399     
          39          38   1.44303999599393     
          40           1  0.946570022855691     
          41           2  0.945312266722417     
          42           3  0.946365607923716     
          43           7  0.946288049212561     
          44           8  0.945266355169299     
          45           9  0.946573185616485     
          46          10  0.945322455468097     
          47          11  0.946395473791680     
          48          13  0.944132659367234     
          49          14  0.943570909447645     
          50          17  0.943884260524440     
          51          18  0.941905508904019     
          52          25  0.942546459270626     
          53          27  0.944937675911198     
          54          28  0.944498190293049     
          55          29  0.944649470690134     
          56          31  0.944663349115831     
          57          32  0.944498830000541     
          58          33  0.944950583288199     
          59          36  0.943734858531780     
          60          37  0.944118753970470     
          61          38  0.946313865821289     
          62          39  0.945289101929717     
