 -0.268027283706086     
  0.124703899057646     
 -1.331465974101942E-002
 -2.361264466822277E-002
 -2.788804142488388E-002
 -2.866280980088565E-002
 -3.450452495993606E-002
 -2.215402627222751E-003
  1.877206984672153E-002
 -1.596338092267224E-003
 -5.963628783840402E-002
  6.728605647076646E-002
 -0.121789603236728     
  4.755401419286232E-002
 -3.287572387552373E-002
 -3.266807385644732E-002
 -3.683315692252886E-002
 -3.920976663283149E-002
 -8.975899826015876E-003
  1.455130694758600E-002
 -3.168518259794695E-003
 -4.206172572775735E-002
 -3.322189733654213E-002
 -3.747834920562898E-002
 -3.462853007486455E-002
 -4.126192893568081E-002
 -4.080358455365918E-003
 -4.280426968620965E-002
 -3.497537409540019E-002
 -3.588117016595493E-002
 -3.226738661621908E-002
 -4.227526962535855E-002
 -8.363399157859774E-003
 -3.908337519169613E-002
 -3.692937554182496E-002
 -3.315885623945913E-002
 -3.232422203737606E-002
  4.767718271395083E-002
 -4.777539389447583E-002
 -2.285414919246698E-002
 -3.139581081006249E-002
 -1.703928504912078E-002
 -3.249215836724328E-002
 -3.361309305104232E-002
 -3.480622127341348E-002
 -3.608699749179678E-002
 -1.503016315358963E-002
 -1.462414957945679E-002
 -3.541078663380137E-002
 -3.427457018495428E-002
 -3.343376632521178E-002
 -3.160457326539845E-002
 -1.605163190151693E-002
  4.945341059124497E-002
  4.146540487670458E-002
  4.343132517674686E-002
  3.988039149016409E-002
  4.227720162982795E-002
  4.280882779676254E-002
  4.486975090326051E-002
  4.212797551631631E-002
  4.512439727358108E-002
  4.018862413234003E-002
  3.950032977993856E-002
  3.848818971325196E-002
  3.876886686171155E-002
  3.777665889074933E-002
  3.760460276693633E-002
  3.971074206750280E-002
  3.844504060507459E-002
  3.912261758810753E-002
  3.726776674862631E-002
  4.502995122511022E-002
  4.179086694898437E-002
  4.447690445943453E-002
  4.386585590824366E-002
  4.355600890912659E-002
  5.499455391192787E-002
  4.162689114824358E-002
  4.193529883565028E-002
  4.123980138626548E-002
  3.985328726789383E-002
  3.990102667068729E-002
  4.133942900929333E-002
  4.186491613989507E-002
  4.193552827642577E-002
