 -3.129819961384950E-002
 -4.523541885123983E-002
 -2.523920695207238E-003
 -3.393830198383263E-002
 -3.952299835701467E-002
  1.059837308064804E-003
 -4.786877813481816E-002
 -3.302990123689487E-002
 -5.055281688291124E-002
  4.902239849374546E-003
  1.697890200580865E-003
 -6.713973325919476E-002
  4.620341336967515E-002
 -0.220362607243147     
 -1.604790270498402E-002
  1.361397212223103E-002
 -2.848826399310500E-002
 -1.375767343424528E-002
 -5.794284260794313E-003
  4.265306364943344E-002
  3.787437106697400E-002
  4.177122897506524E-002
  4.168493834523535E-002
  3.942209406660357E-002
  4.279765509556566E-002
  3.778392244917206E-002
  0.163273480588266     
  7.583549128109612E-002
  4.498720228385511E-002
