 -3.193967637565365E-002
 -3.124882141293828E-002
 -3.743476085365049E-002
  4.073555208081281E-003
  5.649474143646005E-002
 -9.559346593052709E-002
  3.502906026594932E-002
 -4.345991837895369E-002
 -3.857482248597766E-002
 -4.890221891698232E-002
 -3.680253751843132E-002
 -2.961784489366259E-002
 -2.859086857737836E-002
 -3.651984732513114E-002
 -5.001814031238982E-002
 -4.235352805546810E-002
 -4.449688977876320E-002
  3.547048255719698E-002
 -2.676197422620152E-002
 -1.760089657200492E-002
  1.838213197287653E-002
  7.012482876314596E-002
 -0.222781681640901     
 -1.209550995061726E-002
  1.338962975756264E-002
 -2.853398594351741E-002
 -3.562549824479078E-002
 -4.109418613675686E-002
 -4.427411343058019E-002
 -1.231758435987107E-002
 -3.717951385208806E-003
 -4.070002253042482E-002
 -4.095926420123686E-002
 -3.737466237712006E-002
 -4.773012854229730E-002
  5.336210033754618E-003
  1.055200900339592E-002
 -7.660273474138179E-002
  5.263204619988215E-002
 -4.264292476525622E-002
 -4.011550685398468E-002
  6.091355013569899E-002
  6.727334571901045E-002
 -4.745860193408813E-002
 -0.165190416372184     
  4.451317603158467E-002
  4.426465527635370E-002
 -0.167052877377991     
  2.321650799975483E-003
 -3.485697266997256E-002
  4.144377148033529E-002
  4.063336687300789E-002
  4.424499060939246E-002
  4.064816989850728E-002
  4.358918215214236E-002
  4.005085687953580E-002
  4.177300279672713E-002
  4.217214638943523E-002
  3.961009913822144E-002
  4.154536798906072E-002
  4.235033118080545E-002
  4.734218201648832E-002
  5.382802805835729E-002
  4.404949620199716E-002
  4.050347523384956E-002
  3.905367914991931E-002
  4.150525482585832E-002
  4.424516277651602E-002
  4.006614928062335E-002
  4.052776748347320E-002
  4.232398945819216E-002
  4.760832708140350E-002
  4.933080982983762E-002
  4.440862055313499E-002
  5.179420391075928E-002
  3.977661600066362E-002
  5.111293819074036E-002
  4.008918184552968E-002
  4.464259462684939E-002
