 -0.102166676030203     
  2.092559607291866E-002
 -0.102199887915927     
 -2.123700644464055E-002
 -4.356733508187904E-002
 -4.987621270450582E-002
 -3.670014249579712E-002
 -5.868508542891604E-002
  4.959950373281607E-002
 -0.117264943749889     
  6.555039751086555E-002
 -1.881600186274834E-002
 -1.964289505069416E-002
  8.106606253492465E-003
  3.542045021394102E-004
 -3.251161789981438E-002
  7.676600861332261E-003
 -2.497144185134292E-002
  1.566816101599766E-002
  0.105643531380822     
 -0.213038754044623     
 -1.643834855508608E-002
 -1.464815915261042E-002
  1.454444495787621E-002
  5.031750455374651E-002
 -0.188622432046064     
  4.671669000918666E-002
 -2.333259218967765E-002
 -2.464251953776753E-002
 -2.492511552324128E-002
 -2.246105688311939E-002
  4.663687088171820E-002
 -0.186031011163797     
  5.102974792320358E-002
  4.973008919386279E-002
 -5.781673879316074E-002
 -3.659118257641314E-002
 -5.012533569776334E-002
 -4.375010248733613E-002
 -2.134604361213466E-002
  3.379244155798100E-002
  3.411615517872690E-002
  3.380539204312827E-002
  3.386838033059192E-002
  3.414523004260728E-002
  3.396622419571838E-002
  4.371223561793325E-002
  3.965549300365356E-002
  4.269279704673901E-002
  3.872576356909985E-002
  4.676968734078946E-002
  5.596068998279846E-002
  4.732865430582023E-002
  5.410634299413697E-002
  5.177770418417138E-002
  5.362783293601292E-002
  4.287424398685724E-002
  4.492818947687893E-002
  4.501595433260830E-002
  4.300442894250145E-002
  3.921500825411495E-002
  4.272186048156135E-002
  3.949220840638012E-002
  4.360577171838531E-002
