 -0.324606435935856     
  0.185366233174013     
 -0.111544314383384     
  1.183162875046229E-002
 -7.168848770097558E-002
 -5.876924348294121E-002
  0.123032591979351     
 -5.485566812052145E-002
  9.294602718223910E-003
 -2.487595762497907E-002
 -4.920004005713352E-003
  0.185366370842583     
 -0.324605803357636     
 -0.111544717178476     
  1.183124410834191E-002
 -7.168854524875545E-002
 -5.876941130349689E-002
  0.123033231518613     
 -5.485566499429773E-002
  9.294548828073346E-003
 -2.487590360692415E-002
 -4.920058847291742E-003
  0.156801141856362     
  5.073752374257889E-002
  6.276976551847135E-002
  5.142666502133575E-002
  0.156800824647255     
  5.073746173902838E-002
  6.276974608466446E-002
  5.142663526186131E-002
