           2           1  0.966192676361903     
           3           2  0.976707902172579     
           4           2  0.966100379208466     
           5           2  0.937435704772657     
           6           5   1.35180875770284     
           7           6   1.46143230337860     
           8           7   1.36261849931029     
           9           8   1.26527075388359     
          10           5   1.42893617991981     
          10           9   1.35205222201282     
          11           9   1.08548581908235     
          12          11   1.35214881315636     
          13          12   1.42886273722362     
          14          13  0.937468232372373     
          15          14  0.966430871841293     
          16          14  0.965862485683063     
          17          14  0.976691728777420     
          18          13   1.35166070527856     
          19          18   1.46163649867140     
          20          11   1.26510066305312     
          20          19   1.36213495285701     
          21           8   1.05727148042780     
          21          20   1.05820291905348     
          22          21  0.970801171901676     
          23          22   1.34680844874472     
          24          23   1.46136727351437     
          25          24   1.36094732108846     
          26          25   1.09305600359702     
          27          26   1.09333960635917     
          28          27   1.36097013769293     
          29          28   1.46123949250577     
          30          29   1.34740708557698     
          31          30  0.969517824656824     
          32          31   1.05672585146580     
          33          32   1.37096133879719     
          34          33   1.45053102634183     
          35          34   1.36355317023594     
          36          35  0.937156355196403     
          37          36  0.966018896251515     
          38          36  0.976702056567844     
          39          36  0.966420446664374     
          40          35   1.41686888952932     
          41          32   1.25864108068652     
          41          40   1.36216494858891     
          42          41   1.08411851307472     
          43          42   1.35326059102637     
          44          43   1.42795267371587     
          45          44  0.937479060012202     
          46          45  0.965981163926850     
          47          45  0.966309765189089     
          48          45  0.976703092969294     
          49          44   1.35238987940145     
          50          49   1.46114072997732     
          51          31   1.05834841956600     
          51          42   1.26513882449907     
          51          50   1.36245293852355     
          52          30   1.41693931881304     
          53          27   1.25435780019148     
          53          52   1.35709516720993     
          54          25   1.25446667368531     
          54          53   1.08994614459731     
          55          22   1.41648417553036     
          55          54   1.35709947037149     
          56           1  0.978177817414624     
          57           1  0.976089432241521     
          58           1  0.977928766454220     
          59           3  0.977622923031883     
          60           3  0.978318306060095     
          61           3  0.977574050674221     
          62           4  0.978190136145459     
          63           4  0.976082567139350     
          64           4  0.977955344662378     
          65           6  0.941924904577469     
          66           7  0.941762187621011     
          67          10  0.942238998185596     
          68          12  0.942220401043300     
          69          15  0.976010503454545     
          70          15  0.977923036012382     
          71          15  0.978233317574694     
          72          16  0.976196311384970     
          73          16  0.978134999712656     
          74          16  0.977946894148145     
          75          17  0.977709359540573     
          76          17  0.978306540427384     
          77          17  0.977478280567163     
          78          18  0.941963304810516     
          79          19  0.942006521489401     
          80          23  0.943279091635426     
          81          24  0.942560352436689     
          82          26  0.954451649254828     
          83          28  0.942554695788437     
          84          29  0.943391604478858     
          85          33  0.941823039849980     
          86          34  0.942096300249667     
          87          37  0.978167565560769     
          88          37  0.977983008691822     
          89          37  0.976142158065125     
          90          38  0.977421481806679     
          91          38  0.978115560340913     
          92          38  0.977564794515255     
          93          39  0.978195366709219     
          94          39  0.977986450009868     
          95          39  0.976037043280173     
          96          40  0.942077360858019     
          97          43  0.942234972345650     
          98          46  0.976143078936787     
          99          46  0.977944575333175     
         100          46  0.978153782246393     
         101          47  0.976052878695068     
         102          47  0.977920188700736     
         103          47  0.978212428531908     
         104          48  0.978303444435616     
         105          48  0.977667895691989     
         106          48  0.977520504377594     
         107          49  0.941965667095773     
         108          50  0.942202918943552     
         109          52  0.943499615152330     
         110          55  0.943379739639165     
