           2           1  0.976692700932013     
           3           2  0.966183158874434     
           4           2  0.966088640136198     
           5           2  0.937431735000020     
           6           5   1.35288450170123     
           7           6   1.46022143466709     
           8           7   1.36386049535568     
           9           8   1.26693974341931     
          10           5   1.42816181182824     
          10           9   1.35264553522014     
          11           9   1.08394841883431     
          12          11   1.35277344614152     
          13          12   1.42808449474142     
          14          13  0.937454482271825     
          15          14  0.976692179151030     
          16          14  0.966138405838529     
          17          14  0.966123137749344     
          18          13   1.35287116438078     
          19          18   1.46025630420018     
          20          11   1.26678959454680     
          20          19   1.36380058882212     
          21           8   1.05392020472206     
          21          20   1.05432117862420     
          22          21  0.976311585194437     
          23          22   1.38670306001590     
          24          23   1.34858775840795     
          25          24   1.16627930099862     
          26          25   1.66588526955153     
          27          26   1.16626179668438     
          28          27   1.34866872047754     
          29          28   1.38646337521438     
          30          29  0.976809159331803     
          31          30   1.05418117476909     
          32          31   1.36382574128994     
          33          32   1.46022551856488     
          34          33   1.35288875577925     
          35          34  0.937457925895996     
          36          35  0.966106768022190     
          37          35  0.966154368178614     
          38          35  0.976688848949078     
          39          34   1.42807091917840     
          40          31   1.26687509960861     
          40          39   1.35277560771698     
          41          40   1.08391164404734     
          42          41   1.35264957152994     
          43          42   1.42814579971428     
          44          43  0.937436893841469     
          45          44  0.966142248547120     
          46          44  0.966128897066564     
          47          44  0.976692202144610     
          48          43   1.35290714312163     
          49          48   1.46017388851578     
          50          30   1.05372725001949     
          50          41   1.26702092015155     
          50          49   1.36391700658043     
          51          29   1.38652658642737     
          52          51   1.34851314893713     
          53          52   1.16634730575361     
          54          53   1.66582797711971     
          55          54   1.16635257884189     
          56          22   1.38673568130937     
          56          55   1.34846176750344     
          57          24   1.21969231545477     
          57          55   1.21975188775862     
          58          27   1.21967371867972     
          58          52   1.21974316666560     
          58          57   1.22252110914463     
          59           1  0.977635710992658     
          60           1  0.977567846684492     
          61           1  0.978325494551619     
          62           3  0.978183876002283     
          63           3  0.976076469567306     
          64           3  0.977904403765020     
          65           4  0.977965336285592     
          66           4  0.976097578887170     
          67           4  0.978187250613390     
          68           6  0.941854253597486     
          69           7  0.941618087486259     
          70          10  0.942241939332082     
          71          12  0.942234100119553     
          72          15  0.978316398448248     
          73          15  0.977584854183825     
          74          15  0.977622750686214     
          75          16  0.977970059811277     
          76          16  0.976105674537949     
          77          16  0.978199969233889     
          78          17  0.978182533816637     
          79          17  0.977903069607573     
          80          17  0.976081666607442     
          81          18  0.941872493364306     
          82          19  0.941764181182011     
          83          23  0.942923556443963     
          84          25  0.941621005676542     
          85          26  0.941621390641905     
          86          28  0.942878165478647     
          87          32  0.941724448761013     
          88          33  0.941880425332008     
          89          36  0.976124450079564     
          90          36  0.978196977622570     
          91          36  0.977970514781660     
          92          37  0.976071182412155     
          93          37  0.978190729335047     
          94          37  0.977905146941501     
          95          38  0.978309820671703     
          96          38  0.977577040951454     
          97          38  0.977634106060530     
          98          39  0.942230051982968     
          99          42  0.942241360675312     
         100          45  0.978196547761983     
         101          45  0.976083074666259     
         102          45  0.977967135204781     
         103          46  0.977902580208998     
         104          46  0.978178715057122     
         105          46  0.976090575129722     
         106          47  0.977619900634340     
         107          47  0.978321979205393     
         108          47  0.977589880766568     
         109          48  0.941852265976538     
         110          49  0.941553811073358     
         111          51  0.942882956724060     
         112          53  0.941623516725876     
         113          54  0.941622942208189     
         114          56  0.942926532608367     
