           2           1  0.965819681391638     
           3           2  0.966025915776144     
           4           2  0.976731875275288     
           5           2  0.935696723902969     
           6           5   1.34592613000154     
           7           6   1.47659937782242     
           8           7   1.34962261292310     
           9           8   1.32363332207859     
          10           5   1.43462269060120     
          10           9   1.35573278505527     
          11           9  0.967444838897638     
          12          11  0.967694047272197     
          13          12   1.35556524394111     
          14          13   1.43484461494447     
          15          14  0.935684280522634     
          16          15  0.976739134927866     
          17          15  0.966022423334429     
          18          15  0.965805265945959     
          19          14   1.34557321642851     
          20          19   1.47705206874338     
          21          12   1.32339287900103     
          21          20   1.34901170962331     
          22          21   1.03667186576208     
          23          22   1.05380389535764     
          24          23   1.38245613557928     
          25          24   1.38406370967483     
          26          25  0.972155760453020     
          27          26   1.05742223834029     
          28          27   1.36794426980919     
          29          28   1.45197247239291     
          30          29   1.39327444069766     
          31          30   1.46036583413579     
          32          27   1.26234958463449     
          32          31   1.35012584802731     
          33          32   1.08919257974887     
          34          33   1.31838211113121     
          35          34  0.974267937423204     
          36          35   1.37882929703670     
          37          36   1.43593594548535     
          38          37   1.42761637815529     
          39          38   1.42819281421464     
          40          35   1.38303456045228     
          40          39   1.43685782109622     
          41          34   1.35140418438020     
          42          41   1.24313752314696     
          43          42   1.31677241252561     
          44          43  0.974224735061816     
          45          44   1.37763319519282     
          46          45   1.43654492837613     
          47          46   1.42708334187125     
          48          47   1.42803203136055     
          49          44   1.38276676095280     
          49          48   1.43684736820314     
          50          26   1.04348708824916     
          50          33   1.24439833148529     
          50          43   1.35361370374593     
          51          42   1.09107398652060     
          52          51   1.34902108105299     
          53          52   1.46158457653493     
          54          53   1.39170801028827     
          55          54   1.45374981992361     
          56          51   1.26125893354235     
          56          55   1.36610065353595     
          57          41   1.04969583783527     
          57          56   1.06100940721327     
          58          57  0.961913208214116     
          59          58   1.38761989639153     
          60          59   1.43692927295327     
          61          60   1.42712804081455     
          62          61   1.43028409261871     
          63          58   1.39081950787903     
          63          62   1.43347023248606     
          64          25   1.38712795153594     
          65          64   1.38010862959556     
          66          11   1.02252076398069     
          66          23   1.29294809218488     
          66          65   1.29576623811107     
          67           8   1.03574460468344     
          67          65   1.05325899370926     
          68           1  0.977894439984523     
          69           1  0.976317141487772     
          70           1  0.978187231111150     
          71           3  0.977913268186140     
          72           3  0.978266043924344     
          73           3  0.976290970079778     
          74           4  0.978258478554539     
          75           4  0.977358246103012     
          76           4  0.977501638402715     
          77           6  0.941924943309426     
          78           7  0.943529308859522     
          79          10  0.936853712195843     
          80          13  0.936908822825856     
          81          16  0.978261416911228     
          82          16  0.977529494819272     
          83          16  0.977337514408627     
          84          17  0.976219637549254     
          85          17  0.977892487548994     
          86          17  0.978262545681091     
          87          18  0.976365350605171     
          88          18  0.977908407172979     
          89          18  0.978191139900578     
          90          19  0.941903766004580     
          91          20  0.943498445333609     
          92          24  0.943088385634955     
          93          28  0.943651072008485     
          94          29  0.944716877215335     
          95          30  0.944899073132977     
          96          31  0.939315098005286     
          97          36  0.947026550051774     
          98          37  0.946249161580953     
          99          38  0.947321932185324     
         100          39  0.946187771583486     
         101          40  0.946658525612651     
         102          45  0.947001152704182     
         103          46  0.946143035033658     
         104          47  0.947101558077596     
         105          48  0.946032093536441     
         106          49  0.946675477872882     
         107          52  0.939319645805994     
         108          53  0.944936904584873     
         109          54  0.944789243224298     
         110          55  0.943666766468633     
         111          59  0.946334142077860     
         112          60  0.945114862311687     
         113          61  0.946240079984821     
         114          62  0.945258564415706     
         115          63  0.947029284092605     
         116          64  0.944044490113722     
