           2           1   2.83443237345201     
           3           2   1.04741387935694     
           4           3   1.35735550472447     
           5           4   1.35737291124851     
           6           5   1.04740751879813     
           7           6   2.83443388732202     
           8           5   1.34245262280427     
           9           8   1.38778391206316     
          10           9  0.970979748038083     
          11          10   1.30970736179900     
          12          11   1.21640398147031     
          13          12   1.59620110871093     
          14          13   1.26563545811823     
          15          14   1.59627720767737     
          16          11   1.17446705575179     
          16          15   1.21629337128611     
          17          16   1.31003253080976     
          18          17  0.970110596031451     
          19          18   1.38818142522984     
          20          19   1.34238288549196     
          21          20   1.04740342533510     
          22          21   2.83443887904332     
          23          20   1.35743430838849     
          24          23   1.35743059739040     
          25          24   1.04740168573429     
          26          25   2.83443655724766     
          27          18   1.38814348613528     
          27          24   1.34239294974981     
          28          17   1.30997665134453     
          29          28   1.21631190126288     
          30          29   1.59626104462551     
          31          30   1.26564945604151     
          32          31   1.59619043062935     
          33          10   1.30968405291709     
          33          28   1.17448680205096     
          33          32   1.21641140356086     
          34           3   1.34246477157560     
          34           9   1.38777413211644     
          35           4  0.944047364560019     
          36           8  0.944500568279237     
          37          12  0.940987051909640     
          38          13  0.945194469568289     
          39          14  0.945190404604591     
          40          15  0.941052645961798     
          41          19  0.944531688889529     
          42          23  0.944046736057240     
          43          27  0.944530733512325     
          44          29  0.941042732965995     
          45          30  0.945190945327364     
          46          31  0.945194341475624     
          47          32  0.940980105910749     
          48          34  0.944500678743593     
