 -9.512775969866549E-002
  2.854968933821800E-002
 -9.380305517222176E-002
 -9.775646873729116E-003
 -4.197908498287539E-002
  6.101323050602803E-002
 -9.332812790531975E-002
  3.536993117576603E-002
 -4.241507847144455E-002
 -3.784610130727728E-002
 -4.832939890331200E-002
 -3.703220517722183E-002
 -2.894470509024405E-002
 -2.800757531475462E-002
 -3.649698402721757E-002
 -4.884792864211285E-002
 -4.060035242781446E-002
 -4.565389408902210E-002
  3.525014656038161E-002
 -3.079980429753082E-002
 -2.782923501356649E-002
  4.109179649789940E-002
 -0.113159029590558     
  7.825537026014517E-002
 -3.661677882441694E-002
 -1.468666216235981E-003
 -1.437991668053407E-002
  4.404153536345490E-003
 -2.840449088184815E-002
  0.423357783080268     
 -0.348750576688891     
 -0.308631559010315     
  9.291018791307337E-003
  2.856377133427568E-003
 -7.245415434224967E-003
 -7.349953873732495E-003
  2.766227146251854E-003
  6.815359706360713E-003
  0.423535454357841     
 -0.312028201402370     
 -0.346245492820690     
  4.212879968271643E-002
 -3.108378984860583E-002
 -3.386188521855527E-002
  5.996640272969778E-002
 -9.433234432561211E-002
  3.498224670376704E-002
 -4.499439335147493E-002
 -3.911513563638813E-002
 -4.779077749961225E-002
 -3.590370406434129E-002
 -2.815047238770241E-002
 -2.783446557725622E-002
 -3.578177405162819E-002
 -4.797702096657108E-002
 -3.954785574866460E-002
 -4.508984250098091E-002
  3.518241591782267E-002
 -4.181719374553072E-002
 -9.535410914297771E-003
  3.511234473657676E-002
  3.768951662658293E-002
  3.307014937630615E-002
  3.678196823274538E-002
  3.967041582041020E-002
  3.845538477513399E-002
  4.813011073758089E-002
  4.243526815655396E-002
  4.423307499720353E-002
  3.992464012314967E-002
  4.171309320660554E-002
  4.214278311682684E-002
  3.996364805972430E-002
  4.291566171505712E-002
  4.033258287404540E-002
  4.887840550824174E-002
  4.879886461612126E-002
  5.540678954073042E-002
  6.515523295147818E-002
  6.094940120815118E-002
  5.993838439174604E-002
  5.490798121345675E-002
  5.493427683603058E-002
  6.000255488521766E-002
  4.841921576430908E-002
  4.831912832814678E-002
  4.033316988721480E-002
  4.347489796223525E-002
  4.037370513856664E-002
  4.227410001643961E-002
  4.239316345964761E-002
  4.029752678181930E-002
  4.318281024758075E-002
  4.011612638809681E-002
  4.837030385142360E-002
