           2           1  0.991438036814271     
           3           2   1.04645474834333     
           4           3   1.36583309832172     
           5           4   1.44421826848176     
           6           5   1.37665468695087     
           7           6   1.00510149792398     
           8           7   1.34392129519326     
           9           8   1.45556993419512     
          10           9   1.37442000425460     
          11          10   1.26983137690101     
          12           7   1.39223361358852     
          12          11   1.37042156934822     
          13          11   1.07335733684556     
          14          13   1.37183552052994     
          15          14   1.39137743043723     
          16          15   1.00420257400974     
          17          16   1.37683424159969     
          18          17   1.44432191023454     
          19          18   1.36559127126415     
          20          19   1.04705301013256     
          21          20  0.991332816768473     
          22          19   1.35331655302220     
          23          16   1.35473998948211     
          23          22   1.47025723181559     
          24          15   1.34503523876208     
          25          24   1.45476198995558     
          26          13   1.26733135815118     
          26          25   1.37285930518498     
          27          10   1.03064707117621     
          27          26   1.03676008119559     
          28          27   1.04264678658952     
          29          28   1.33672552668448     
          30          29   1.47740720134849     
          31          30   1.32453584223616     
          32          31  0.983290070145287     
          33          32   1.79956139055663     
          34          32  0.991258386529689     
          35          34   1.31798418980025     
          36          35   1.47794210519342     
          37          36   1.36153440075866     
          38          37   1.07797206549832     
          39          38   1.05513607309818     
          40          39   1.37992811223055     
          41          40   1.45280988500043     
          42          41   1.39323935213781     
          43          42   1.46668624786839     
          44          39   1.29468594055036     
          44          43   1.34413715390682     
          45          37   1.27744257802338     
          45          44   1.07849834048385     
          46          34   1.38800014451078     
          46          45   1.36460653249406     
          47          31   1.36986298803757     
          48          28   1.34932632584762     
          48          47   1.43363251778668     
          49           6   1.35430432264688     
          50           3   1.35334653651981     
          50          49   1.47046482892945     
          51           1  0.980870781464233     
          52           1  0.980864632184618     
          53           1  0.989592791607345     
          54           4  0.945105520943182     
          55           5  0.944549867569296     
          56           8  0.943009068964573     
          57           9  0.939871754311328     
          58          12  0.943383086208370     
          59          14  0.943220762767731     
          60          17  0.944583567469495     
          61          18  0.945082660355232     
          62          21  0.980865015016832     
          63          21  0.989604140214140     
          64          21  0.980906601919563     
          65          22  0.946811199212707     
          66          23  0.945334544353014     
          67          24  0.942945358719722     
          68          25  0.940642716393273     
          69          29  0.941730319863022     
          70          30  0.942077235628157     
          71          35  0.943699924683208     
          72          36  0.943424405878177     
          73          40  0.945992636487796     
          74          41  0.945398101530887     
          75          42  0.945161074496555     
          76          43  0.944950166403487     
          77          46  0.940704219011644     
          78          47  0.944245472393181     
          79          49  0.945242185356292     
          80          50  0.946831152553615     
