 -0.108856159711861     
  2.236283888165014E-002
 -0.108980875653559     
 -2.568770751498661E-002
 -4.500075189607244E-002
 -5.504229472854050E-002
 -3.754103711414025E-002
 -6.038973468184050E-002
  4.861078972125776E-002
 -0.123333101500180     
  5.046512935561465E-002
 -6.064897666821167E-002
 -3.499252854782675E-002
 -5.970037404633821E-002
 -8.339960485058917E-003
  7.992476607962651E-003
 -3.140478873894725E-002
 -3.860023921237943E-002
  1.088908206527739E-002
  5.729440922955931E-002
 -3.011252081188154E-002
 -3.537865124804362E-003
  4.086268902407308E-002
 -0.209613999375393     
  5.734597862969792E-002
  1.093105332869060E-002
 -2.642657071530419E-002
 -2.964411109778098E-002
  8.001419466529658E-003
 -8.303654477558986E-003
 -6.025147194338487E-002
 -3.523225415890696E-002
 -6.075140656136924E-002
  5.053611333823582E-002
 -2.332691758557726E-002
  2.246206662084438E-002
 -0.108479829084825     
 -0.109120121714871     
 -2.555815396395023E-002
 -4.480187177126460E-002
 -5.499217259895151E-002
 -3.765487700071812E-002
 -6.051893806098363E-002
  4.846989791361977E-002
 -0.123351621853321     
 -3.140472958674767E-002
 -3.849302904102192E-002
 -3.014305801096917E-002
 -3.579688710916074E-003
  4.084884596660920E-002
 -0.209654041418399     
 -2.632668977008645E-002
 -2.947768951259633E-002
 -2.367930665536111E-002
  3.674660507787475E-002
  3.258795696588002E-002
  3.373829201205469E-002
  3.226487878670348E-002
  3.368948493318646E-002
  3.608939013008139E-002
  4.310881323311833E-002
  3.852366417768827E-002
  4.209061755642751E-002
  3.366006394498544E-002
  0.139434024150853     
  3.556028284061652E-002
  4.504779257847569E-002
  3.886414045187769E-002
  4.099009428805578E-002
  4.206898749714605E-002
  4.524545520788548E-002
  4.557866394849852E-002
  4.594274125055953E-002
  4.136597994398583E-002
  3.839614323457397E-002
  4.491894904168459E-002
  3.555189924699564E-002
  3.704024813860585E-002
  3.236574422121608E-002
  3.376518825116004E-002
  3.660807739478233E-002
  3.201641374101138E-002
  3.407037380741051E-002
  4.335365229519728E-002
  3.852986906737788E-002
  4.202451926736217E-002
  3.359034138743400E-002
  0.139356658915625     
  4.113486875687089E-002
  4.206865269696336E-002
  4.526743408258060E-002
  4.554295831902377E-002
  4.615610092951383E-002
  4.152630918597833E-002
