 -8.858581402841814E-002
  9.088399347323417E-006
 -8.814887548702188E-003
  2.647332487039300E-003
 -3.876755351407812E-002
 -3.590713301791038E-002
 -3.835818200245456E-002
 -3.491274617546658E-002
 -3.707937196433342E-002
 -3.130401080728884E-002
  6.090208245366036E-002
 -0.128004355952974     
  0.191077890674225     
 -0.278928876408646     
  2.001742289629682E-003
 -1.553510349976595E-002
 -1.640357528859848E-002
 -3.419441710865634E-002
  5.982790417747630E-003
  9.616100583023091E-004
 -1.345610486599202E-002
 -3.713399388598848E-002
 -4.241317994853500E-002
  5.751486285208962E-002
 -0.118319786731822     
  5.282127715976870E-002
 -4.201350667201087E-002
 -3.722021641921902E-002
 -1.177212197191491E-002
 -2.095933369988146E-003
 -4.057698202714288E-002
 -3.423231557508366E-002
 -3.677465957689829E-002
 -3.423932907248162E-002
 -4.075049637029426E-002
 -3.765225493210433E-002
 -4.282677578738614E-002
  5.296967122439789E-002
 -4.253946164445122E-002
 -3.248140748986650E-002
 -2.207693883215889E-002
 -2.189205664548410E-002
 -4.613049351220333E-002
  2.103125051326327E-002
 -8.904069277382032E-002
 -8.934614634650107E-002
 -2.326583160041373E-002
 -3.800087102090277E-002
 -3.685053083002110E-002
 -3.538490656260773E-002
 -3.663618338433849E-002
 -1.307455684417658E-002
 -4.212366007374602E-002
 -3.664655811606909E-002
 -2.308101586236688E-002
 -1.385867490446469E-002
 -4.367407293992542E-004
 -6.262841496455174E-003
  0.191343214675287     
 -0.277533353005484     
 -3.095624396952434E-002
 -8.841049425265979E-003
  3.353515869907842E-003
 -3.835235431129025E-002
 -3.521814156759984E-002
 -3.802186237824490E-002
 -3.516020376399354E-002
 -3.732927172130207E-002
  4.154610151648652E-002
  4.170716899121085E-002
  4.271013001663471E-002
  3.744197813036787E-002
  3.787246948615208E-002
  3.722359558972166E-002
  3.807123824763714E-002
  3.931245376240045E-002
  4.179547589407018E-002
  5.414835151765651E-002
  4.620733552607814E-002
  4.960300615476232E-002
  4.459788605914183E-002
  4.234693960916835E-002
  4.069263636413589E-002
  4.339195030830945E-002
  3.671915462378961E-002
  3.848316139927499E-002
  3.790042876274025E-002
  3.849359994661605E-002
  3.655639518473053E-002
  4.324922953639254E-002
  4.005814854140499E-002
  4.276482734188580E-002
  4.613626237075052E-002
  3.939255806590902E-002
  3.453136141717250E-002
  3.736315730671436E-002
  3.522258550317137E-002
  3.525203547304911E-002
  3.390347101499003E-002
  3.694057705447196E-002
  3.811676088933880E-002
  3.992185517429847E-002
  4.052977055600926E-002
  3.885536218193486E-002
  4.212608669493889E-002
  4.363942620909089E-002
  4.582853764791572E-002
  5.605572125889413E-002
  4.174802429762170E-002
  3.706559436568990E-002
  3.784834219269650E-002
  3.724480712361955E-002
  3.797785741034598E-002
  3.760558754222632E-002
