           2           1   1.04065695824471     
           3           2   1.38256814333304     
           4           3   1.35255617804201     
           5           4   1.02347552127258     
           6           5   1.03024538956917     
           7           6   1.38080547786827     
           8           7   1.44361320416518     
           9           8   1.40105137408006     
          10           9   1.45612535868762     
          11           6   1.27332742266200     
          11          10   1.35673312708187     
          12          11   1.07937412973874     
          13          12   1.35816548288423     
          14          13   1.45466813302067     
          15          14   1.40155842835347     
          16          15   1.44349183131218     
          17           5   1.03816939025398     
          17          12   1.27118709896725     
          17          16   1.37729477006789     
          18           4   1.32142997624382     
          19          18   1.00637107822978     
          20          18   1.33886727312135     
          21          20  0.985458274588094     
          22          21   1.04036772342727     
          23          22   1.37534954776791     
          24          23   1.44636179379755     
          25          24   1.39899048484535     
          26          25   1.45733163642439     
          27          22   1.26959097780501     
          27          26   1.35581354272122     
          28          27   1.08203934555081     
          29          28   1.35605992260333     
          30          29   1.45713886216667     
          31          30   1.39902691835050     
          32          31   1.44651073006117     
          33          21   1.04145069610536     
          33          28   1.26933348939840     
          33          32   1.37540875969626     
          34           2   1.32540648297717     
          34          20   1.32735448462311     
          35          34   1.01151786787331     
          36           7  0.943436914255666     
          37           8  0.944679636506609     
          38           9  0.944881452440533     
          39          10  0.944736026852161     
          40          13  0.944674375062827     
          41          14  0.944835432605679     
          42          15  0.944551898064304     
          43          16  0.942541473803388     
          44          23  0.944397361165211     
          45          24  0.944610554359112     
          46          25  0.944905164984696     
          47          26  0.944660355857994     
          48          29  0.944691893277676     
          49          30  0.944923231109249     
          50          31  0.944649101877935     
          51          32  0.943510186323069     
