           2           1   2.81006712873867     
           3           2   1.06855012575579     
           4           3   1.28732139926247     
           5           4  0.988534505590112     
           6           5   1.04332955315496     
           7           6   1.37372327991217     
           8           7   1.44812397298801     
           9           8   1.39737442804473     
          10           9   1.45879080110596     
          11           6   1.26873871750919     
          11          10   1.35459517260920     
          12          11   1.08395360567835     
          13          12   1.35513624145211     
          14          13   1.45812103882156     
          15          14   1.39778614784594     
          16          15   1.44762524621713     
          17           5   1.04502108364809     
          17          12   1.26785198176600     
          17          16   1.37439819984642     
          18           4   1.41112776178249     
          19          18   1.36850189430149     
          20          19  0.996322699042214     
          21          20   1.04256728589597     
          22          21   1.37426382365424     
          23          22   1.44762315790920     
          24          23   1.39787143225452     
          25          24   1.45827609859668     
          26          21   1.26945599743381     
          26          25   1.35494216070841     
          27          26   1.08348477319669     
          28          27   1.35546362432008     
          29          28   1.45781801738453     
          30          29   1.39816730775422     
          31          30   1.44739981231205     
          32          20   1.04412184515274     
          32          27   1.26873969773401     
          32          31   1.37455712734111     
          33          19   1.36966379806872     
          34           3   1.28865493102908     
          34          33   1.40737660546132     
          35          34  0.991290887952053     
          36          35   1.04343895678012     
          37          36   1.37394963627412     
          38          37   1.44771691595042     
          39          38   1.39774779422699     
          40          39   1.45841576583154     
          41          36   1.26876684404172     
          41          40   1.35497103205700     
          42          41   1.08364844372579     
          43          42   1.35490397339189     
          44          43   1.45824344036580     
          45          44   1.39790175781293     
          46          45   1.44745525936932     
          47          35   1.04303055922138     
          47          42   1.26884503595021     
          47          46   1.37451190500270     
          48           7  0.942159066141407     
          49           8  0.944616545313008     
          50           9  0.944904363223854     
          51          10  0.944704604363445     
          52          13  0.944647295446569     
          53          14  0.944923759143062     
          54          15  0.944723717297095     
          55          16  0.942426892878929     
          56          18  0.940977069549331     
          57          22  0.943192907074024     
          58          23  0.944492717848963     
          59          24  0.944810272079354     
          60          25  0.944615307327599     
          61          28  0.944648505684557     
          62          29  0.944843090730213     
          63          30  0.944556337986008     
          64          31  0.941765249771003     
          65          33  0.939901549156603     
          66          37  0.941991152100335     
          67          38  0.944594779233601     
          68          39  0.944901967819709     
          69          40  0.944710726062261     
          70          43  0.944628198467986     
          71          44  0.944894923954753     
          72          45  0.944648727243366     
          73          46  0.943812248697175     
