           2           1   1.43858520910771     
           3           2   1.41967568807525     
           4           3   1.38873566809231     
           5           4   1.30702097461130     
           6           1   1.41406450847456     
           6           5   1.40810055262563     
           7           5   1.00773312307630     
           8           7   1.00715777190930     
           9           8   1.40883819398792     
          10           9   1.41368262079188     
          11          10   1.43894880789851     
          12          11   1.41911174769653     
          13           8   1.30658301951063     
          13          12   1.39025390519384     
          14           4   1.00458994786901     
          14          13   1.00460007331666     
          15          14  0.978302868198944     
          16          15   1.48072240822925     
          17          16   1.34046647903669     
          18          17   1.45120384438220     
          19          18   1.19052710222514     
          20          19   1.19040956063504     
          21          20   1.46436915272722     
          22          21   1.32488412691558     
          23          22   1.53877431148169     
          24          15   1.19742431638256     
          24          19   1.26227647231489     
          24          23   1.24927996122050     
          25          20   1.05274519302330     
          26          25   1.45711549312500     
          27          26   1.27894893410106     
          28          27   1.11092737253062     
          29          28   1.31315223376496     
          30          29   1.47944261056622     
          31          30   1.36530558321948     
          32          31   1.47899743331352     
          33          28   1.26847353208253     
          33          32   1.32069024388419     
          34          33   1.10675183183790     
          35          34   1.32053059577377     
          36          35   1.47903306278632     
          37          36   1.36550244808553     
          38          37   1.47913320517674     
          39          34   1.26881918229821     
          39          38   1.31364815449318     
          40          27   1.27377798711565     
          40          39   1.10995808142968     
          41          40   1.28156614450432     
          42          18   1.05978798896114     
          42          25   1.15543706290131     
          42          41   1.45022803815416     
          43           1  0.944505657132932     
          44           2  0.943735946082049     
          45           3  0.942017997065228     
          46           6  0.945619375287641     
          47           9  0.945595326599248     
          48          10  0.944435758878471     
          49          11  0.943736401272250     
          50          12  0.941457011622952     
          51          16  0.942838891089684     
          52          17  0.941812621887427     
          53          21  0.944595021160441     
          54          22  0.944016998578911     
          55          23  0.943527818819785     
          56          29  0.942619025109172     
          57          30  0.945203761086807     
          58          31  0.947632494787676     
          59          36  0.947615489175025     
          60          37  0.945208266656023     
          61          38  0.942628982589709     
