           2           1   1.42765611856521     
           3           2   1.43700929534781     
           4           3   1.38457681878075     
           5           4  0.974030576506501     
           6           5   1.05710160436437     
           7           6   1.36954466564582     
           8           7   1.45179587005796     
           9           8   1.39438909294353     
          10           9   1.45969944614745     
          11           6   1.26361173187723     
          11          10   1.35464464272809     
          12          11   1.08618020861462     
          13          12   1.36279297021553     
          14          13   1.40206425169593     
          15          14   1.00137546051636     
          16          15   1.33561529290104     
          17          16   1.46523358687463     
          18          17   1.36233737423848     
          19          18   1.26561243059098     
          20          15   1.40113476438195     
          20          19   1.36257232488335     
          21          19   1.08295331981359     
          22          21   1.35689934536592     
          23          22   1.45717719379196     
          24          23   1.39784025840593     
          25          24   1.44779533669818     
          26          21   1.26525819629582     
          26          25   1.37430317635480     
          27          18   1.05084240370758     
          27          26   1.04799075549614     
          28          27  0.987140556046870     
          29          28   1.36426901523290     
          30          29   1.45602617270952     
          31          30   1.36290338909056     
          32          31   1.01230380697375     
          33          32   1.36829443058016     
          34          33   1.43887760832731     
          35          34   1.41145620148993     
          36          35   1.43095941308107     
          37          32   1.35910850279267     
          37          36   1.42985420011230     
          38          31   1.32922922694634     
          39          38  0.966946575823898     
          40          39   1.04931659610743     
          41          40   1.37402846422629     
          42          41   1.44875219323330     
          43          42   1.39696716436458     
          44          43   1.45759510219204     
          45          40   1.26391587359812     
          45          44   1.35681756921575     
          46          45   1.08266760678499     
          47          46   1.36344064699894     
          48          47   1.39898873758606     
          49          48   1.00693015470896     
          50          49   1.33720544104613     
          51          50   1.46400391966664     
          52          51   1.36283215588636     
          53          52   1.25836971193896     
          54          49   1.39412982355031     
          54          53   1.36736951794500     
          55          53   1.08554755893566     
          56          55   1.35404487346482     
          57          56   1.45935154158100     
          58          57   1.39438789878594     
          59          58   1.45178297816127     
          60          55   1.26504692787861     
          60          59   1.36914665538438     
          61          52   1.05896829796867     
          61          60   1.05551104936330     
          62          61  0.974605416568412     
          63          62   1.38496716712420     
          64          63   1.43723266550346     
          65          64   1.42799174485259     
          66          65   1.42790486584595     
          67          62   1.38485299501205     
          67          66   1.43729527905362     
          68          48   1.33170739557994     
          69          68   1.46879344551442     
          70          39   1.05518814410565     
          70          46   1.26378506248534     
          70          69   1.35919084664072     
          71          28   1.38074453435666     
          71          38   1.40197871049988     
          72          14   1.33443209228167     
          73          72   1.46539522406228     
          74           5   1.05831141970335     
          74          12   1.26031943200627     
          74          73   1.36174345030740     
          75           4   1.38409970682208     
          76           1   1.42730666251474     
          76          75   1.43685004512223     
          77           1  0.946073369384866     
          78           2  0.945106804330231     
          79           3  0.946353963370686     
          80           7  0.943823802722974     
          81           8  0.944786440108472     
          82           9  0.945091085229024     
          83          10  0.944668099558197     
          84          13  0.943579690463758     
          85          16  0.942829567808560     
          86          17  0.937673670951621     
          87          20  0.943578402908476     
          88          22  0.944562038493485     
          89          23  0.944930421098720     
          90          24  0.944621295274506     
          91          25  0.942862410600566     
          92          29  0.942075693377292     
          93          30  0.939043320524306     
          94          33  0.945652865682626     
          95          34  0.944829323798716     
          96          35  0.947111323097761     
          97          36  0.948553958673354     
          98          41  0.942945657736928     
          99          42  0.944659263289402     
         100          43  0.945069174906151     
         101          44  0.944644928797726     
         102          47  0.943281523557022     
         103          50  0.943353584531379     
         104          51  0.942036654139855     
         105          54  0.942575836498619     
         106          56  0.943103880200044     
         107          57  0.942946415803169     
         108          58  0.943725904133265     
         109          59  0.943764121431628     
         110          63  0.946535442516880     
         111          64  0.945219072600809     
         112          65  0.946273052806902     
         113          66  0.945219327774780     
         114          67  0.946528866724853     
         115          68  0.942809130971774     
         116          69  0.939549170587253     
         117          71  0.941587198396299     
         118          72  0.942714598847396     
         119          73  0.939398013694036     
         120          75  0.946564281455593     
         121          76  0.945229717331274     
