 -6.937423129169762E-002
 -6.938868559138811E-002
  3.074041075123679E-002
 -2.642260193975687E-002
 -2.915009771019417E-002
  5.726389033934121E-002
 -0.128623055601913     
  4.678029198777622E-002
 -5.657468597228377E-002
 -4.460582522557033E-002
 -4.952928169208004E-002
 -4.715181885037900E-002
  7.364215709957911E-002
 -0.139719728868073     
  7.364770481171812E-002
 -4.715361656458494E-002
 -4.952663945537505E-002
 -4.460419520496739E-002
 -5.659202123255191E-002
  4.678608396046657E-002
 -2.911749349049852E-002
 -2.642457177212254E-002
  3.070722317565133E-002
 -2.642596870600045E-002
 -2.914481040330852E-002
  5.726041149929939E-002
 -0.128565608094821     
  4.679520864374220E-002
 -5.658924413334798E-002
 -4.460383633505671E-002
 -4.951292783579309E-002
 -4.714971596239970E-002
  7.365372169462248E-002
 -0.139704246826140     
  7.365535264595202E-002
 -4.715174882315853E-002
 -4.951534601614682E-002
 -4.460963280303609E-002
 -5.656457681114180E-002
  4.676625377110888E-002
 -2.919768677935508E-002
 -2.643906689838182E-002
  4.550525131892924E-002
  4.335495930426847E-002
  4.259270228901990E-002
  4.331227833946028E-002
  4.239025751290793E-002
  4.067808754262559E-002
  4.067478778486466E-002
  4.239088836552007E-002
  4.331235675514888E-002
  4.260517380898843E-002
  4.336572214563439E-002
  4.551392118405972E-002
  4.551392772149387E-002
  4.337797738853477E-002
  4.261780391791126E-002
  4.331225942002315E-002
  4.239427186287303E-002
  4.067611455869780E-002
  4.067923335222312E-002
  4.239244862963976E-002
  4.331308502193676E-002
  4.260788692978790E-002
  4.335199363847464E-002
  4.550086771802486E-002
