 -5.890020373818494E-002
  8.027845064377370E-002
 -0.200642285846790     
  8.027485700061154E-002
 -5.890129466124350E-002
 -4.200604960527876E-003
  9.513938648285958E-002
 -0.214336827085249     
  3.126891458023229E-002
 -1.906527245184364E-003
 -2.736874077402618E-002
 -2.084037170671227E-002
  6.783320721397113E-002
 -0.116654371131795     
  5.016965170529852E-002
 -5.669015249428089E-002
 -3.665717208929475E-002
 -5.134790973705883E-002
 -4.507354504319760E-002
 -2.206762851598398E-002
  2.090279741458545E-002
 -0.102681713689322     
 -0.102691558472843     
 -2.206840204369964E-002
 -4.507906498161951E-002
 -5.134887201002947E-002
 -3.665819468015119E-002
 -5.671071428552388E-002
  5.016818356714881E-002
 -2.084464714004763E-002
 -2.735374786275457E-002
 -4.194420657003484E-003
  9.511359127575236E-002
 -0.214315485525380     
  5.398870478625017E-002
  5.334490159434968E-002
  4.814806771558899E-002
  4.815074650921269E-002
  5.337231274555210E-002
  5.396263891830810E-002
  4.714069011710531E-002
  4.514023226113029E-002
  4.009228190087288E-002
  4.303034114853566E-002
  3.897854975390336E-002
  4.300070773648168E-002
  3.348735611200304E-002
  3.421516718645090E-002
  3.356481653092414E-002
  3.421680496891855E-002
  3.360902788175890E-002
  3.352399641831283E-002
  4.300218220575058E-002
  3.897771731883903E-002
  4.303503570793665E-002
  4.011486899587657E-002
  4.513634813163403E-002
  4.715191984795397E-002
