           2           1   1.39511583343539     
           3           2   1.45080636377818     
           4           3   1.37083908534739     
           5           4   1.26522287586277     
           6           1   1.45979960661465     
           6           5   1.35396698483832     
           7           5   1.08698543676970     
           8           7   1.35336614907275     
           9           8   1.46028040522424     
          10           9   1.39486795738498     
          11          10   1.45105441388793     
          12           7   1.26616700967327     
          12          11   1.37057059368194     
          13           4   1.05354284713647     
          13          12   1.05180667015949     
          14          13  0.977980361161370     
          15          14   1.38622272861158     
          16          15   1.38720848408462     
          17          16  0.975602336158555     
          18          17   1.05342194257655     
          19          18   1.37065562982393     
          20          19   1.45109211641109     
          21          20   1.39482277002521     
          22          21   1.46012312107536     
          23          18   1.26520282437815     
          23          22   1.35363048166487     
          24          23   1.08731706294481     
          25          24   1.35366485588076     
          26          25   1.46009389350956     
          27          26   1.39486218348564     
          28          27   1.45103852659553     
          29          17   1.05343773244476     
          29          24   1.26514001332297     
          29          28   1.37071286560633     
          30          16   1.38708476737736     
          31          30   1.38633187103457     
          32          31  0.977674370420830     
          33          32   1.05359524655827     
          34          33   1.37080779876019     
          35          34   1.45083930437072     
          36          35   1.39508559606426     
          37          36   1.45984888105704     
          38          33   1.26523948157337     
          38          37   1.35388679708611     
          39          38   1.08700207079911     
          40          39   1.35341099919048     
          41          40   1.46027014745161     
          42          41   1.39485715390505     
          43          42   1.45106845841455     
          44          32   1.05197273859686     
          44          39   1.26606729896014     
          44          43   1.37054807699269     
          45          14   1.38574772354989     
          45          31   1.38596984018217     
          46           1  0.945023015896589     
          47           2  0.944734261021092     
          48           3  0.942065691721435     
          49           6  0.944692609544665     
          50           8  0.944683056126200     
          51           9  0.944991135764590     
          52          10  0.944666061388020     
          53          11  0.943460060431576     
          54          15  0.943760367745789     
          55          19  0.942038285236551     
          56          20  0.944741898505178     
          57          21  0.945017956000542     
          58          22  0.944684863709996     
          59          25  0.944684649394611     
          60          26  0.945018767588312     
          61          27  0.944745282048127     
          62          28  0.942073192939694     
          63          30  0.943767450598440     
          64          34  0.942032349142921     
          65          35  0.944738453532352     
          66          36  0.945024761334051     
          67          37  0.944699834075188     
          68          40  0.944679702625663     
          69          41  0.944992175462886     
          70          42  0.944670903373892     
          71          43  0.943519332518445     
          72          45  0.942816126592438     
