           2           1  0.953941018915119     
           3           2  0.951791441297184     
           4           2  0.947828579568149     
           5           4   1.39882381579594     
           6           5   1.43415110363204     
           7           6   1.41371385903338     
           8           7   1.45217011765541     
           9           4   1.33555296396358     
           9           8   1.35573020776380     
          10           9   1.02399441789177     
          11          10  0.971842158409823     
          12          11   1.37280788433394     
          13          12   1.45182215341110     
          14          13   1.35884900167542     
          15          14  0.979735976488506     
          16          15   1.83717599185034     
          17          15  0.960526563836054     
          18          17   1.36379175444765     
          19          18   1.42205485285755     
          20          19   1.42890089753172     
          21          20   1.35674042295005     
          22          21  0.961149026930033     
          23          22   1.80725998592228     
          24          22   1.00980990568881     
          25          24   1.35461922448262     
          26          25   1.45351527252574     
          27          26   1.37085897227228     
          28          27  0.979081773171764     
          29          28   1.01551722154327     
          30          29   1.37416037824163     
          31          30   1.43728345949055     
          32          31   1.42426010280295     
          33          32   1.42073823840702     
          34          29   1.32123640424749     
          34          33   1.41290913338280     
          35          34  0.942287014086310     
          36          35  0.972477752166812     
          37          35  0.945367841896564     
          38          35  0.943041399674110     
          39          38   1.40495762803689     
          40          39   1.42733242483070     
          41          40   1.42120173599672     
          42          41   1.44335645745503     
          43          28   1.00896280885845     
          43          38   1.33133817824897     
          43          42   1.36936554733530     
          44          27   1.36032472852007     
          45          24   1.33635436433289     
          45          44   1.47012529312109     
          46          17   1.36719828371399     
          46          21   1.37854223785982     
          47          14   1.36122010500433     
          48          11   1.37086964258714     
          48          47   1.45415054082762     
          49          10   1.02237882800327     
          50          49   1.35598459583892     
          51          50   1.45094272785864     
          52          51   1.41370857358191     
          53          52   1.43353036589782     
          54           2  0.947810361864548     
          54          49   1.33602503851603     
          54          53   1.39917260333566     
          55           1  0.973626702673930     
          56           1  0.975662734760420     
          57           1  0.976029557031522     
          58           3  0.976016140096707     
          59           3  0.977549710984515     
          60           3  0.975577123332301     
          61           5  0.942033119907700     
          62           6  0.944612501929723     
          63           7  0.943801720604910     
          64           8  0.939848023185784     
          65          12  0.942574613087848     
          66          13  0.944192889132145     
          67          18  0.945839299464245     
          68          19  0.942336300631855     
          69          20  0.945705388222942     
          70          25  0.939603102031267     
          71          26  0.942491954800812     
          72          30  0.936987186772894     
          73          31  0.941660032466838     
          74          32  0.943349619766634     
          75          33  0.942133174921107     
          76          36  0.976605400189796     
          77          36  0.976748002284316     
          78          36  0.978729449085527     
          79          37  0.976975595601224     
          80          37  0.976870955072196     
          81          37  0.974974217014485     
          82          39  0.942481021566626     
          83          40  0.944567749410835     
          84          41  0.943916249280681     
          85          42  0.942501720007777     
          86          44  0.943682639615951     
          87          45  0.943282203037149     
          88          47  0.943492097440622     
          89          48  0.944248747713560     
          90          50  0.938488842462522     
          91          51  0.940622383378264     
          92          52  0.944234942242943     
          93          53  0.942106899254416     
