 -8.514795395702102E-002
 -8.133807658259329E-004
 -5.215107948691688E-002
 -1.254867041574759E-002
  5.685644182451988E-003
 -3.964535790405765E-002
 -2.690500898682124E-002
 -3.505316619465315E-002
  6.091356343708076E-002
 -8.872602604417956E-002
  3.708160368846025E-002
 -4.152795307184043E-002
 -3.538973062884487E-002
 -4.451917829491769E-002
 -3.238461470822163E-002
 -2.762437092562919E-002
 -2.009619659799533E-002
 -2.356240687652988E-002
 -3.329498934120600E-003
  9.640797769322562E-002
 -0.225941932858399     
 -2.866870468059712E-002
 -3.473359156849742E-002
  4.396469137490966E-002
 -3.907528888141787E-002
 -2.024633993658043E-003
 -8.568528274348708E-002
 -5.297877667219275E-002
 -1.212195956415218E-002
  5.934563861903719E-003
 -3.887348006841762E-002
 -2.708536914302773E-002
 -3.570796175943780E-002
  6.102997030438750E-002
 -8.885760775756246E-002
  3.712810682994361E-002
 -4.183394326627443E-002
 -3.556913654532678E-002
 -4.453837927333648E-002
 -3.240843481880074E-002
 -2.777129977021087E-002
 -2.016978755916998E-002
 -2.363048820006419E-002
 -3.446386330171691E-003
  9.653125493256232E-002
 -0.226231546725728     
 -2.826779925648459E-002
 -3.376081701947609E-002
  4.384992696958756E-002
 -3.896217598062623E-002
  4.231752760336827E-002
  4.250310134927959E-002
  4.046146426665342E-002
  3.788855799194046E-002
  4.074959308039205E-002
  4.653361588542615E-002
  4.223018349172192E-002
  4.131287422995134E-002
  4.436996018881123E-002
  4.164161871688477E-002
  4.353403029409075E-002
  5.228061209740187E-002
  5.288283341342137E-002
  4.609230151707222E-002
  4.020986125779025E-002
  4.277329045515643E-002
  4.217141209529163E-002
  4.012926386635418E-002
  3.766684598061709E-002
  4.172059199991918E-002
  4.667466351379812E-002
  4.166847441197397E-002
  4.102618970207295E-002
  4.424566511193917E-002
  4.170379398919166E-002
  4.353382828897068E-002
  5.226820803462651E-002
  5.310436757304748E-002
  4.544508297040295E-002
  4.010226157775476E-002
