           2           1   1.82030879283205     
           3           2  0.976625783218228     
           4           3   1.35966811604555     
           5           4   1.45445172205078     
           6           5   1.37094217332964     
           7           6  0.987093506003916     
           8           7   1.05087389716889     
           9           8   1.37123848761632     
          10           9   1.45041212520181     
          11          10   1.39557867313832     
          12          11   1.45958536529133     
          13           8   1.26671194357097     
          13          12   1.35419367284032     
          14          13   1.08622130275817     
          15          14   1.35462202682296     
          16          15   1.45916396761546     
          17          16   1.39585784520402     
          18          17   1.45012553251301     
          19           7   1.05182366888238     
          19          14   1.26614820391903     
          19          18   1.37129039578231     
          20           6   1.36971824683773     
          21           3   1.35683457833402     
          21          20   1.45677472273656     
          22           2  0.977303126499481     
          23          22   1.32723560998912     
          24          23   1.47055655055061     
          25          24   1.36645039779479     
          26          25   1.07450830360481     
          27          26   1.05630397256793     
          28          27   1.37989980773640     
          29          28   1.45281637658080     
          30          29   1.39332783820469     
          31          30   1.46646162157311     
          32          27   1.29369147124017     
          32          31   1.34467513820562     
          33          25   1.27781108590518     
          33          32   1.07871446554830     
          34          22   1.39022454579147     
          34          33   1.36434566158547     
          35           4  0.942059425014914     
          36           5  0.944207379569514     
          37           9  0.943443301596366     
          38          10  0.944661884219488     
          39          11  0.945007877874023     
          40          12  0.944713747072571     
          41          15  0.944688974922093     
          42          16  0.945011552486610     
          43          17  0.944735195923092     
          44          18  0.943554953666310     
          45          20  0.943856283850549     
          46          21  0.943735935462109     
          47          23  0.942352039500675     
          48          24  0.943812591422393     
          49          28  0.946006419584775     
          50          29  0.945450521914783     
          51          30  0.945202495544918     
          52          31  0.944887457547683     
          53          34  0.943395888530406     
