           2           1   1.42465497646022     
           3           2   1.44339074293635     
           4           3   1.37041347348744     
           5           4  0.999200097582338     
           6           5  0.997279486152800     
           7           6   1.37166747159841     
           8           7   1.44301990195916     
           9           8   1.42485289339160     
          10           9   1.42339201423483     
          11           6   1.37093423612989     
          11          10   1.44454751559234     
          12           5  0.996410713173540     
          13          12   1.26239366828446     
          14          13   1.55016990986447     
          15          14   1.27230219008405     
          16          15   1.19922412153420     
          17          12   1.47630548277466     
          17          16   1.27564896955643     
          18          16   1.25104246005361     
          19          18   1.46866425455413     
          20          19   1.05379535680427     
          21          20   1.38259071791211     
          22          21   1.42445334980097     
          23          22   1.43122283895188     
          24          23   1.36779581907215     
          25          24  0.977362428587251     
          26          25  0.991620764020188     
          27          26   1.37392914987756     
          28          27   1.44385088663832     
          29          28   1.42419194966639     
          30          29   1.42534033173917     
          31          26   1.37248518431798     
          31          30   1.44137402950716     
          32          25   1.01097599022377     
          33          32   1.37009643159339     
          34          33   1.44084109980741     
          35          34   1.42753501179557     
          36          35   1.41862328642035     
          37          32   1.35788064297417     
          37          36   1.44974020013607     
          38          20   1.25478966441203     
          38          24   1.35134460381397     
          39          38   1.02347788606614     
          40          39   1.04059049690734     
          41          40   1.39587703063373     
          42          41   1.43064708724001     
          43          42   1.40807290828645     
          44          43   1.44538130778644     
          45          40   1.23969684972282     
          45          44   1.36653210801025     
          46          15   1.20345415388386     
          46          45   1.08346820598438     
          47          19   1.19749184866925     
          47          39   1.08213874149656     
          47          46   1.36048914411971     
          48           4   1.37016727440183     
          49           1   1.42336391205188     
          49          48   1.44462765397960     
          50           1  0.946630836376579     
          51           2  0.945290061495196     
          52           3  0.945977569707085     
          53           7  0.946161855542650     
          54           8  0.945315628505998     
          55           9  0.946617841970690     
          56          10  0.945301064934152     
          57          11  0.946194926982509     
          58          13  0.942665172576715     
          59          14  0.939056889279032     
          60          17  0.941629768194594     
          61          18  0.941349316049091     
          62          21  0.941432585594191     
          63          22  0.940341305481600     
          64          23  0.941871071112660     
          65          27  0.946668575372313     
          66          28  0.945372702437639     
          67          29  0.946584489931705     
          68          30  0.945182094477537     
          69          31  0.945732118452884     
          70          33  0.944702407286135     
          71          34  0.945295608862518     
          72          35  0.946575933950296     
          73          36  0.945296693624095     
          74          37  0.944551316035251     
          75          41  0.939198153770048     
          76          42  0.944135956107018     
          77          43  0.944420934609623     
          78          44  0.941634320680598     
          79          48  0.946195022021902     
          80          49  0.945299208460083     
