           2           1  0.965943099589832     
           3           2  0.966237864286540     
           4           2  0.976729862675456     
           5           2  0.937508762589479     
           6           5   1.35525977926060     
           7           6   1.45761221234099     
           8           7   1.36656977644947     
           9           8   1.26958185069739     
          10           5   1.42611737255581     
          10           9   1.35429975081999     
          11           9   1.08090797964001     
          12          11   1.35442529614311     
          13          12   1.42610705263307     
          14          13  0.937522387621146     
          15          14  0.976669867964335     
          16          14  0.966179186901504     
          17          14  0.966069208795507     
          18          13   1.35529016834365     
          19          18   1.45757450626191     
          20          11   1.26945615370806     
          20          19   1.36678917287339     
          21           8   1.04730828130078     
          21          20   1.04702118983420     
          22          21  0.993352810816319     
          23          22   1.36678757332443     
          24          23   1.45818273956000     
          25          24   1.35528144060790     
          26          25  0.984405411098236     
          27          26   1.80760107825568     
          28          26  0.983483431515571     
          29          28   1.32197565910537     
          30          29   1.47511458791175     
          31          30   1.36357096358657     
          32          31   1.07534559087254     
          33          32   1.05566420762845     
          34          33   1.37985184375035     
          35          34   1.45283315612929     
          36          35   1.39325688793744     
          37          36   1.46655683451804     
          38          33   1.29447083491980     
          38          37   1.34428293964261     
          39          31   1.27903616606959     
          39          38   1.07842165822059     
          40          28   1.39086038878393     
          40          39   1.36272449434857     
          41          25   1.35406043297831     
          42          22   1.36676541887879     
          42          41   1.45936224444564     
          43           1  0.978177897227809     
          44           1  0.976165759395978     
          45           1  0.977968883393221     
          46           3  0.978215553972258     
          47           3  0.977914218134654     
          48           3  0.976080559782040     
          49           4  0.977517295321347     
          50           4  0.977670887260152     
          51           4  0.978306541259913     
          52           6  0.941830162488564     
          53           7  0.941574110893891     
          54          10  0.942243647303803     
          55          12  0.942233270103939     
          56          15  0.977639880588020     
          57          15  0.977578112876731     
          58          15  0.978305069269250     
          59          16  0.977924222035108     
          60          16  0.976098617639622     
          61          16  0.978207934232367     
          62          17  0.977968557935849     
          63          17  0.978216739861110     
          64          17  0.976097928523772     
          65          18  0.941779969187506     
          66          19  0.941536820791370     
          67          23  0.944006382836415     
          68          24  0.941912216748320     
          69          29  0.943861057768726     
          70          30  0.943491498185534     
          71          34  0.945987231571898     
          72          35  0.945400916196072     
          73          36  0.945208720844216     
          74          37  0.945034630903757     
          75          40  0.941230642767752     
          76          41  0.943556787038230     
          77          42  0.943664149324668     
