  8.595435203925916E-003
 -0.150459232533239     
  7.769137780529167E-002
 -3.705867112434991E-002
 -4.218337791709548E-002
 -7.421582834305163E-003
 -5.453026198961730E-002
  1.838757992065077E-002
  4.952931733125387E-002
 -0.219680069231693     
 -1.910889460897636E-002
  1.803471596456729E-002
 -3.010376675919701E-002
 -3.599274459998281E-002
 -4.319479383098024E-002
 -3.899375319564147E-002
 -4.716125228074564E-002
  1.469039824043339E-002
 -1.902938399588372E-002
 -4.994042792847608E-002
 -4.096943065991887E-002
  2.799589144000159E-002
 -3.585333448703665E-002
 -2.396808904083336E-002
 -3.549527069507263E-002
 -1.369738239986873E-003
 -6.858307473505665E-002
  4.154750059342183E-002
  4.400578158443980E-002
  4.193583764527820E-002
  4.089013229719829E-002
  4.102473258371520E-002
  4.010876195194668E-002
  4.093853638372791E-002
  3.839297956300647E-002
  3.626700381864145E-002
  3.714663850515409E-002
  3.563101495203924E-002
  5.782968455181448E-002
  4.652836074713673E-002
  5.439654011274608E-002
  6.205373986209850E-002
  4.919737248219225E-002
  4.174710488425626E-002
  3.653071226314641E-002
