           2           1  0.953376427500537     
           3           2  0.953523771769079     
           4           2  0.947144425541339     
           5           4   1.40175823198634     
           6           5   1.43195434434391     
           7           6   1.41517624611738     
           8           7   1.45158698456245     
           9           4   1.33256427188494     
           9           8   1.35558215118282     
          10           9   1.02961413687640     
          11          10  0.952747520673134     
          12          11   1.37783735406918     
          13          12   1.45464678996859     
          14          13   1.35560243498386     
          15          14   1.02871461383696     
          16          15   1.37450723753512     
          17          16   1.37433759581365     
          18          17   1.02896548465093     
          19          18   1.35543340656277     
          20          19   1.45480113942382     
          21          20   1.37755013930602     
          22          21  0.953286457880389     
          23          22   1.03073666355931     
          24          23   1.35535906217335     
          25          24   1.45149171390648     
          26          25   1.41533404929070     
          27          26   1.43159736307767     
          28          23   1.33193927335101     
          28          27   1.40221154897478     
          29          28  0.947190890465999     
          30          29  0.953381798140559     
          31          29  0.953493522800915     
          32          29  0.947169846706744     
          33          32   1.40166869173713     
          34          33   1.43201896749715     
          35          34   1.41515020595636     
          36          35   1.45159997151824     
          37          22   1.02939001888533     
          37          32   1.33268574126864     
          37          36   1.35559956541487     
          38          21   1.38049027090299     
          39          18   1.36040941027199     
          39          38   1.45154152276576     
          40          17   1.32048491231907     
          41          40   1.43905206214589     
          42          15   1.32059645927368     
          42          41   1.43889238843191     
          43          14   1.36057477572663     
          44          11   1.38071040745499     
          44          43   1.45141776171066     
          45          10   1.03088735279317     
          46          45   1.35532470586566     
          47          46   1.45149670321941     
          48          47   1.41534699518191     
          49          48   1.43155069734043     
          50           2  0.947170532822509     
          50          45   1.33185793074859     
          50          49   1.40227010743416     
          51           1  0.977522405861584     
          52           1  0.975892080586668     
          53           1  0.975801043094646     
          54           3  0.977565412058880     
          55           3  0.975792285547658     
          56           3  0.975852768974453     
          57           5  0.942296857691806     
          58           6  0.944797710596542     
          59           7  0.943898088977138     
          60           8  0.941244147898043     
          61          12  0.945246845590047     
          62          13  0.942515301924782     
          63          16  0.942785000920214     
          64          19  0.942511513917386     
          65          20  0.945233884042385     
          66          24  0.941252351664265     
          67          25  0.943956027445478     
          68          26  0.944806044613440     
          69          27  0.942278538759364     
          70          30  0.977523574188669     
          71          30  0.975892324696862     
          72          30  0.975794802364493     
          73          31  0.977564758559559     
          74          31  0.975790198286778     
          75          31  0.975852553237410     
          76          33  0.942285837731198     
          77          34  0.944790523491653     
          78          35  0.943893078998382     
          79          36  0.941189734273894     
          80          38  0.945338348306019     
          81          39  0.943095919076843     
          82          41  0.947855298102734     
          83          43  0.943109909109028     
          84          44  0.945355102534724     
          85          46  0.941285971640698     
          86          47  0.943957395483288     
          87          48  0.944812564425435     
          88          49  0.942286455192059     
