           2           1  0.950576380245776     
           3           2  0.973497542032339     
           4           2  0.934489396631613     
           5           4   1.40962528184862     
           6           5   1.38036054434386     
           7           6  0.974812551602286     
           8           7   1.05503842010834     
           9           8   1.36911801016635     
          10           9   1.45243225053717     
          11          10   1.39379552033636     
          12          11   1.46081602043322     
          13           8   1.26502062787490     
          13          12   1.35307454245543     
          14          13   1.08791918298581     
          15          14   1.35346510802390     
          16          15   1.46039470005629     
          17          16   1.39405474952124     
          18          17   1.45197782590618     
          19           7   1.05659985228975     
          19          14   1.26443294031234     
          19          18   1.36915947123455     
          20           6   1.37965415676179     
          21          20   1.43840517552397     
          22           4   1.34086793938021     
          22          21   1.38493659938739     
          23          22  0.967913675064609     
          24          23   1.07513505640070     
          25          24   1.33381781453147     
          26          25   1.45611173743424     
          27          26   1.37494012154192     
          28          27   1.36934083351314     
          29          24   1.31594985693965     
          29          28   1.44097365632742     
          30          28  0.741888037258941     
          31          30   1.77433727138065     
          32          30   1.74020331191691     
          33          30  0.742784760851500     
          34          33   1.40342602322960     
          35          34   1.41400645156515     
          36          35   1.43584987011019     
          37          36   1.41392013722676     
          38          33   1.39214045272305     
          38          37   1.40351674807889     
          39          27  0.762018034244602     
          39          38  0.743405145111256     
          40          39   1.74174351451352     
          41          39   1.77185638364167     
          42          23  0.968012017632197     
          43          42   1.38768878349343     
          44          43   1.43589501807161     
          45          44   1.38180398485281     
          46          45  0.974779017097592     
          47          46   1.05556062693971     
          48          47   1.36926505243859     
          49          48   1.45195810303539     
          50          49   1.39413902388766     
          51          50   1.46048838941937     
          52          47   1.26496176222184     
          52          51   1.35336149659903     
          53          52   1.08776793933632     
          54          53   1.35343897441342     
          55          54   1.46048068426140     
          56          55   1.39417934393711     
          57          56   1.45195865846332     
          58          46   1.05533992771513     
          58          53   1.26481253609294     
          58          57   1.36933773502579     
          59          45   1.37830129211965     
          60           2  0.934781960856015     
          60          42   1.33787072830684     
          60          59   1.41157696807003     
          61           1  0.975785423405292     
          62           1  0.977857829492044     
          63           1  0.977775831564491     
          64           3  0.976998114051699     
          65           3  0.977256494191695     
          66           3  0.978354045113015     
          67           5  0.940829843512704     
          68           9  0.943628980344477     
          69          10  0.944589889953672     
          70          11  0.945094805018670     
          71          12  0.944755965953398     
          72          15  0.944727129480290     
          73          16  0.945091879830404     
          74          17  0.944806049828115     
          75          18  0.943834734153236     
          76          20  0.941844470302182     
          77          21  0.940271688612320     
          78          25  0.931618878239963     
          79          26  0.934473608667931     
          80          29  0.931508974024833     
          81          34  0.938924483880130     
          82          35  0.937235916523368     
          83          36  0.937262574677456     
          84          37  0.938850126840448     
          85          43  0.940350400835927     
          86          44  0.941883353624851     
          87          48  0.943878995600193     
          88          49  0.944782366222025     
          89          50  0.945041637957669     
          90          51  0.944694049956297     
          91          54  0.944684738676307     
          92          55  0.945025742549807     
          93          56  0.944694350279383     
          94          57  0.943853846498234     
          95          59  0.940885661477173     
