 -9.947142883126059E-002
  2.338374427602385E-002
 -9.415591010645752E-002
 -1.814082519829796E-002
 -4.255135108155361E-002
 -4.367560200801091E-002
 -3.562019802104732E-002
 -4.531921938165073E-002
  4.867023869317766E-002
 -0.106850874056727     
  5.645436656688840E-002
 -3.030664889154089E-002
 -3.634940790201924E-002
 -2.559567289771358E-003
 -2.864245123839027E-002
  6.198960226311723E-003
  0.101224580771999     
 -0.222269660072064     
 -3.102735696232806E-002
 -3.496903014826636E-002
  2.480345434501263E-003
 -2.340940451434115E-002
  2.251152928992894E-002
 -0.100206002303879     
 -0.107128894695171     
 -1.777570581191146E-002
 -4.358104875974878E-002
 -4.435106127369615E-002
 -4.467493086050034E-002
 -1.944794199356359E-002
  4.328529014205351E-002
  3.171184717737097E-002
  3.687347803753249E-002
  3.129049369234538E-002
  3.800026984238047E-002
  3.657984706121420E-002
  3.795948583613351E-002
  4.427255186562895E-002
  4.044804160366811E-002
  4.321644084288256E-002
  4.068929626834239E-002
  4.772945040173904E-002
  4.722359802201326E-002
  4.727857772940613E-002
  4.847516925132334E-002
  5.125883871388648E-002
  3.524346246868260E-002
  3.566707194198038E-002
  3.332332310008890E-002
  3.752033363005758E-002
  3.908343327561048E-002
  3.322514803135290E-002
  4.387305546420250E-002
  4.191965621274907E-002
  4.541259553071009E-002
