  6.348176553158336E-003
 -0.160454103285420     
  6.341872855062691E-002
 -5.053097381017757E-002
 -4.373011055118603E-002
  2.383904305137108E-002
 -2.560283671815888E-002
 -5.868152462002030E-002
 -2.449441626834492E-002
 -3.758085237752340E-002
 -4.892161104346027E-002
 -3.902754520339169E-002
 -4.196993079658551E-002
  3.762536457962007E-002
 -9.668856087120759E-002
  5.433970098139351E-002
 -4.229392163865420E-002
  7.919800016087741E-002
 -6.629247462180743E-003
 -4.380215672268228E-002
  4.880513384618901E-002
 -9.621087412355767E-002
  3.766372823527542E-002
 -4.132772263357065E-002
 -3.771400693145566E-002
 -4.867209461846311E-002
 -3.682472944721482E-002
 -2.679485915902369E-002
 -2.587311872113496E-002
 -3.663436505315509E-002
 -4.962401525467186E-002
 -4.146498260753528E-002
 -4.596998015556597E-002
  3.571904516924684E-002
 -3.844583081974484E-002
 -7.879530458314576E-003
 -4.675877793640471E-002
 -4.298739416635566E-002
 -3.921791982349632E-002
 -4.439646737074021E-002
  7.509197408757950E-002
 -0.126614800707308     
  4.296555561318482E-002
  4.084939410072830E-002
  4.070239634438311E-002
  4.223556999447564E-002
  4.424330240964192E-002
  4.129662849999827E-002
  4.055442754303873E-002
  3.875039086264453E-002
  4.277504849180591E-002
  4.094801528106007E-002
  4.649318524878232E-002
  4.790281146578323E-002
  4.117938736899973E-002
  4.330179467263762E-002
  3.861753477755803E-002
  4.077563266946993E-002
  4.184476796319481E-002
  3.954013252005739E-002
  4.240228208255681E-002
  3.905050611299665E-002
  4.640143918685535E-002
  4.901171638298907E-002
  3.834595144540220E-002
  4.096476360131096E-002
  4.230439715549128E-002
  3.831333434627537E-002
