 -3.386559238690889E-002
 -2.937267833160728E-002
 -2.723146097804996E-002
  5.945617015915428E-002
 -0.118703188636799     
  5.521701143903845E-002
 -5.378994227838341E-002
 -3.622226756308233E-002
 -4.904882603259075E-002
 -4.118560715280761E-002
 -1.206862949842868E-002
  2.277507717127047E-002
 -1.331545178689453E-002
 -2.885914304087400E-002
 -3.059083844612953E-002
 -2.936635304292334E-002
 -2.398868931032005E-002
 -2.054566517354139E-003
  4.191747796899126E-002
 -0.179262665997624     
  2.271772750562251E-002
  2.377442694336018E-002
 -0.177766360263793     
  4.155054146473702E-002
 -1.198337931867055E-002
 -4.110024821924441E-002
 -4.901352797374425E-002
 -3.621086185741085E-002
 -5.372914351201530E-002
  5.519086044787924E-002
 -2.996282160635122E-002
 -3.074568660557198E-002
  4.003611445006339E-002
  4.302334176938249E-002
  4.140737057467936E-002
  4.001587642410176E-002
  4.280705905254134E-002
  4.021982753573883E-002
  4.222895553081107E-002
  4.201480083517084E-002
  4.343198861856934E-002
  4.270003336290951E-002
  4.625969634697868E-002
  5.306263596610916E-002
  5.281815760977293E-002
  4.218920980208818E-002
  4.022073180835550E-002
  4.280612436165210E-002
  4.000876315023083E-002
  3.900067583859024E-002
  4.258727421972686E-002
