 -8.184105575353939E-002
  4.454900903422931E-003
 -6.746368051208051E-002
  3.235031132203581E-003
 -8.753315279498164E-002
 -9.365574250525821E-002
  0.115520606943531     
 -7.579803796561091E-002
 -2.588152036144731E-002
 -2.976949736866263E-002
  6.708695839708145E-002
 -9.170604645105485E-002
  3.584201257980535E-002
 -4.344255181042378E-002
 -3.845634950015420E-002
 -4.704538094720956E-002
 -3.488581297053184E-002
 -2.585326224618800E-002
 -2.452035079305670E-002
 -3.231242268889201E-002
  4.344554861897354E-002
 -0.129107846098943     
  4.806761644476376E-002
 -5.722203634579071E-002
 -4.504526908567819E-002
 -5.125325777147172E-002
 -4.750585113573269E-002
  7.173483206233344E-002
 -0.144344089286544     
  7.153852567048835E-002
 -4.759225244978804E-002
 -5.126796983978910E-002
 -4.489544962173753E-002
 -5.687085498113387E-002
  4.801948519891264E-002
 -3.432115895050725E-002
 -3.946420322731115E-002
  3.502489123431696E-002
 -3.024872479913565E-002
 -2.590673355981377E-002
 -9.352525471673268E-002
  9.575476744019262E-004
 -8.807162120602907E-002
 -6.826189754591105E-002
  4.298828300119961E-003
 -8.187905430229758E-002
 -6.748370329923148E-002
  3.040196266331563E-003
 -8.763220940859817E-002
  1.074380062868752E-003
 -8.791782958938565E-002
 -6.825484255131187E-002
  4.101348236481062E-002
  3.996295694970353E-002
  4.308041227136250E-002
  3.290833590503106E-002
  4.218217083708853E-002
  3.650471652010823E-002
  4.614174244172031E-002
  4.611693450086662E-002
  4.215386886439998E-002
  4.107746531939360E-002
  4.362664603273014E-002
  4.082171855154060E-002
  4.317113047538401E-002
  4.520718751625730E-002
  4.214298921383697E-002
  4.309783487434671E-002
  4.212425858721003E-002
  4.057905096621117E-002
  4.052674374226450E-002
  4.210547158476619E-002
  4.320648301334951E-002
  4.249747402062720E-002
  4.699646245512712E-002
  4.741288063531146E-002
  4.181969079482173E-002
  4.601868047238777E-002
  4.005386230827968E-002
  3.934944048685474E-002
  4.401942230035205E-002
  3.217719991427415E-002
  3.947237058601283E-002
  4.172650901585662E-002
  4.281554403729693E-002
  3.274551616631438E-002
  3.651865269114751E-002
  4.207082233707571E-002
  4.608826410792144E-002
  4.410446916316391E-002
  3.955313756477685E-002
  3.972367991387216E-002
  3.197993344860217E-002
