           2           1  0.951649911120954     
           3           2  0.955231978366674     
           4           2  0.946871997534041     
           5           4   1.40106445600453     
           6           5   1.43246623847810     
           7           6   1.41614989845543     
           8           7   1.44980032912032     
           9           4   1.33440364197408     
           9           8   1.36033061449028     
          10           9   1.02049756791924     
          11          10  0.961652718766640     
          12          11   1.49388385337308     
          13          12   1.31843608337274     
          14          13   1.49383352047774     
          15          14  0.961719673829853     
          16          15   1.02028113273142     
          17          16   1.36040132470519     
          18          17   1.44980150821589     
          19          18   1.41612962870844     
          20          19   1.43252699152886     
          21          16   1.33451297730518     
          21          20   1.40099477064855     
          22          21  0.946857987921629     
          23          22  0.955299747295655     
          24          22  0.951598904513327     
          25          22  0.947644248737764     
          26          25   1.39610692734997     
          27          26   1.43533256335040     
          28          27   1.41181458427854     
          29          28   1.45488721418405     
          30          15   1.02210420899593     
          30          25   1.33922613269795     
          30          29   1.35512325305951     
          31          14   1.21649033606527     
          32          31   1.24965025476967     
          33          32   1.49629293632626     
          34          33   1.01493063658674     
          35          34   1.36429175764789     
          36          35   1.44440970673120     
          37          36   1.42422376806973     
          38          37   1.42329875400778     
          39          34   1.36711607442402     
          39          38   1.44506338631222     
          40          33   1.16425798959899     
          41          40   1.01512811031695     
          42          41   1.36709368351272     
          43          42   1.44504480612800     
          44          43   1.42333154364000     
          45          44   1.42414369135513     
          46          41   1.36417060493199     
          46          45   1.44451840935316     
          47          40   1.49612592976994     
          48          11   1.21650616757563     
          48          31   1.20407470547699     
          48          47   1.24969986569652     
          49          10   1.02229254271241     
          50          49   1.35508761315639     
          51          50   1.45485539356427     
          52          51   1.41186028177438     
          53          52   1.43530255827976     
          54           2  0.947648427547218     
          54          49   1.33909677596882     
          54          53   1.39621685094226     
          55           1  0.976417530833707     
          56           1  0.976254275025922     
          57           1  0.976201840316915     
          58           3  0.975533086123328     
          59           3  0.977783256142490     
          60           3  0.975675425633841     
          61           5  0.942069741362285     
          62           6  0.944714157232581     
          63           7  0.943989167622828     
          64           8  0.939882638704526     
          65          12  0.940573024108832     
          66          13  0.940552713937564     
          67          17  0.939861884901599     
          68          18  0.943989144463568     
          69          19  0.944711596372911     
          70          20  0.942058863552974     
          71          23  0.975520669193772     
          72          23  0.975672107372502     
          73          23  0.977790236190807     
          74          24  0.976205974222442     
          75          24  0.976389441335351     
          76          24  0.976262343696702     
          77          26  0.942443580613663     
          78          27  0.944962816780671     
          79          28  0.944055540753322     
          80          29  0.942236431050514     
          81          35  0.944771068308089     
          82          36  0.946158037141551     
          83          37  0.947454623103390     
          84          38  0.946322520632818     
          85          39  0.945596380191462     
          86          42  0.945574706571819     
          87          43  0.946322767848864     
          88          44  0.947454706514039     
          89          45  0.946160335468132     
          90          46  0.944819115834700     
          91          50  0.942209754495260     
          92          51  0.944053847479315     
          93          52  0.944961922938809     
          94          53  0.942441490817707     
