           2           1   1.43995719249772     
           3           2   1.41850490691287     
           4           3   1.38962752368127     
           5           4   1.30546009613079     
           6           1   1.41209871913027     
           6           5   1.41009466245750     
           7           5   1.00736882149293     
           8           7   1.00645890419046     
           9           8   1.40999392733140     
          10           9   1.41254954410090     
          11          10   1.43988938499470     
          12          11   1.41829615958861     
          13           8   1.30604055848041     
          13          12   1.39111163682388     
          14           4   1.00860649563325     
          14          13   1.00584847866470     
          15          14  0.973770567280081     
          16          15   1.24801638792793     
          17          16   1.57133135043889     
          18          17   1.24897401827899     
          19          18   1.28335890897639     
          20          19   1.42640116526396     
          21          20   1.09205209288015     
          22          21   1.33067366821446     
          23          22   1.47652153812312     
          24          23   1.37995239137549     
          25          24   1.47198614192200     
          26          21   1.28475585177109     
          26          25   1.34145985942875     
          27          26   1.07413072375961     
          28          27   1.34131956038478     
          29          28   1.47199139843070     
          30          29   1.38026939087278     
          31          30   1.47606002381069     
          32          27   1.28527614940720     
          32          31   1.33142581069061     
          33          20   1.16416644109205     
          33          32   1.09038837573791     
          34          33   1.43178623915607     
          35          18   1.17680632812811     
          35          34   1.27080841108181     
          36          15   1.50613512862696     
          36          35   1.26451417598573     
          37           1  0.944578946788574     
          38           2  0.943832870761113     
          39           3  0.941238818524779     
          40           6  0.945715259025603     
          41           9  0.945684696713738     
          42          10  0.944491242667097     
          43          11  0.943748837254030     
          44          12  0.940611629734688     
          45          16  0.943856053184061     
          46          17  0.940071067351019     
          47          22  0.943813143444753     
          48          23  0.945320068671112     
          49          24  0.945550335258721     
          50          25  0.942706877791698     
          51          28  0.942714647414060     
          52          29  0.945528852901683     
          53          30  0.945307772602149     
          54          31  0.943720558162482     
          55          36  0.942050285083477     
