 -3.955587079547929E-002
 -4.155523116578941E-002
 -3.694907087860422E-002
 -2.386246573983808E-002
 -1.266014339481547E-002
 -3.535512038782151E-002
  5.632412607760617E-002
 -1.868953434663734E-002
 -2.791368634783797E-002
 -4.554267954383029E-002
 -3.912572490988886E-002
 -2.853464799002214E-002
 -2.484584587368932E-002
 -3.604892992448416E-002
 -4.566079906979148E-002
 -3.719272564917819E-002
 -3.564949246357241E-002
  4.220507414502839E-002
 -8.250046448013126E-002
  0.113030260453151     
  3.558658507161772E-002
 -0.167222585294144     
  0.114901941375906     
 -7.963008250565373E-002
  3.792553200108539E-002
 -4.171360471181806E-002
 -3.736880954372257E-002
 -4.406318452059388E-002
 -3.483616666771283E-002
 -2.244592093596687E-002
 -2.980488491458289E-002
 -3.992045656822540E-002
 -4.519147302778315E-002
 -2.763961406567539E-002
 -2.421732211235383E-002
 -3.740468769276184E-002
 -4.247523971161371E-002
 -4.027336103431178E-002
 -3.648724593721386E-002
 -1.469754077346774E-002
  6.083093034560427E-002
 -1.097004945450841E-002
  4.295027037074295E-002
  2.855263431198374E-002
 -0.168799453990882     
  3.564553944826443E-002
  4.204202629057463E-002
  4.136469224080208E-002
  4.079147841488073E-002
  4.343856224358922E-002
  4.639350515632090E-002
  4.895756079976965E-002
  4.220777285286925E-002
  4.072069729822381E-002
  4.388987634052077E-002
  4.328910389108676E-002
  6.136464063569136E-002
  4.277361540467217E-002
  4.458739723095562E-002
  4.152247901684403E-002
  4.329470009431047E-002
  4.836794581915760E-002
  4.621044307631894E-002
  4.065119246040072E-002
  4.097197568511968E-002
  4.161986500183346E-002
  4.257068008975340E-002
  6.182101277968477E-002
