           2           1  0.959808700016740     
           3           2  0.996882234248550     
           4           3  0.991302263037411     
           5           4  0.987706875823781     
           6           5  0.988145156362135     
           7           6  0.988468998276142     
           8           7  0.929758939143466     
           9           8  0.935049052752752     
          10           9  0.986193249415604     
          11          10  0.992913593380981     
          12          11  0.987638533738970     
          13          12  0.988492073214201     
          14          13  0.998221188237997     
          15          14  0.958747075157420     
          16           8  0.944529654808130     
          17          16   1.43360677695932     
          18          17   1.37129478772263     
          19          18   1.00156968559566     
          20          18   1.39755509504307     
          21          20   1.43295344114477     
          22          16   1.29245117384983     
          22          21   1.37924028635320     
          23          22   1.03927981582893     
          24          23   1.37617382248936     
          25          24   1.43342301097308     
          26          25   1.39649482597835     
          27          26   1.00104309384518     
          28          26   1.37359364429500     
          29           8  0.944921590941923     
          29          23   1.29789449105530     
          29          28   1.43529271148521     
          30           2  0.974635163392019     
          31           2  0.978769933925398     
          32           3  0.962432267987287     
          33           3  0.965211502725688     
          34           4  0.959648496442454     
          35           4  0.967617827127768     
          36           5  0.967279987124841     
          37           5  0.966880985085597     
          38           6  0.967182042696877     
          39           6  0.965002231860167     
          40           7  0.966136311066527     
          41           7  0.962076447680948     
          42           9  0.960672476265229     
          43           9  0.965112493375843     
          44          10  0.965865378934223     
          45          10  0.964259155849084     
          46          11  0.960003216041014     
          47          11  0.965922233637324     
          48          12  0.963141934202809     
          49          12  0.966183617911733     
          50          13  0.965545956786375     
          51          13  0.965413329432876     
          52          14  0.974060215400103     
          53          14  0.976145239151157     
          54          17  0.934132966270202     
          55          20  0.941992091261759     
          56          21  0.943414487519316     
          57          24  0.943357290290664     
          58          25  0.941939457937006     
          59          28  0.942308418549978     
