 -2.526433205250811E-002
  2.129434635188021E-002
 -0.180255097105109     
  1.582729977871900E-002
  1.427155674469383E-004
 -4.136441951406944E-002
  4.017991125309051E-002
  7.981430598884964E-002
 -0.236965370089440     
 -5.445861001385666E-003
 -3.468297631680262E-002
 -5.183804794098368E-002
 -4.311868872146096E-002
 -4.251916209205753E-002
  3.139841059952042E-002
 -7.191736049399022E-002
 -0.146843002648913     
  3.885442083723412E-002
 -3.736306723916183E-002
  3.679118590702579E-003
 -1.451825556096065E-002
 -2.330012609148913E-002
  2.179395841150544E-002
 -0.183878796261360     
  1.172987471734777E-002
  6.131909052636075E-002
 -0.266857491069935     
 -1.586242871635068E-002
 -3.665149347864016E-002
 -5.510652060414234E-002
 -4.566206372891290E-002
 -4.279222914986835E-002
  2.114545661747691E-002
 -9.703848140824611E-002
  4.267667521517060E-002
 -3.345598229771962E-002
  8.334477604130530E-003
 -2.097462028820019E-002
 -2.442215582756102E-002
  2.034647768980680E-002
 -0.183899852256372     
  1.177331468400666E-002
  6.418590316144668E-002
 -0.257524103600089     
 -5.368524715220424E-003
 -3.199387229182094E-002
 -5.240548156237512E-002
 -4.389219640222475E-002
 -4.567633802230020E-002
  2.566605652076470E-002
 -8.817281391521270E-002
 -2.430748786884607E-002
  4.116827577223470E-002
  5.063716193663026E-002
  5.225952708430082E-002
  4.921338796365626E-002
  4.764928618527564E-002
  5.993436287145204E-002
  4.091764179406521E-002
  3.966838396377459E-002
  4.202870687648308E-002
  3.878549243869667E-002
  0.158909782132128     
  5.984186289128646E-002
  4.712430643916632E-002
  4.483223282465554E-002
  4.409560163061566E-002
  4.092427143139310E-002
  5.007225869987619E-002
  4.529181764983159E-002
  4.216213390893897E-002
  4.063776580839362E-002
  4.288529843138777E-002
  4.149243228350485E-002
  0.163608213945361     
  5.999323651111599E-002
  4.751890991665442E-002
  5.138281431105629E-002
  3.901551016480709E-002
  4.106996307368627E-002
  5.069690242290725E-002
  4.792321870838290E-002
  4.117279743938973E-002
  3.955509520298117E-002
  4.150681107904486E-002
  3.911357660045600E-002
  0.164313023990383     
  4.377482183427439E-002
