 -0.102572058537675     
  2.077189679358948E-002
 -0.102591162499564     
 -2.218139156326870E-002
 -4.530517528955347E-002
 -5.144768016455803E-002
 -3.661155568882890E-002
 -5.656164814201770E-002
  4.998807721483844E-002
 -0.117011065168760     
  6.839716500349446E-002
 -2.037519953343470E-002
 -2.675696249750281E-002
 -2.170813743852307E-003
  2.865645399224714E-002
  6.947518874717673E-003
  9.689374278719409E-002
 -0.209514662120052     
  7.049267463124087E-002
  6.777117026595558E-003
 -2.552177192335137E-002
 -2.648677298885094E-002
 -3.162488078598891E-002
  3.806497786802421E-003
 -3.513962225409184E-002
 -2.960223014836050E-002
 -2.877989242506906E-002
 -4.114245980475228E-002
  4.671846333037522E-005
 -0.180263337545537     
  6.991616890707686E-002
  8.317447006558343E-003
 -3.026697524714983E-002
 -2.458461356103925E-002
 -3.104660132840031E-002
  2.145369960842469E-003
 -3.730507744040068E-002
 -3.101380603328874E-002
 -3.090491521939320E-002
 -3.687229070232600E-002
  3.702834576733594E-003
  5.288842576702368E-003
  9.512875090824702E-002
 -0.212580774360331     
 -2.692968901332371E-002
 -2.043372867948712E-002
  4.998353444432624E-002
 -5.656043898782848E-002
 -3.658259523137808E-002
 -5.142332945944439E-002
 -4.530335239837502E-002
 -2.217587389122855E-002
  3.363243145683559E-002
  3.425100866692199E-002
  3.357536047558718E-002
  3.423629952041907E-002
  3.357288241801482E-002
  3.357409298299274E-002
  4.292217675276699E-002
  3.899629511472458E-002
  4.319556185359863E-002
  4.023496899522638E-002
  4.499965559885044E-002
  4.615897018396853E-002
  4.477779460109610E-002
  4.444059903983677E-002
  4.126055878206325E-002
  3.904941556442676E-002
  4.085233157407442E-002
  4.105887992496005E-002
  3.757265026458612E-002
  4.367254428998757E-002
  4.515348907523520E-002
  4.141946197641089E-002
  3.875867871334104E-002
  4.053115013825326E-002
  4.108878593577714E-002
  4.258140991019499E-002
  4.634911383498164E-002
  4.502189841917958E-002
  4.024972586018416E-002
  4.324721186365499E-002
  3.901483038342213E-002
  4.293335925242658E-002
