 -8.526052429841791E-002
  2.562424794713714E-002
 -9.206014688981146E-002
  3.015291278682186E-002
 -4.886114507595796E-002
 -4.187195620463680E-002
 -5.197169738773155E-002
 -3.784911324308293E-002
 -2.987433442344134E-002
 -3.070542338693727E-002
 -3.602891309418599E-002
 -5.485019721685980E-002
 -7.058507007871917E-003
  7.879493366593771E-004
 -3.951205576421213E-002
 -4.004091627470441E-002
  1.183997183730856E-003
 -4.163007422369436E-002
 -4.224103616558406E-002
  1.474754790628197E-003
 -4.034550113288216E-002
 -3.775371334592759E-002
  1.023849103105157E-003
 -1.107117915823164E-002
 -1.141579578672403E-002
  1.609149687520794E-003
 -3.968909239819851E-002
 -3.483215823666796E-002
 -3.740978797495487E-002
 -3.461547456321412E-002
 -3.848375284726568E-002
  1.414196632300246E-003
 -3.850025929194434E-002
 -3.454626921470805E-002
 -3.734740582426710E-002
 -3.482743390405751E-002
 -3.977978009455452E-002
  1.495502593028775E-003
 -3.843930828080122E-002
 -3.461624341277236E-002
 -3.739463855404690E-002
 -3.477624736984453E-002
 -3.973783135989617E-002
 -3.662556025537000E-002
 -3.980529038882086E-002
 -3.930722812800536E-002
 -3.756373408939950E-002
 -5.333246016850968E-002
  3.107064875793597E-002
  3.132421581258860E-002
  3.954117898087606E-002
  3.133129504384657E-002
  4.818682271702124E-002
  4.829108821243844E-002
  3.845959204647731E-002
  4.225039523309593E-002
  3.941060955753062E-002
  4.136371322698673E-002
  4.444467364995142E-002
  4.075129551995538E-002
  3.929636004651194E-002
  4.085705403018525E-002
  3.647061701430487E-002
  3.620751912700859E-002
  3.729390236043373E-002
  3.969424811162514E-002
  3.721742448934540E-002
  3.836089131636988E-002
  3.772743335025130E-002
  3.855674320526781E-002
  3.856569846772473E-002
  3.857053895452189E-002
  3.870299348376760E-002
  3.779187773114956E-002
  3.838424548346309E-002
  3.725269507657980E-002
  3.856620092429186E-002
  3.858169632683850E-002
  3.775748941813317E-002
  3.842723229953948E-002
  3.724974561668537E-002
  4.125157629821030E-002
  4.114813039492660E-002
  3.770140153778767E-002
  3.991706031494335E-002
  3.928932223865378E-002
