 -3.638101629127721E-002
 -3.368917804245086E-002
 -3.910023086645431E-002
 -6.212075721894195E-004
 -9.193590509060101E-004
 -4.588915631189749E-002
 -6.174483572003453E-004
 -7.195314718710932E-004
 -3.926959739719482E-002
 -3.365926130706143E-002
 -3.626797826362971E-002
 -3.388783956815633E-002
 -3.947655987316701E-002
 -4.363537627085901E-002
  4.708804522291388E-003
 -1.009963017832050E-002
 -2.288879232883012E-003
 -3.950452371545765E-002
 -3.454024984763038E-002
 -3.323070325915456E-002
 -3.993416662777527E-002
 -2.169750338464560E-003
 -1.390578526729414E-002
  2.802731644883316E-003
 -3.290189290392309E-002
 -3.996833153183132E-002
  2.296636595848867E-002
  6.676476816048860E-002
 -0.223291816979579     
 -8.975264947460815E-003
  1.420247929507257E-002
 -2.846671019357139E-002
 -3.171517534832269E-002
 -4.601852950808283E-002
 -2.660696720552913E-003
 -3.522660212629081E-002
 -3.978521351983044E-002
 -1.176771649502584E-004
 -4.841386379727197E-002
 -3.462178567615126E-002
 -5.259003286481434E-002
  6.264098213409675E-003
 -6.253547904360168E-003
 -1.361134223953275E-002
  9.948156651072626E-003
 -8.077443532339412E-002
  6.843459954436915E-002
 -2.937105959681219E-002
 -2.591038296324655E-002
 -3.254503312336876E-002
 -2.637761149936946E-002
 -2.679698151389243E-002
 -2.206890693023045E-002
 -2.911008029655893E-002
 -3.348069414053967E-003
 -4.155240504978686E-002
 -3.505129046574051E-002
 -3.573237758670977E-002
 -3.869155049334694E-002
 -2.761417627568541E-003
 -4.414299712668068E-002
 -3.964065534136729E-002
 -3.402058662516350E-002
  3.808204492548162E-002
  3.873739040336610E-002
  3.750290781511745E-002
  3.975257506677843E-002
  3.741925221551023E-002
  3.874316418176171E-002
  3.812008194755467E-002
  3.862675614279920E-002
  3.732685352572107E-002
  3.980672739043223E-002
  4.225909984501486E-002
  4.090479626622845E-002
  4.138019378532365E-002
  4.258081341454190E-002
  4.128669744199143E-002
  4.417269438421956E-002
  4.521762958942288E-002
  4.254485167294830E-002
  3.789436759809184E-002
  4.157747722449601E-002
  4.146666857341741E-002
  3.894361051402484E-002
  4.235213973640750E-002
  4.301168173552117E-002
  4.183811126970594E-002
  4.483053583229757E-002
  4.178163764600840E-002
  4.504972769782445E-002
  4.244730100615313E-002
  4.797665803069351E-002
  4.276288330075695E-002
  4.115280088142970E-002
  4.025669021934231E-002
  4.084008033193898E-002
  4.259498108032922E-002
  3.939664491725392E-002
  3.708751449375269E-002
  3.850370742140230E-002
