           2           1   1.42625540394295     
           3           2   1.44156978976613     
           4           3   1.37503791146845     
           5           4  0.996803420581374     
           6           5   1.38099108946388     
           7           6   1.38033484131280     
           8           7  0.997637842990753     
           9           8   1.37454688680108     
          10           9   1.44193025109114     
          11          10   1.42605902518542     
          12          11   1.42617433311718     
          13           8   1.37469980277071     
          13          12   1.44172533252257     
          14           7   1.37373502456718     
          15          14   1.38632197458878     
          16          15  0.969490199643067     
          17          16   1.31027638330156     
          18          17   1.21645612327756     
          19          18   1.59636962045583     
          20          19   1.26530882075449     
          21          20   1.59680325184163     
          22          17   1.17452061175630     
          22          21   1.21572577439113     
          23          22   1.31175635899540     
          24          23  0.968508514267309     
          25          24   1.37615565876354     
          26          25   1.44956931783649     
          27          26   1.36063332462354     
          28          27   1.02869908129111     
          29          28   1.54816752360376     
          30          29   1.17665928427972     
          31          30   1.12578385906701     
          32          31   1.35786091331079     
          33          32   1.42056262569682     
          34          33   1.44703719488995     
          35          34   1.33151806019935     
          36          35   1.17282284560582     
          37          36   1.66242666669252     
          38          37   1.17118107576870     
          39          38   1.32885139776292     
          40          39   1.44735755085003     
          41          40   1.42053884472217     
          42          41   1.35108324232094     
          43          38   1.23354141650749     
          43          42   1.21067187398318     
          44          31   1.22589586038499     
          44          35   1.22899940368242     
          44          43   1.20808840771299     
          45          30   1.38779004991638     
          45          42   1.14759186507042     
          46          28   1.12241311122978     
          46          45   1.08421379505275     
          47          46  0.948456247410699     
          48          47   1.39361430646265     
          49          48   1.43171054829737     
          50          49   1.43162793840979     
          51          50   1.42741183976991     
          52          47   1.38329001287743     
          52          51   1.43494561159666     
          53          27   1.35275222934979     
          54          24   1.37156765219330     
          54          53   1.45472814996265     
          55          23   1.31174864153007     
          56          55   1.21577822068909     
          57          56   1.59683543376306     
          58          57   1.26520638329218     
          59          58   1.59645998266772     
          60          16   1.31039181714215     
          60          55   1.17452193754978     
          60          59   1.21643233769795     
          61           5   1.37388063372491     
          61          15   1.38621422151468     
          62           4   1.37493857087169     
          63           1   1.42616217424437     
          63          62   1.44174160682584     
          64           1  0.947497195807626     
          65           2  0.946563915215555     
          66           3  0.947017686611954     
          67           6  0.944509181121218     
          68           9  0.947009554640800     
          69          10  0.946569280137750     
          70          11  0.947495985061066     
          71          12  0.946576404766519     
          72          13  0.947003800744931     
          73          14  0.944987793193509     
          74          18  0.940707579377431     
          75          19  0.945504398045027     
          76          20  0.945413849340010     
          77          21  0.941022458099660     
          78          25  0.944876924707983     
          79          26  0.941676867012609     
          80          32  0.944739284081448     
          81          33  0.944127240410332     
          82          34  0.944553729662731     
          83          36  0.941596090146948     
          84          37  0.941614708031784     
          85          39  0.944196387368590     
          86          40  0.943910423801464     
          87          41  0.938416760152031     
          88          48  0.946962052014596     
          89          49  0.944880470958576     
          90          50  0.945902186919314     
          91          51  0.944777093278390     
          92          52  0.946983885771419     
          93          53  0.944242667897976     
          94          54  0.944467125248880     
          95          56  0.941101430241242     
          96          57  0.945556546424463     
          97          58  0.945523313381876     
          98          59  0.940599398699879     
          99          61  0.945066506724309     
         100          62  0.947066161582697     
         101          63  0.946594014060736     
