 -0.100194320429633     
  2.744656496631404E-002
 -0.101688907969985     
 -0.101608176240974     
 -1.161929850283094E-002
 -4.359196042574620E-002
 -3.511885534948167E-002
 -1.456945979654201E-002
 -1.391083077918509E-002
 -4.554562416568686E-002
  1.918679426497150E-002
  5.768381573500569E-003
 -4.303353598166559E-002
 -2.644937394773450E-003
  5.119790138528924E-003
 -2.102657373419259E-002
 -2.575798292486819E-002
  2.122301510317204E-002
 -0.181349864454234     
  1.885911355687231E-002
 -4.699771981370304E-002
 -3.184935382613219E-003
  4.454426216805363E-003
 -2.132749524334532E-002
 -2.595972988739703E-002
  2.130565110307581E-002
 -0.180594850084675     
  1.937238394485030E-002
 -4.329069142040165E-002
 -1.185425924346006E-002
 -4.420019621954285E-002
 -4.211080868035211E-002
  3.422361038225485E-002
 -2.607033246771007E-002
 -4.424344896979893E-002
 -2.702499389764945E-002
 -3.609808142869930E-002
 -4.754535251047010E-002
 -3.883589929116393E-002
 -4.366084611651821E-002
  3.612385401539431E-002
 -9.237643613278745E-002
  6.566970731946187E-002
 -3.984133889052099E-002
 -2.524162966616394E-002
 -3.992900112605291E-002
  6.556074165477588E-002
 -9.333144991268583E-002
  3.534326780897068E-002
 -4.489233424721828E-002
 -3.998352546419781E-002
 -4.860296825501287E-002
 -3.637962653910254E-002
 -2.803447951868421E-002
 -2.855764729030863E-002
 -3.661532293238334E-002
 -4.823675564997476E-002
 -3.866291655481469E-002
 -4.368749517415882E-002
  3.545941350550796E-002
 -3.992627448432007E-002
 -1.470857335074882E-002
 -4.402619023961662E-002
 -1.003619492231600E-002
  2.754935123227398E-002
 -0.101856574576036     
 -0.102009019721799     
 -9.983366187838083E-002
 -4.418644389862081E-002
 -3.508022569883185E-002
 -1.567807340244975E-002
  3.563202683664346E-002
  3.607770000425159E-002
  3.343855234919546E-002
  3.188325373786771E-002
  3.541870997869312E-002
  3.365532475527910E-002
  3.192353990875940E-002
  3.520369375017363E-002
  3.374411090912721E-002
  4.220176164010148E-002
  4.175473600660129E-002
  4.307712580717504E-002
  4.384203115717633E-002
  3.886203321817350E-002
  4.079361226527822E-002
  5.032586845612952E-002
  5.152433445310767E-002
  3.927950275054837E-002
  3.882250497333195E-002
  4.079138763464396E-002
  5.044231452285974E-002
  5.174696115347976E-002
  4.307506084712309E-002
  4.644679015807018E-002
  4.371004026401282E-002
  4.368223156829965E-002
  4.213806286055410E-002
  4.033731404917951E-002
  4.355916426317707E-002
  4.151690245599959E-002
  4.357339139144056E-002
  5.075225468636946E-002
  4.331458885321016E-002
  4.032770084060311E-002
  4.304629909804802E-002
  4.004345687076727E-002
  4.218638128041696E-002
  4.186378693241732E-002
  4.002854726968841E-002
  4.378537870538068E-002
  4.148348076910480E-002
  4.323915631483211E-002
  4.174330892156952E-002
  3.641697172671132E-002
  3.162640215202417E-002
  3.345285106780438E-002
  3.183332351983326E-002
  3.485354871089275E-002
  3.543344730949949E-002
  3.510236239585895E-002
  3.393534526313957E-002
  3.576058045883423E-002
  4.347877511439679E-002
  4.152006915989692E-002
