 -0.100251940701935     
  2.773944980017662E-002
 -0.101947118889276     
 -0.101776761870165     
 -2.226383210110772E-002
 -4.525233009119312E-002
 -4.422442365761636E-002
  3.239003630109494E-002
 -2.577246135185085E-002
 -4.555669427004716E-002
 -2.568399410311262E-002
 -4.541441713287320E-002
 -2.222610687606608E-002
  2.768863085080442E-002
 -0.101897988013096     
 -0.101930788951804     
 -0.100130122707857     
 -4.626075648142258E-002
 -4.342206007387794E-002
  3.311406145564044E-002
 -9.503390867281603E-002
  7.217737094373966E-002
 -4.642342076970962E-002
 -4.665688338881147E-003
  0.152945605094875     
 -0.221381484466558     
 -5.268823479253726E-003
 -6.583012981862701E-003
 -1.705778617425580E-002
  2.901342728356893E-002
 -0.177217216630754     
  2.039665632412024E-002
 -3.480350786399367E-002
  7.387784141603859E-002
 -9.347995682577537E-002
  3.397473185104216E-002
 -4.190433898112644E-002
 -4.573913915496153E-002
 -2.252724079550195E-002
  2.764827993619212E-002
 -0.100325283297892     
 -0.101901430311866     
 -0.102037095029152     
 -4.585374366759609E-002
 -2.610389817039405E-002
 -2.550151877302032E-002
 -4.546894814284563E-002
 -2.266738205928487E-002
  2.762361093191412E-002
 -0.102050241299266     
 -0.101979527278449     
 -0.100101175850848     
 -4.690194541937132E-002
 -4.397421784948197E-002
  3.313736999416905E-002
 -3.691404976267076E-002
  3.315672893946409E-002
  3.526120148886513E-002
  3.544731594460271E-002
  3.565661708710444E-002
  3.334647066371654E-002
  3.142797387844654E-002
  3.138220750839193E-002
  3.550879751524916E-002
  3.353040160244125E-002
  4.636972364548653E-002
  4.372907038221652E-002
  4.426581017622022E-002
  4.429237666251928E-002
  3.515999209645082E-002
  3.361138654687301E-002
  3.150888581130273E-002
  3.361109041866084E-002
  3.529295481682448E-002
  3.157269030447518E-002
  3.320813340094064E-002
  3.539819660903853E-002
  3.544148381339751E-002
  4.532134443249614E-002
  4.345926749577034E-002
  4.863758066606039E-002
  4.619200766740084E-002
  4.312579994524868E-002
  5.347145162414468E-002
  5.435974413961608E-002
  5.091302620691374E-002
  4.399099292371889E-002
  4.536723036513080E-002
  3.309751325860988E-002
  3.547054237581659E-002
  3.531333725164054E-002
  3.374083059959809E-002
  3.554439450141589E-002
  3.130920995426079E-002
  3.136043729435745E-002
  3.343397522448899E-002
  3.529380865820209E-002
  4.405789605059429E-002
  4.431151270448230E-002
  3.510540461659051E-002
  3.359733465295356E-002
  3.147310321522190E-002
  3.148779834570214E-002
  3.518149360741474E-002
  3.377074401148794E-002
  3.539788277241662E-002
  3.313793059022552E-002
  3.556228726762378E-002
  4.504846665710260E-002
  4.268228384959694E-002
  4.775456489844421E-002
