 -0.124807622599261     
  9.807830764689918E-002
 -2.808010788688620E-002
 -2.376763257652215E-002
 -2.920329333739247E-002
  9.715455831620501E-002
 -0.125568783732609     
  7.036994034213429E-002
 -8.056880016308643E-002
  7.117878876246264E-002
 -7.587292550002633E-002
  7.119441157764062E-002
 -8.144088953325213E-002
 -3.319204669119635E-002
 -8.145497698212623E-002
 -5.158264010348912E-003
 -7.759257879045744E-002
 -3.323676682259080E-002
 -4.624183200890730E-002
 -3.253471677814446E-002
 -5.466787688705210E-002
  5.986614137566182E-002
 -8.689539300547722E-002
  6.252675057860246E-002
 -2.776209390906725E-002
 -2.932342673360377E-002
 -3.357517101520902E-002
 -2.958236671479142E-002
 -2.747479338728720E-002
  6.504063894467293E-002
 -7.948332991740870E-002
  6.250660649878981E-002
 -0.121641102026897     
  5.512853980357413E-002
 -4.311511193686091E-002
 -3.449712158772300E-002
 -4.863501567369344E-002
 -3.551886270289728E-002
 -4.569000883991414E-002
  5.532052783944774E-002
 -4.263440073594005E-002
 -3.367214588326117E-002
 -4.679106181338977E-002
 -3.471213700570530E-002
 -4.506381763591349E-002
 -7.844361305504322E-002
  6.741803059155060E-002
 -0.104001129262187     
 -5.206429827608439E-003
 -7.760440228460741E-002
 -3.329258435287930E-002
 -4.625562968232888E-002
 -3.253281626399485E-002
 -5.469261285529470E-002
  5.985629354626454E-002
 -8.687602979019893E-002
  6.254395158839721E-002
 -2.777698070827128E-002
 -2.933374013998513E-002
 -3.357609822851337E-002
 -2.957354692116620E-002
 -2.745223955311271E-002
  6.503988004858874E-002
 -7.957832235900941E-002
  6.252214041445603E-002
 -0.121577994876895     
  5.513059191861869E-002
 -4.306662990418797E-002
 -3.449371062422468E-002
 -4.863109826251666E-002
 -3.552237798209834E-002
 -4.568398722361522E-002
  5.533064726856907E-002
 -4.506122587143668E-002
 -3.470495757319725E-002
 -4.677997487384111E-002
 -3.367351020416365E-002
 -4.261809975578146E-002
 -7.856724444049323E-002
  6.741162988396709E-002
 -0.104014148704926     
 -8.048124124476264E-002
  7.040485225550608E-002
  9.807077203931502E-002
 -0.124833816912632     
 -2.808948155732605E-002
 -2.379388648191583E-002
 -2.920121261383279E-002
  9.712092268615624E-002
 -0.125573906906149     
  5.074615788873105E-002
  5.696752299326091E-002
  5.091927687249675E-002
  3.681119157921298E-002
  5.905056461380898E-002
  4.895613691205325E-002
  3.961048765069575E-002
  4.279699143303584E-002
  3.889407053824712E-002
  4.056943140420111E-002
  4.296623982423409E-002
  4.005392756424087E-002
  4.321429044103653E-002
  4.062746866706113E-002
  4.102522251265517E-002
  4.050517418391686E-002
  4.199573536792434E-002
  3.782856253464262E-002
  4.125732306325747E-002
  3.782450724760189E-002
  3.941105205549944E-002
  4.179535201308271E-002
  3.817487174298928E-002
  4.126626831910651E-002
  3.757571186450437E-002
  3.841476878522376E-002
  4.901573669192549E-002
  3.960821938905934E-002
  4.279627789079821E-002
  3.888967259404630E-002
  4.056765557805075E-002
  4.296145586878597E-002
  4.005190468169972E-002
  4.322118682185760E-002
  4.063680927848146E-002
  4.104151395332356E-002
  4.054861948664812E-002
  4.200591460748837E-002
  3.782729803769647E-002
  4.125799450495138E-002
  3.782018665968001E-002
  3.757898475042210E-002
  4.127018647256497E-002
  3.817551597601021E-002
  4.179233386438830E-002
  3.941134926539902E-002
  3.843440821234723E-002
  5.074597556935312E-002
  5.696905763878946E-002
  5.091966632911871E-002
