 -2.420079899621541E-002
  2.226782922314463E-002
 -0.180935823251751     
  1.887170716753062E-002
  5.269927954118625E-003
 -2.648822714927057E-003
 -2.613184497015197E-002
  4.656177846617515E-002
 -0.188490730815744     
  5.034422388014859E-002
  4.834243464017618E-003
 -2.100756716659902E-002
 -2.469083033609198E-002
  6.093100380805927E-002
 -0.126814780650973     
  4.621986391135824E-002
 -5.678982013841338E-002
 -4.412575920382000E-002
 -4.762017426012211E-002
 -4.584674989989335E-002
  7.492351663072006E-002
 -0.138296283255106     
  7.452458432057796E-002
 -4.597839053189468E-002
 -4.758790202054719E-002
 -4.331251970497085E-002
 -5.536267813865869E-002
  4.617142641454031E-002
 -3.918676762615370E-002
  2.374505825761375E-003
  2.381843982965925E-003
 -3.920420093741850E-002
  6.093417777810961E-002
 -0.126788226701319     
  4.622677060326597E-002
 -5.677746838351450E-002
 -4.409746673583470E-002
 -4.761113441063980E-002
 -4.583163610089880E-002
  7.491445947713649E-002
 -0.138297523983282     
  7.455113560212512E-002
 -4.597798242101359E-002
 -4.759615101423442E-002
 -4.334489815215559E-002
 -5.539370095479779E-002
  4.617217159645293E-002
 -2.467881109002334E-002
 -2.101359600150587E-002
  4.823022271873700E-003
  5.033766189486144E-002
 -0.188514705408005     
  4.655895467916737E-002
 -2.613173883441089E-002
 -2.636039201266982E-003
  5.265003670459567E-003
 -1.831652867418132E-002
 -2.421379861861173E-002
  2.226488160857043E-002
 -0.180915152315493     
  1.888476590438470E-002
 -1.830132982373289E-002
  4.226210233745364E-002
  5.103138098926152E-002
  5.043762640493132E-002
  4.598794985263088E-002
  5.540868284061873E-002
  4.644853299953700E-002
  4.310040571984775E-002
  4.352247522663610E-002
  4.292336151607790E-002
  4.118525106529958E-002
  4.109603080643842E-002
  4.295638953213365E-002
  4.397355137325565E-002
  4.338634697987109E-002
  4.805476810853659E-002
  4.806734642582478E-002
  4.307532481850329E-002
  4.353587775896983E-002
  4.292511466897719E-002
  4.118610413007184E-002
  4.109544198359472E-002
  4.294614388371742E-002
  4.395179561589380E-002
  4.341011689777519E-002
  4.645022109929475E-002
  5.541539906510540E-002
  4.599152400545892E-002
  4.224214313302799E-002
  4.225218474824333E-002
  5.103293148010679E-002
  5.045819679674401E-002
  4.225015104502661E-002
