           2           1   1.83222974623339     
           3           2  0.974725063751735     
           4           3   1.36723576541470     
           5           4   1.44271451644481     
           6           5   1.42462921112217     
           7           6   1.42245803193205     
           8           3   1.36347219633598     
           8           7   1.44577547760199     
           9           2  0.969440460474422     
          10           9   1.23967287597470     
          11          10   1.57418649683469     
          12          11   1.25004152796963     
          13          12   1.27779758895287     
          14          13   1.43073633373060     
          15          14   1.09724852635438     
          16          15   1.32308138927238     
          17          16   1.48633665402713     
          18          17   1.33093123243678     
          19          18  0.976716620235434     
          20          19   1.00605389505055     
          21          20   1.39066844139075     
          22          21   1.41808425529880     
          23          22   1.43978417924795     
          24          23   1.41294269654896     
          25          20   1.30543996058005     
          25          24   1.40908647915441     
          26          25   1.00904193926088     
          27          26   1.00828295357407     
          28          27   1.40929253175173     
          29          28   1.41283573616631     
          30          29   1.43993798555972     
          31          30   1.41815390960679     
          32          19   1.00609451820161     
          32          27   1.30572839963802     
          32          31   1.39097370803788     
          33          18   1.41656018639661     
          34          15   1.27852071219814     
          34          33   1.35084347452922     
          35          34   1.06856350420395     
          36          35   1.35001475881048     
          37          36   1.41730283002797     
          38          37  0.976176265091733     
          39          38   1.00619147504064     
          40          39   1.39081670973865     
          41          40   1.41788547408425     
          42          41   1.44000631372068     
          43          42   1.41272253712318     
          44          39   1.30533340316320     
          44          43   1.40933330154229     
          45          44   1.00887584404141     
          46          45   1.00828841806691     
          47          46   1.40942582058625     
          48          47   1.41266836083996     
          49          48   1.44010324316505     
          50          49   1.41800096624576     
          51          38   1.00615244689125     
          51          46   1.30563591354111     
          51          50   1.39107398559262     
          52          37   1.33149074752184     
          53          52   1.48542345601118     
          54          35   1.27971052535798     
          54          53   1.32448491725046     
          55          14   1.15436320714083     
          55          54   1.09454298148793     
          56          55   1.43683454955457     
          57          12   1.17637747285741     
          57          56   1.26620736786733     
          58           9   1.48196421449047     
          58          57   1.26926412342158     
          59           4  0.945157681661074     
          60           5  0.946335622215819     
          61           6  0.947392844079271     
          62           7  0.946046422053309     
          63           8  0.947017005402642     
          64          10  0.944104717615000     
          65          11  0.941130764506375     
          66          16  0.939730034310313     
          67          17  0.943427291518161     
          68          21  0.940315832887883     
          69          22  0.943597832721067     
          70          23  0.944431142866893     
          71          24  0.945640938011752     
          72          28  0.945669356055906     
          73          29  0.944475632007518     
          74          30  0.943772065350625     
          75          31  0.940970070670290     
          76          33  0.940165247801540     
          77          36  0.940173782527439     
          78          40  0.940343073316995     
          79          41  0.943592840292380     
          80          42  0.944427448712455     
          81          43  0.945642686328381     
          82          47  0.945670555354323     
          83          48  0.944476195084618     
          84          49  0.943776428925720     
          85          50  0.940964544141537     
          86          52  0.943491950704565     
          87          53  0.939871378625458     
          88          58  0.940656945888069     
