 -8.259166309881572E-002
  5.901107371153902E-003
 -5.050392181229402E-002
  5.998839330217987E-002
 -9.319188339768036E-002
  3.546080235646887E-002
 -4.501336269227618E-002
 -4.044087325766021E-002
 -4.908387907239131E-002
 -3.659151693080620E-002
 -2.867994286679654E-002
 -2.881676057052296E-002
 -3.664238157549260E-002
 -4.885154264730307E-002
 -3.980406170270445E-002
 -4.443130849589849E-002
  3.553850840480255E-002
 -4.133682325968113E-002
 -3.495142909010784E-002
 -1.849698752646134E-002
 -1.585497815188752E-002
 -3.317284767802331E-002
 -4.024351879464483E-002
  5.901294250703737E-002
 -8.872964725177823E-002
  3.699576710239860E-002
 -4.195028535164980E-002
 -3.720295463223522E-002
 -4.597596413567206E-002
 -3.487255258265964E-002
 -2.883701443075548E-002
 -2.411098966347858E-002
 -3.841851903064963E-002
 -2.483336579341522E-002
  0.146854937933470     
 -0.239602655113480     
 -1.280839124405642E-002
 -2.411030041701778E-002
 -2.308317953308414E-002
  6.229538307539073E-002
 -0.118499742644010     
  5.053527266160929E-002
 -5.840861211846082E-002
 -3.793638927126164E-002
 -5.206420495223885E-002
 -4.465752720707794E-002
 -2.207303950539874E-002
  2.096724695350405E-002
 -0.102731128813253     
 -0.102521002446688     
 -2.257259256283461E-002
 -4.493157233938749E-002
 -5.159410235797690E-002
 -3.670509928056020E-002
 -5.668327719672206E-002
  5.019852161811267E-002
 -2.580716548437323E-002
 -3.384963526364881E-002
 -2.917658215693830E-002
 -3.465924639088325E-002
  4.307684252249278E-002
 -4.971833080030663E-002
  7.251746314911323E-003
 -8.195361243140020E-002
  4.340950493614548E-002
  3.919125667886747E-002
  4.407721401171605E-002
  3.887665779476468E-002
  4.017110488746489E-002
  4.282417643135317E-002
  3.996787342582242E-002
  4.206383065103725E-002
  4.199952046103084E-002
  4.003719969143094E-002
  4.311652204880934E-002
  4.046940330571891E-002
  4.304579752894222E-002
  4.514450585665786E-002
  4.613323792442692E-002
  4.332852560908096E-002
  4.128252757127393E-002
  4.398454682164399E-002
  4.100184044257760E-002
  4.257983016245448E-002
  4.828935040196225E-002
  4.981914919475605E-002
  4.256398498066061E-002
  3.863949698594005E-002
  4.181398109949408E-002
  3.893760676270697E-002
  4.315960416715503E-002
  3.348009873527047E-002
  3.369795651445207E-002
  3.407135191152777E-002
  3.363004812667347E-002
  3.431138315838256E-002
  3.336085275270639E-002
  4.294923975332121E-002
  3.901504641160392E-002
  4.273067629682181E-002
  3.995157761144330E-002
  4.182556461286047E-002
  4.740454763882740E-002
  5.246582640309982E-002
  4.450505571972585E-002
  3.868871572594745E-002
  3.889390526638847E-002
  4.425500468545029E-002
  4.453579174287492E-002
