           2           1   1.42839250655078     
           3           2   1.43665741942812     
           4           3   1.38288636731937     
           5           4  0.970998620700935     
           6           5   1.31124122221223     
           7           6   1.21620929121734     
           8           7   1.59664861973098     
           9           8   1.26523697596210     
          10           9   1.59666452801288     
          11           6   1.17468623123484     
          11          10   1.21618599392587     
          12          11   1.31130538900932     
          13          12  0.970819669650163     
          14          13   1.38296727789107     
          15          14   1.43664032468873     
          16          15   1.42840780194623     
          17          16   1.42843730183058     
          18          13   1.38300386828334     
          18          17   1.43660910468673     
          19          12   1.31126407840486     
          20          19   1.21619819810085     
          21          20   1.59664821824021     
          22          21   1.26525338670217     
          23          22   1.59663372266009     
          24           5   1.31120110562614     
          24          19   1.17470911334174     
          24          23   1.21621961955170     
          25           4   1.38292863005226     
          26           1   1.42841818679932     
          26          25   1.43662911756794     
          27           1  0.947427660579566     
          28           2  0.946279667660342     
          29           3  0.947208783995012     
          30           7  0.940895151739945     
          31           8  0.945581003567069     
          32           9  0.945580188804645     
          33          10  0.940904346336094     
          34          14  0.947214131180671     
          35          15  0.946279528666883     
          36          16  0.947427765284469     
          37          17  0.946279798928200     
          38          18  0.947214268164382     
          39          20  0.940902381269103     
          40          21  0.945580012872059     
          41          22  0.945580878182261     
          42          23  0.940889602125909     
          43          25  0.947209334754472     
          44          26  0.946280400181300     
