 -0.100139777059765     
  2.749819615367155E-002
 -0.102083326170757     
 -0.101847194920500     
 -1.105564777124446E-002
 -4.526246816762747E-002
 -3.584091995753091E-002
 -1.535551647078126E-002
 -1.391665920751617E-002
 -4.415560509889804E-002
  1.710943764631523E-002
  1.218898754785425E-003
 -4.221732217390350E-002
 -3.466191581726985E-002
 -3.899401679286907E-002
 -3.427272679461080E-002
 -4.157415531641639E-002
 -1.090996749805484E-002
 -4.426271236217438E-002
 -4.358532004552718E-002
  3.324631116782628E-002
 -2.661531260082040E-002
 -4.289755359414027E-002
 -2.655228329544990E-002
 -3.627336363202716E-002
 -4.848182972454040E-002
 -3.991866089090301E-002
 -4.464374848116481E-002
  3.588331378702758E-002
 -9.347438720015333E-002
  6.568926191676239E-002
 -3.899992018537368E-002
 -2.488983284769919E-002
 -3.979345514236865E-002
  6.580908631216875E-002
 -9.257803815010757E-002
  3.556540980600831E-002
 -4.565583161775688E-002
 -3.996574948555764E-002
 -4.842493639556800E-002
 -3.652749411679057E-002
 -2.826336945956598E-002
 -2.783870103543862E-002
 -3.623172353943449E-002
 -4.817807546889252E-002
 -3.973449235232263E-002
 -4.467702884015434E-002
  3.560194953467422E-002
 -3.927069163804475E-002
 -1.338681236719719E-002
 -4.433566011582890E-002
 -1.160591788546572E-002
  2.738949856335315E-002
 -0.101701752896139     
 -0.100138226487399     
 -0.102555803896800     
 -4.528293776158154E-002
 -3.577475263793239E-002
 -1.499924922874207E-002
  3.531213372286546E-002
  3.366609921192298E-002
  3.542354428406236E-002
  3.137217059588804E-002
  3.323612415309007E-002
  3.593576648988639E-002
  3.672092403619787E-002
  3.133124326405912E-002
  3.375481384739365E-002
  4.295101425536929E-002
  4.124402640861480E-002
  4.199983929566975E-002
  3.839953222103465E-002
  3.858970127240058E-002
  3.778818581058108E-002
  3.864980250031858E-002
  3.899317747906061E-002
  4.664610082822196E-002
  4.458852123229495E-002
  4.403876939193341E-002
  4.250508894903182E-002
  4.017676890719202E-002
  4.313912488391414E-002
  4.027314585760011E-002
  4.331010437385308E-002
  5.091012187854604E-002
  4.360195898671482E-002
  4.233764751778935E-002
  4.417507292241096E-002
  3.990961050657793E-002
  4.199175040386338E-002
  4.219255178607650E-002
  4.015478053207122E-002
  4.311631636447055E-002
  4.057482818102454E-002
  4.222828386608468E-002
  4.180522013516774E-002
  3.170769009002750E-002
  3.665855224112535E-002
  3.387048290599093E-002
  3.372731832201048E-002
  3.537309927582333E-002
  3.539388657530351E-002
  3.331050039161265E-002
  3.139671069897609E-002
  3.589783392564494E-002
  4.297480525271458E-002
  4.143673492167643E-002
