           2           1  0.976244425524943     
           3           2  0.965712250739017     
           4           2  0.966150921544388     
           5           2  0.938531914131983     
           6           5   1.40046094600303     
           7           6   1.42947981300825     
           8           7   1.38133794544493     
           9           8   1.29891137185554     
          10           5   1.36598606368855     
          10           9   1.44227981347282     
          11           9  0.924549840119207     
          12          11  0.922437759354342     
          13          12   1.39090571091667     
          14          13   1.43676239899070     
          15          14   1.42679149581871     
          16          15   1.43160174365707     
          17          12   1.39856613731732     
          17          16   1.43162230670087     
          18          11  0.924232598723612     
          19          18   1.36129177261353     
          20          19   1.45296179149928     
          21          20   1.36910012194708     
          22          21   1.26196339283716     
          23          18   1.41868880479647     
          23          22   1.35787291738411     
          24          22   1.08544601981533     
          25          24   1.35506418570792     
          26          25   1.45903348938173     
          27          26   1.39533811753874     
          28          27   1.45063911245797     
          29          24   1.26347836168378     
          29          28   1.37085445465055     
          30          21   1.05460297554491     
          30          29   1.05467091437725     
          31          30  0.974594491740222     
          32          31   1.38169721807126     
          33          32   1.43220756775071     
          34          33   1.43524226428592     
          35          34   1.37761930167643     
          36          35  0.978522679665204     
          37          36   1.05440770388824     
          38          37   1.37036430419213     
          39          38   1.45121260342023     
          40          39   1.39480739836655     
          41          40   1.46002787942463     
          42          37   1.26525441534147     
          42          41   1.35374852942416     
          43          42   1.08764785684978     
          44          43   1.35373856297410     
          45          44   1.46015559273948     
          46          45   1.39470143199277     
          47          46   1.45126802273255     
          48          36   1.05388935603544     
          48          43   1.26529006247077     
          48          47   1.37021086205742     
          49          31   1.38975475263802     
          49          35   1.39026467997630     
          50          11  0.924194502378060     
          51          50   1.44112224907045     
          52          51   1.36649611785283     
          53          52  0.938416747766911     
          54          53  0.966908882422702     
          55          53  0.976188292170720     
          56          53  0.964913381389927     
          57          52   1.40000580263803     
          58          57   1.42987768744960     
          59           8   1.03843317681312     
          59          50   1.29950120945590     
          59          58   1.38095684567230     
          60           1  0.977474688395682     
          61           1  0.978163535315274     
          62           1  0.977614365558231     
          63           3  0.978017062432691     
          64           3  0.978243267346606     
          65           3  0.976100028025590     
          66           4  0.975890214616703     
          67           4  0.978032776107005     
          68           4  0.978277712602681     
          69           6  0.942972706117273     
          70           7  0.943491212401285     
          71          10  0.941573587920503     
          72          13  0.945109798836054     
          73          14  0.946041364162353     
          74          15  0.946680458886738     
          75          16  0.946083495647860     
          76          17  0.944787147589333     
          77          19  0.940737306003821     
          78          20  0.939348322094302     
          79          23  0.941657285467111     
          80          25  0.944604196721320     
          81          26  0.945044838427038     
          82          27  0.944762194478855     
          83          28  0.943743905282354     
          84          32  0.944782722710371     
          85          33  0.941217450618122     
          86          34  0.944477369451250     
          87          38  0.941168223106085     
          88          39  0.943783609887973     
          89          40  0.945073362827199     
          90          41  0.944752859957670     
          91          44  0.944671204877030     
          92          45  0.945041441196924     
          93          46  0.944752024102314     
          94          47  0.943326664217383     
          95          49  0.944853289874001     
          96          51  0.941910457098876     
          97          54  0.978039389603957     
          98          54  0.975725265171358     
          99          54  0.978346706246025     
         100          55  0.978158347352157     
         101          55  0.977260124594120     
         102          55  0.977788072177053     
         103          56  0.977321898691495     
         104          56  0.977920300181612     
         105          56  0.976231406566157     
         106          57  0.942960562135767     
         107          58  0.943478820977157     
