 -3.166463334480873E-002
 -2.527418224955458E-002
 -2.576416861468989E-002
  2.654132885044369E-002
  0.110038181109033     
 -0.216873598393516     
  0.110048770789021     
  2.654137327860084E-002
 -2.625858492111277E-002
 -2.545007103507935E-002
 -3.166492094630602E-002
 -2.527450378821960E-002
 -2.575855533145788E-002
 -0.217971917819207     
  0.111631574950658     
  2.270959370155357E-002
 -2.030868360036919E-002
 -2.734646379930439E-002
  6.397916765634148E-002
 -9.032154824978544E-002
  3.539270406122164E-002
 -4.156810235289043E-002
 -4.205353938536849E-002
 -1.106364454709485E-002
 -6.898102919937088E-003
 -4.281452581812584E-002
 -3.579320298837452E-002
  6.490316350031922E-002
 -0.109778925044238     
  6.611678092111584E-002
 -3.728263314884650E-002
 -3.836698868957811E-002
 -4.239885418764366E-002
 -3.431304072494878E-002
 -2.246188826437479E-002
 -2.230512800347473E-002
 -3.930426497515338E-002
 -3.936190961254304E-002
 -2.452637608205599E-002
 -2.452221113906905E-002
 -3.938703729329696E-002
 -1.104837555519644E-002
 -6.887637462573259E-003
 -4.280764314437313E-002
 -3.579270387936440E-002
  6.490691483571620E-002
 -0.109785181191375     
  6.611631460510825E-002
 -3.727975489738267E-002
 -3.836724001783409E-002
 -4.239756272758299E-002
 -3.431148681722807E-002
 -2.246017536274891E-002
 -2.230525533085181E-002
 -3.932808367422336E-002
 -4.203502612970667E-002
 -4.155798123456123E-002
  3.541359288771950E-002
 -2.742971320152332E-002
 -2.035771785984775E-002
 -0.217965381239226     
 -2.625044280767064E-002
 -2.544822902979860E-002
  4.157630238119070E-002
  4.040957114493715E-002
  4.599222316791407E-002
  4.559829384218284E-002
  4.031481074836341E-002
  4.157577680302105E-002
  4.040872856739353E-002
  4.598876861431500E-002
  5.274351779324293E-002
  4.397145630808152E-002
  4.429756595999135E-002
  4.511693605883904E-002
  4.399319334607477E-002
  4.275595909715735E-002
  4.016351003880603E-002
  4.319098224884477E-002
  4.113856405701866E-002
  4.326842580833490E-002
  4.375027537432530E-002
  4.351688424410383E-002
  4.352381068621169E-002
  4.399609568281937E-002
  4.275768409994929E-002
  4.016070055056042E-002
  4.319202420644497E-002
  4.113998030212784E-002
  4.326657409120305E-002
  4.376115246675294E-002
  4.512470403702551E-002
  4.428580254658321E-002
  4.397541464385890E-002
  5.274379006733187E-002
  4.559449912215463E-002
  4.031435957940055E-002
