 -0.217515254919516     
  9.116005605776367E-002
  4.791008273012043E-003
  9.114837291541722E-002
 -0.217585763627942     
  2.238112192119646E-002
 -1.237220116209237E-002
 -2.832541637456565E-002
 -3.683204481757230E-002
  6.570377046761866E-002
 -0.116843103073855     
  5.375777536428394E-002
 -4.266258250464183E-002
 -3.301871282892943E-002
 -4.234216901121535E-002
 -3.148323131948860E-002
 -4.025244101797476E-002
  5.285317980114135E-002
 -4.222321897746184E-002
 -3.240897600481407E-002
 -4.161405504324467E-002
 -3.046583565883765E-002
 -4.000711041901184E-002
 -4.148880126916499E-002
 -3.403648774010382E-002
 -1.254634339634997E-002
 -2.835221115214637E-002
 -3.712460628740200E-002
  6.558856623838727E-002
 -0.117014161315044     
  5.376473778775637E-002
 -4.272820804869149E-002
 -3.307760359175482E-002
 -4.241319251077691E-002
 -3.150882596244031E-002
 -4.029214912463086E-002
  5.287231129875058E-002
 -4.219269146954385E-002
 -3.244067230647474E-002
 -4.158619141252995E-002
 -3.046061919882792E-002
 -3.981142354977418E-002
 -4.164532114121666E-002
 -3.403726195677859E-002
  5.055882814811430E-002
  4.493543964390689E-002
  3.752395263699226E-002
  4.203686644564497E-002
  3.938075167779009E-002
  4.277515389462783E-002
  3.905455217275333E-002
  3.774144322020700E-002
  4.224611083806007E-002
  3.949363640315429E-002
  4.360884981177049E-002
  3.930911748626065E-002
  4.288105390246544E-002
  4.606224467660325E-002
  5.031316877493552E-002
  4.488258666812883E-002
  3.751457984576823E-002
  4.200964863218637E-002
  3.935964260358316E-002
  4.276323516509106E-002
  3.903799142559461E-002
  3.772306306070572E-002
  4.222836019309362E-002
  3.948627571815078E-002
  4.361687241221290E-002
  3.936340730660293E-002
  4.286923384701602E-002
  4.591192145805445E-002
