 -9.042759777880871E-002
 -5.019829847127788E-002
 -6.511850587490731E-002
 -5.401912374623752E-002
 -5.713104323758955E-002
 -6.170202219617682E-002
 -4.858683658055707E-002
  1.693636308070801E-002
 -9.023477104214450E-002
  3.036524084964043E-002
 -4.856188948689955E-002
 -4.283321423624376E-002
 -5.259807053619614E-002
 -3.908161161767598E-002
 -2.917760930144109E-002
 -2.723334679238310E-002
 -5.742846730397844E-002
  4.992047398803878E-002
 -8.360540729761112E-002
  0.174145036219151     
 -0.299603651960771     
  0.203535561903268     
 -9.926920127638805E-002
  2.543703538705833E-002
 -0.289498795753576     
  0.205525592776134     
 -9.830214209237464E-002
  2.575280017932835E-002
 -0.270043084663455     
 -4.246089669652431E-002
 -4.116458058891226E-002
  2.330514382591931E-002
  3.484004805645657E-002
  2.791894073847190E-002
  3.310928542664726E-002
  2.453382601729281E-002
  2.364410391485838E-002
  2.522043137393681E-002
  2.769469416233949E-002
  2.394978132523284E-002
  3.036219123584238E-002
  2.898495179219673E-002
  3.141292501645609E-002
  2.816756476376425E-002
  3.153495382701965E-002
  4.138239549374312E-002
  3.024417737175134E-002
  4.784508708064827E-002
  5.003858162996566E-002
  3.881776226954570E-002
  4.208685466153117E-002
  3.925227974831447E-002
  4.082176272679849E-002
  3.771566101142865E-002
  0.158692343102238     
  4.741670484810034E-002
  4.719465602211426E-002
  4.673136251487731E-002
  4.630465712088605E-002
  4.839410267832334E-002
  4.829107005830657E-002
  5.395207509213651E-002
  4.680168924167871E-002
