           2           1   2.82558957595143     
           3           2   1.05440631060593     
           4           3   1.29667125031557     
           5           4  0.995333801457148     
           6           5   1.03494662285352     
           7           6   1.37588936100874     
           8           7   1.44449106824570     
           9           8   1.40033021333793     
          10           9   1.45645170203083     
          11           6   1.27039709520130     
          11          10   1.35630934564226     
          12          11   1.08109392971623     
          13          12   1.35655968096872     
          14          13   1.45608287402543     
          15          14   1.40063976899811     
          16          15   1.44497674733225     
          17           5   1.03754187181167     
          17          12   1.27070942113187     
          17          16   1.37664723638679     
          18           4   1.34170894425535     
          19          18  0.995274645826072     
          20          19   1.03756088030414     
          21          20   1.37663794271270     
          22          21   1.44499205444453     
          23          22   1.40063082698504     
          24          23   1.45608715952011     
          25          20   1.27071153958116     
          25          24   1.35655718101495     
          26          25   1.08108948148159     
          27          26   1.35631428750762     
          28          27   1.45644924735936     
          29          28   1.40032879621827     
          30          29   1.44449335847567     
          31          19   1.03495385584455     
          31          26   1.27038622587790     
          31          30   1.37588199499163     
          32          18   1.29671603785010     
          33          32   1.05442404244316     
          34          33   2.82557443856515     
          35          32   1.29660371748800     
          36          35  0.995442739384242     
          37          36   1.03487302925412     
          38          37   1.37589475496060     
          39          38   1.44448102946566     
          40          39   1.40034020007936     
          41          40   1.45644810176169     
          42          37   1.27042421403665     
          42          41   1.35630408683411     
          43          42   1.08108379615175     
          44          43   1.35657915954935     
          45          44   1.45606741009727     
          46          45   1.40065209041334     
          47          46   1.44496519506341     
          48          36   1.03752346767451     
          48          43   1.27070592487575     
          48          47   1.37665772750099     
          49           3   1.29665286075958     
          49          35   1.34164811078601     
          50          49  0.995400313809368     
          51          50   1.03488133253636     
          52          51   1.37590160243516     
          53          52   1.44447420606062     
          54          53   1.40034622970721     
          55          54   1.45643946642526     
          56          51   1.27040682881036     
          56          55   1.35631611682201     
          57          56   1.08107908257535     
          58          57   1.35657318813072     
          59          58   1.45607234824861     
          60          59   1.40064373355161     
          61          60   1.44497953765476     
          62          50   1.03753364340483     
          62          57   1.27071387881981     
          62          61   1.37664658823551     
          63           7  0.941716990013924     
          64           8  0.944562745633967     
          65           9  0.944804340021175     
          66          10  0.944651357367782     
          67          13  0.944736810136314     
          68          14  0.944931566977406     
          69          15  0.944536181959359     
          70          16  0.943104101122076     
          71          21  0.943115828716546     
          72          22  0.944536865504618     
          73          23  0.944932757028628     
          74          24  0.944737717622957     
          75          27  0.944651220173135     
          76          28  0.944804407781294     
          77          29  0.944562563052627     
          78          30  0.941724904095814     
          79          38  0.941697475389243     
          80          39  0.944561113268647     
          81          40  0.944802963043514     
          82          41  0.944651952986129     
          83          44  0.944735599310922     
          84          45  0.944931594832722     
          85          46  0.944534834559972     
          86          47  0.943109291077234     
          87          52  0.941709469139786     
          88          53  0.944561051640438     
          89          54  0.944802934926592     
          90          55  0.944651466914269     
          91          58  0.944736740734881     
          92          59  0.944932569904486     
          93          60  0.944535154351295     
          94          61  0.943113901583301     
