 -0.196282248031472     
  0.105942081075970     
  4.424857726993858E-002
  0.103951873390412     
 -0.198826765083647     
  4.773269207093200E-003
  1.113078373418253E-002
  9.475048487485394E-002
 -0.124764597909151     
 -2.995677555060361E-002
  2.086881005303542E-002
 -3.956350175342571E-003
 -3.475030356108455E-002
 -3.815180028999521E-002
  1.473762800194844E-003
 -3.659753307490554E-002
 -3.181887051533661E-002
 -1.138524774032312E-003
 -3.701679963084370E-002
 -2.929527158129730E-002
 -3.625682810591435E-002
 -1.553008435767111E-003
 -3.120143045384172E-002
 -4.155933920918731E-002
  8.462961871735786E-005
 -6.149762137233061E-003
 -8.047545998747019E-003
 -2.633084257938201E-002
  9.807997574670901E-002
 -0.117944781755725     
  6.743001968965023E-002
  4.974720616188211E-002
  4.229908927542803E-002
  4.279379864380717E-002
  4.132253482746207E-002
  4.171027676169159E-002
  3.933224338527941E-002
  4.235605731610659E-002
  3.980261732015511E-002
  4.270492125699843E-002
  4.463730930830645E-002
  5.215905713558378E-002
