           2           1  0.976191655702917     
           3           2  0.965922415634139     
           4           2  0.966642059770584     
           5           2  0.935537538534263     
           6           5   1.35685526161389     
           7           6   1.46567681454707     
           8           7   1.35859123839480     
           9           8   1.31557298359940     
          10           5   1.42325950551034     
          10           9   1.36573164496449     
          11           9  0.967808919410474     
          12          11  0.968887413936068     
          13          12   1.35452350440489     
          14          13   1.43574294048343     
          15          14  0.935694810712200     
          16          15  0.965911673865037     
          17          15  0.965942101015528     
          18          15  0.976701226798614     
          19          14   1.34491295969263     
          20          19   1.47734912994604     
          21          12   1.32356482961964     
          21          20   1.34914099246220     
          22          21   1.03556834411780     
          23          22   1.05553911640429     
          24          23   1.37540420859934     
          25          24   1.39353377891371     
          26          25  0.947529031025457     
          27          26   1.02844812972209     
          28          27   1.35532206236894     
          29          28   1.45034439224509     
          30          29   1.41566690194090     
          31          30   1.43130716942490     
          32          27   1.33182940735179     
          32          31   1.40483594941400     
          33          32  0.924597563708192     
          34          33  0.927634781737197     
          35          34   1.40532581944908     
          36          35   1.43106555129068     
          37          36   1.41582379346611     
          38          37   1.45012456227020     
          39          26   1.02892824110995     
          39          34   1.33128948778256     
          39          38   1.35566889263429     
          40          33  0.925471603338086     
          41          40   1.40500929724092     
          42          41   1.43116181958457     
          43          42   1.41576116892244     
          44          43   1.45025633216492     
          45          40   1.33173324861905     
          45          44   1.35547032422556     
          46          45   1.02847104730811     
          47          46  0.947586047305849     
          48          47   1.39269029472006     
          49          48   1.37563421180364     
          50          49   1.29736046522587     
          51          50   1.29758313716775     
          52          47   1.39380468093116     
          52          51   1.37549454453152     
          53          51   1.05555327700734     
          54          53   1.03523908336652     
          55          54   1.34949686218910     
          56          55   1.47700086761662     
          57          56   1.34524072942934     
          58          57  0.935734136644112     
          59          58  0.965791892473785     
          60          58  0.966038250694950     
          61          58  0.976715659607424     
          62          57   1.43540187553600     
          63          54   1.32358277650244     
          63          62   1.35484161721134     
          64          50   1.01735165128249     
          64          63  0.968728965655795     
          65          64  0.968857294638476     
          66          65   1.35485934739583     
          67          66   1.43536344773350     
          68          67  0.935706777929410     
          69          68  0.965938783145222     
          70          68  0.976698149906343     
          71          68  0.965915839460592     
          72          67   1.34535278482564     
          73          72   1.47683968525715     
          74          65   1.32352066872769     
          74          73   1.34965016367566     
          75          49   1.05549871612006     
          75          74   1.03512468989097     
          76          46   1.02870898085883     
          77          76   1.35579436005225     
          78          77   1.44998276383972     
          79          78   1.41595643264318     
          80          79   1.43094557807726     
          81          33  0.926646380418847     
          81          76   1.33124693149625     
          81          80   1.40538158920394     
          82          25   1.39296605123204     
          83          82   1.37564700293259     
          84          11   1.01765731778143     
          84          23   1.29759627593692     
          84          83   1.29707305848809     
          85           8   1.03455366701410     
          85          83   1.05585686098735     
          86           1  0.977729621134038     
          87           1  0.977442990863720     
          88           1  0.978103072019037     
          89           3  0.978190558968430     
          90           3  0.976211921255230     
          91           3  0.978030068344887     
          92           4  0.978041975760971     
          93           4  0.978285869957830     
          94           4  0.975877792497239     
          95           6  0.942016559299268     
          96           7  0.943445165884919     
          97          10  0.936635689874485     
          98          13  0.936686704246908     
          99          16  0.978224594278691     
         100          16  0.976332066922855     
         101          16  0.977919037616124     
         102          17  0.976250281824331     
         103          17  0.978225437935755     
         104          17  0.977874709587674     
         105          18  0.977535935740832     
         106          18  0.977378491726468     
         107          18  0.978257162123007     
         108          19  0.941877270730997     
         109          20  0.943474586128782     
         110          24  0.944583043918153     
         111          28  0.941580298643535     
         112          29  0.943880213131230     
         113          30  0.944627418132650     
         114          31  0.943693571269892     
         115          35  0.943812710763043     
         116          36  0.944641352889796     
         117          37  0.943898585119250     
         118          38  0.941624654673671     
         119          41  0.943723283172464     
         120          42  0.944635056487420     
         121          43  0.943887963485920     
         122          44  0.941643779120831     
         123          48  0.944550577298173     
         124          52  0.944570493572807     
         125          55  0.943473266960661     
         126          56  0.941887289052374     
         127          59  0.976389570755843     
         128          59  0.977916086482910     
         129          59  0.978201997072579     
         130          60  0.978249577857759     
         131          60  0.976197071081245     
         132          60  0.977887188200672     
         133          61  0.978256666465604     
         134          61  0.977514911531177     
         135          61  0.977321378271658     
         136          62  0.936782736673860     
         137          66  0.936759630996029     
         138          69  0.978225476037841     
         139          69  0.976335153890525     
         140          69  0.977916586353461     
         141          70  0.978261560207799     
         142          70  0.977382826088690     
         143          70  0.977454447577332     
         144          71  0.976268937430007     
         145          71  0.977886911608895     
         146          71  0.978220743769269     
         147          72  0.941904666947956     
         148          73  0.943489026272436     
         149          77  0.941570960387818     
         150          78  0.943886800290569     
         151          79  0.944632250600833     
         152          80  0.943756948420547     
         153          82  0.944564941218964     
