 NM
 UV
 MMASS
   632.818599999998     
 LFAKTOR
  0.5
 RFAKTOR
  1.0
 WIDTH
  0.20
 SHIFT
  0.00
 DATXY
   1    3.9202     0.059074     0.022613    47.086273    25.253010
   2    3.9467     0.018345     0.003448    27.898862    11.931503
   3    4.0622     0.016874     0.020573   -20.201457   -22.340925
   4    4.0864     0.122209     0.073130    33.146465    25.557485
   5    4.1059     0.108859     0.072798    19.065883    25.211257
   6    4.1333     0.076628     0.079153   -52.790760   -32.833700
   7    4.1371     0.289106     0.207812  -331.089643  -280.994168
   8    4.1477     0.312665     0.187309   215.445242   153.577482
   9    4.2136     0.134471     0.040505  -153.018103   -83.891472
  10    4.2298     0.320139     0.123307   303.226235   208.706659
  11    5.0506     0.000027     0.000711    -0.159498     1.235091
  12    5.0655     0.001158     0.012871    -3.532514    -5.019549
  13    5.0690     0.001010     0.013202    -5.209538    -4.087786
  14    5.0730     0.000014     0.000911    -0.038544     0.443303
  15    5.2344     0.211617     0.154217   -67.025076   -41.794719
  16    5.2716     0.072630     0.042611   -53.089574   -40.666396
  17    5.5641     0.188572     0.125408   139.058921    97.526390
  18    5.5991     0.029063     0.015557    59.941812    43.846707
  19    5.6580     0.001253     0.000478     3.855970     0.401572
  20    5.6685     0.003781     0.002182    -2.703947    -3.509592
  21    5.6853     0.125442     0.155493   -29.068322   -23.120088
  22    5.7462     0.001499     0.000022     1.200190    -0.128712
  23    5.7527     0.005073     0.001405    12.066400     1.484059
  24    5.8121     0.001263     0.000579     0.198207    -0.315856
  25    5.8152     0.001533     0.000722     0.312494    -0.193449
  26    5.8570     0.011601     0.014100    -0.000407    -0.007869
  27    5.9059     0.264320     0.182678    28.794744    18.394921
  28    5.9208     0.099718     0.054048  -151.037737  -111.208303
  29    5.9596     0.203877     0.108803    18.696057   -12.860488
  30    6.0323     0.032815     0.017543     0.683459     0.147730
  31    6.0403     0.046735     0.025498    -9.347640    -6.954077
  32    6.0482     0.001765     0.000856     9.446427     6.581648
  33    6.0858     0.012980     0.013961    10.273528     9.068703
  34    6.1625     0.001389     0.000811    -3.328342    -3.046707
  35    6.2111     0.001548     0.003147    11.633456    19.608175
  36    6.2149     0.014542     0.020190    16.070130    19.206846
  37    6.2409     0.000533     0.004910     3.463717   -13.820701
  38    6.2469     0.006157     0.055996    10.315776   -14.111756
  39    6.2596     0.260311     0.298374   -46.915909   -84.113683
  40    6.2781     0.000413     0.012820    12.783799    86.773023
  41    6.3000     0.002381     0.014236     9.389449    10.328059
  42    6.3535     0.000753     0.000215    -3.782177     0.750131
  43    6.3574     0.002236     0.000321    -3.354536    -2.136281
  44    6.4499     0.016732     0.038421    48.686115    73.813934
  45    6.4882     0.006729     0.062099     3.419596    12.323243
  46    6.4961     0.028016     0.010626  -180.041163  -110.743392
  47    6.5270     0.014234     0.020802   -36.252106   -28.160021
  48    6.5346     0.028295     0.028010    92.722148    92.495575
  49    6.5487     0.010606     0.016775    48.370781    65.546863
  50    6.5656     0.042251     0.015604   -43.787928   -26.491904
  51    6.5908     0.731320     0.425189   492.644419   340.846455
  52    6.6002     0.465271     0.273400  -436.728221  -337.079975
  53    6.6246     0.080819     0.068487   -63.588604   -97.832344
  54    6.6855     0.000078     0.000009    -0.632328    -0.215270
  55    6.7444     0.000332     0.000132     0.055483    -0.011034
  56    6.7666     0.010888     0.001375    -8.817444     3.528039
  57    6.7857     0.317769     0.107441    15.190219    -4.840539
  58    6.8058     0.002506     0.000721    36.136696    19.074021
  59    6.8351     0.140836     0.106211  -143.302628  -118.699729
  60    6.8417     0.042540     0.016695    25.450780    15.903140
  61    6.8591     0.087631     0.054041     9.103220     3.763195
  62    6.8798     0.010074     0.005867    -5.281472    -4.292212
  63    6.8821     0.007004     0.005506    -6.325289    -5.889646
  64    6.9007     0.042033     0.023610     6.916849   -14.162755
  65    6.9024     0.010053     0.005773   -19.974374   -15.581133
  66    6.9121     0.001845     0.004184     6.901602     8.136642
  67    6.9150     0.006711     0.007144    -1.227315    -0.623142
  68    6.9172     0.001308     0.000823   -10.473129    -8.881388
  69    6.9437     0.184791     0.100870  -136.967860  -101.827200
  70    6.9633     0.075836     0.055769    13.842280    15.293403
  71    6.9649     0.367747     0.280745    64.460927    56.945021
  72    6.9811     0.051979     0.043960   -32.200703   -29.648223
  73    7.0090     0.010735     0.005935    -4.620223    -1.968238
  74    7.0377     0.007750     0.004927    -0.760079    -0.562156
  75    7.0435     0.015650     0.014777    18.103739    19.874362
  76    7.0532     0.155847     0.106977    30.968075    24.844807
  77    7.0740     0.215721     0.117877    17.042853   -30.868490
  78    7.0777     0.428858     0.282717  -218.738255  -177.591347
  79    7.0854     0.039769     0.025605   -66.548152   -49.415409
  80    7.0870     0.005447     0.027758    19.991618    55.575307
  81    7.0967     0.006508     0.008824   -69.117610   -86.827302
  82    7.1006     0.298038     0.228305   134.968128   117.369339
  83    7.1372     0.034813     0.018995     5.608154     8.674470
  84    7.1403     0.021693     0.012428    11.613325     9.106669
  85    7.1410     0.317654     0.151767    -7.304664    55.887426
  86    7.1600     0.246550     0.115910  -384.535633  -262.877758
  87    7.1874     0.064548     0.045288     0.560769   -45.243171
  88    7.1911     0.004060     0.005613    -3.363539    11.308774
  89    7.2216     0.000936     0.003244     0.125096    14.772912
  90    7.2242     0.004389     0.007796    -1.945855    -3.547973
  91    7.2291     0.000401     0.005314     2.820140    14.702731
  92    7.2505     0.134107     0.063694  -215.527027  -152.315442
  93    7.2515     0.068048     0.011789   152.190299   -43.408569
  94    7.2630     0.005573     0.002707     5.663033     1.121309
  95    7.2659     0.004008     0.002395     1.878687     0.412963
  96    7.2716     0.020324     0.011698   233.085145   175.971791
  97    7.2957     0.007452     0.002888   -58.086127   -32.276885
  98    7.3044     0.008003     0.003541   -52.629209   -29.846581
  99    7.3131     0.007259     0.013436    16.870973    27.857920
 100    7.3197     0.208624     0.265863     2.952739     7.132223
 101    7.3360     0.509623     0.317177   575.540819   453.345923
 102    7.3522     0.003536     0.018858    11.957307    32.082889
 103    7.3741     0.001775     0.002641    -1.721434    -2.556741
 104    7.3827     0.086457     0.086281    -6.994592   -14.182290
 105    7.3901     0.007376     0.011912    -1.677263    -5.370301
 106    7.4000     0.046328     0.032148   109.521297    82.139146
 107    7.4448     0.289348     0.188771   114.330688   158.938436
 108    7.4637     0.119571     0.062966    36.158173    16.787065
 109    7.4810     0.329809     0.160618   -93.491127   -67.425719
 110    7.4897     0.206216     0.149057   -31.228710   -64.560605
 111    7.4964     0.036870     0.038423     6.531826   -32.729083
 112    7.5182     0.006067     0.005479    25.741376    24.241939
 113    7.5318     0.020567     0.023557     8.667147   -21.901145
 114    7.5873     0.008327     0.001236    24.263643     8.712392
 115    7.6040     0.005929     0.002292    18.741448    10.485937
 116    7.6172     0.002202     0.003825    15.165944    19.823131
 117    7.6990     0.015870     0.011623   -25.573986   -16.561315
 118    7.7210     0.087653     0.038822    68.149847    47.942251
 119    7.7524     0.000901     0.000076   -14.310175    -0.011475
 120    7.7764     0.003730     0.023929   -25.940537   -63.267424
 121    7.8008     0.003189     0.097378     2.227192   -45.441565
 122    7.8046     0.004184     0.003444  -119.484125    75.050001
 123    7.8099     0.003875     0.012181   -17.805977   -14.275539
 124    7.8144     0.001032     0.007732    13.619076    35.162295
 125    7.8252     0.015128     0.011608    83.377455    68.275147
 126    7.8395     0.003590     0.059010    33.311873   -68.146467
 127    7.8433     0.055526     0.106975    56.126124    69.540647
 128    7.8588     0.000996     0.006760    12.219603    39.611815
 129    7.8617     0.015078     0.047887    -4.151936    -7.495276
 130    7.8669     0.002344     0.019056    -3.418122   -25.087482
 131    7.8749     0.013609     0.005723   -21.229599   -14.358120
 132    7.8799     0.049368     0.032510  -118.222918   -95.905513
 133    7.9086     0.004327     0.018925    -7.956621   -16.350885
 134    7.9144     0.010379     0.022942   -13.855883    -1.790342
 135    7.9494     0.000095     0.001764     0.096893     5.133666
 136    7.9559     0.001086     0.014365    -0.779512    -2.760949
 137    7.9707     0.000672     0.007769     0.958447    -3.676091
 138    7.9840     0.078011     0.054481    48.399969    62.340453
 139    7.9935     0.061206     0.071972    -9.131830   -10.022899
 140    8.0007     0.030375     0.011893    -6.437000    -3.886568
 141    8.0067     0.016290     0.011509   -23.782995    -1.858878
 142    8.0130     0.017805     0.008140    -0.164640     1.424498
 143    8.0264     0.015302     0.001119    35.196097     1.450329
 144    8.0363     0.035318     0.035099    -0.553682    -2.083828
 145    8.0469     0.011097     0.014081     6.840914     0.196718
 146    8.0668     0.006011     0.001012    -3.978561    -0.885996
 147    8.0700     0.010127     0.010849    10.841468    12.110670
 148    8.0731     0.003667     0.001556    -0.186791     1.582342
 149    8.0782     0.005169     0.001223    -2.258049    -1.184726
 150    8.1004     0.042337     0.024814   -50.460923   -38.858050
 151    8.1034     0.030962     0.006903   100.921218    23.945528
 152    8.1154     0.002713     0.030764    10.685856    -8.632119
 153    8.1181     0.001099     0.004276    20.344013    32.777727
 154    8.1346     0.001082     0.000050    -0.301316     0.101363
 155    8.1372     0.001592     0.001077     0.443219     3.714616
 156    8.1400     0.001819     0.000101   -10.086819    -2.164456
 157    8.1443     0.005121     0.008930    16.106234   -14.049340
 158    8.1461     0.019980     0.018482    46.000335    44.200453
 159    8.1523     0.023592     0.015659    15.242949    13.706842
 160    8.1570     0.069552     0.052172    17.187249    17.129404
 161    8.1616     0.001501     0.001376    -8.567903     2.038390
 162    8.1650     0.003701     0.001976     4.005542     4.088647
 163    8.1793     0.011401     0.015271   -21.022204   -24.674491
 164    8.1976     0.011715     0.008251    -6.691363    -2.999351
 165    8.2093     0.018947     0.024030    -8.258185    -7.108270
 166    8.2117     0.002567     0.002199    -5.229623    -4.838819
 167    8.2138     0.011731     0.004761   -24.294474   -13.635020
 168    8.2165     0.008274     0.005878    12.956413    10.323376
 169    8.2234     0.000161     0.000227    -1.112600     6.219381
 170    8.2301     0.000285     0.000587     0.848096     5.688200
 171    8.2374     0.019383     0.032196    -8.663139   -29.305827
 172    8.2582     0.004934     0.163544    11.116134    22.240896
 173    8.2621     0.002908     0.087137    -4.243006   -22.048757
 174    8.2652     0.000181     0.053329     0.412755    10.281529
 175    8.2696     0.001548     0.001563    -1.035119    -1.104304
 176    8.2757     0.007595     0.014519    -5.284670    -6.473236
 177    8.2782     0.004240     0.006718    13.227837    16.885139
 178    8.2862     0.013700     0.009309    24.987615    20.778317
 179    8.2892     0.001443     0.001100     0.519939    -0.553115
 180    8.3073     0.003701     0.000688    27.177021    10.791097
 181    8.3134     0.006513     0.001838   -11.905655    -6.771798
 182    8.3159     0.002542     0.001139   -14.717840   -11.593381
 183    8.3247     0.015236     0.005950   -13.955916    11.125422
 184    8.3263     0.016563     0.012778   -96.695662   -85.082563
 185    8.3316     0.001595     0.040442    -0.473007    24.917125
 186    8.3372     0.021171     0.012633   -59.501922   -45.409780
 187    8.3424     0.002933     0.001916    11.869051     9.783498
 188    8.3540     0.016629     0.020437   -30.339744   -32.967281
 189    8.3588     0.002749     0.001562    -5.502807    -2.877362
 190    8.3677     0.000288     0.000156    -0.985654    -0.676198
 191    8.3759     0.000656     0.004319    -1.993304    -5.088433
 192    8.3808     0.017656     0.016247   -11.388271   -12.190426
 193    8.3861     0.013692     0.015053    -8.097570    -7.643634
 194    8.3926     0.000795     0.001671    -0.120866    -1.194702
 195    8.4218     0.000744     0.001135    -1.461745    -2.090062
 196    8.4301     0.005151     0.002553    -3.833339    -2.509591
 197    8.4327     0.000113     0.000011    -1.308181    -0.074190
 198    8.4427     0.000558     0.000216     0.518670    -0.163648
 199    8.4508     0.004992     0.013391    -2.523241    -1.300010
 200    8.4540     0.000303     0.000227    -0.252010    -0.196358
 201    8.4556     0.000418     0.000390    -0.335688    -0.157118
 202    8.4730     0.000771     0.000460    -0.092621    -0.558326
 203    8.4785     0.004974     0.001318   -10.269431    -5.449011
 204    8.4809     0.011079     0.003356   -45.061297   -24.375494
 205    8.4866     0.009073     0.002362     1.313265     0.469557
 206    8.4926     0.001632     0.001991    -3.237624    -3.743167
 207    8.5082     0.013878     0.012563    21.017439    17.247723
 208    8.5249     0.000154     0.000190     0.287515     0.350972
 209    8.5269     0.001030     0.002044     1.315571    -0.888012
 210    8.5282     0.000304     0.000640     0.492744    -0.558856
 211    8.5310     0.000132     0.000080    -0.680798    -0.254483
 212    8.5368     0.000683     0.000049    -2.808048    -0.605369
 213    8.5425     0.000230     0.001490    -0.820129    -3.322035
 214    8.5568     0.005239     0.004311    -4.417876    -3.462842
 215    8.5588     0.000254     0.000205     0.026239     0.603973
 216    8.5893     0.000030     0.000576    -0.090285    -0.451210
 217    8.5936     0.010074     0.007641    17.652966    12.446240
 218    8.6175     0.000938     0.000504     3.004001     2.267246
 219    8.6240     0.002719     0.001839     6.210873     5.402623
 220    8.6439     0.012267     0.004961    -2.431931    -1.535646
 221    8.6551     0.003422     0.001178    -3.801107    -1.937037
 222    8.6698     0.002198     0.001363    -1.409736     0.601706
 223    8.6761     0.001244     0.002701    16.991860    12.431354
 224    8.6909     0.024489     0.011023    16.488386    11.344912
 225    8.6995     0.009004     0.005601    -3.941161    -3.294490
 226    8.7083     0.018303     0.007993    -3.827526    -2.366416
 227    8.7143     0.006015     0.002959     0.435506     1.389263
 228    8.7308     0.000560     0.000502    -3.729424     2.400157
 229    8.7370     0.010539     0.004624    44.591987    34.876805
 230    8.7401     0.002985     0.000816    -1.569542     0.177401
 231    8.7436     0.005546     0.001249   -10.519512    -1.101315
 232    8.7459     0.011503     0.002948   -13.751991     0.695829
 233    8.7554     0.056547     0.036598    61.345475    48.323042
 234    8.7585     0.018819     0.007457   -10.629586    -2.423262
 235    8.7727     0.016638     0.009275    20.113131    15.469529
 236    8.7748     0.030181     0.018569   -44.286824   -75.461656
 237    8.7789     0.036517     0.026081    12.555303    15.688007
 238    8.7849     0.002021     0.001383    -3.433391    -1.519059
 239    8.7887     0.018502     0.022762   -23.373315   -10.206624
 240    8.7970     0.002422     0.010861     0.032726    -0.333069
 241    8.8003     0.002987     0.002366     8.160717     7.719313
 242    8.8018     0.029580     0.016449    -8.623566    -8.826211
 243    8.8079     0.004929     0.005226    -7.885156    -6.218542
 244    8.8175     0.010068     0.029410    14.873221    23.423951
 245    8.8258     0.000867     0.000818     1.442785     0.913698
 246    8.8314     0.002910     0.002282     3.179488     2.439291
 247    8.8527     0.000388     0.000226     0.065160     0.301501
 248    8.8735     0.001585     0.002733    -8.247527   -11.427994
 249    8.8766     0.023202     0.017918    43.368322    42.124999
 250    8.8830     0.002684     0.002967   -13.968685   -16.161936
 251    8.8901     0.049160     0.023478   -58.628335   -40.520708
 252    8.9007     0.015016     0.006648    42.153324    24.819570
 253    8.9148     0.010654     0.006951    -7.111890    -7.189764
 254    8.9303     0.000227     0.000602     1.648341     2.125965
 255    8.9354     0.001004     0.003578    -2.117529     5.457373
 256    8.9379     0.000091     0.002221    -0.317393     0.330154
 257    8.9518     0.018976     0.011034    24.881800    -2.347681
 258    8.9565     0.043227     0.025868    41.499386    39.433372
 259    8.9613     0.010254     0.008334    11.708069    10.542099
 260    8.9719     0.041208     0.023751   -21.307473   -16.469684
 261    8.9792     0.000335     0.000321     0.110776     1.015784
 262    8.9842     0.000906     0.000403     4.699475     1.350170
 263    8.9868     0.006246     0.001501    -9.016975    -0.511363
 264    8.9897     0.002931     0.001329   -25.010589    -5.733671
 265    8.9933     0.000288     0.000341    -2.305905    -1.965209
 266    8.9955     0.011834     0.007825    -4.954270    -3.783301
 267    8.9973     0.015942     0.010741    -1.293338    -2.973700
 268    9.0033     0.002783     0.000206     2.347799     0.590543
 269    9.0141     0.002747     0.000756     2.160886     2.310414
 270    9.0191     0.009690     0.006351    -4.905743    -5.215455
 271    9.0256     0.005350     0.001762    -2.878626    -2.204801
 272    9.0323     0.006195     0.000539     7.330257    -2.756742
 273    9.0396     0.005307     0.000794     8.561129     1.876376
 274    9.0484     0.009633     0.001966   -14.283454    -4.713869
 275    9.0571     0.012589     0.003054     5.555858     2.714855
 276    9.0607     0.000354     0.001217     3.519274     6.443334
 277    9.0637     0.006471     0.001248   -11.999914    -3.667979
 278    9.0688     0.004008     0.003752     0.206519     0.279464
 279    9.0788     0.026535     0.014769    -1.085440    -2.025400
 280    9.0862     0.011300     0.004923    -7.653978    -2.805502
 281    9.0890     0.010173     0.004982    -0.438353     0.194084
 282    9.0942     0.002026     0.002614    -1.573895    -0.670577
 283    9.1014     0.032700     0.031768     3.241371     7.747013
 284    9.1090     0.001749     0.002342     5.762043     1.981105
 285    9.1118     0.005004     0.013634    -7.982190   -14.999308
 286    9.1150     0.036950     0.018941   -30.440619   -22.806644
 287    9.1265     0.003025     0.004789    -3.404831     4.026636
 288    9.1447     0.012045     0.011705     6.863218     4.228374
 289    9.1480     0.003974     0.003233    -9.012428    -0.407490
 290    9.1564     0.003427     0.003804    -3.533298     3.160820
 291    9.1585     0.013216     0.009856     6.133995    -1.806108
 292    9.1673     0.008691     0.011912    22.274416    26.278648
 293    9.1824     0.000624     0.007668    -2.307731   -26.300677
 294    9.2067     0.002727     0.000143    10.198107    -1.398561
 295    9.2078     0.005142     0.004487    -8.536577   -15.612927
 296    9.2115     0.001133     0.003999    -3.784998    -5.350612
 297    9.2138     0.004738     0.001721     4.283126    -3.491664
 298    9.2150     0.002746     0.000999     9.269921     0.638181
 299    9.2261     0.005754     0.007497   -23.726819   -25.724489
 300    9.2315     0.001119     0.007988    -2.880504     8.324728
 301    9.2324     0.000225     0.006071    -1.282375    12.168685
 302    9.2383     0.000312     0.000443     0.650304     0.665203
 303    9.2451     0.000084     0.000100    -0.323958     0.198141
 304    9.2548     0.000337     0.000369     0.087632    -1.160069
 305    9.2579     0.000896     0.006965    -0.213686    -3.392640
 306    9.2588     0.002084     0.001596     4.711778     4.108247
 307    9.2622     0.002605     0.001649    -3.798497    -2.911824
 308    9.2717     0.002795     0.001703    -7.489770    -5.718170
 309    9.2744     0.000731     0.001747     7.588951    12.648040
 310    9.2770     0.000776     0.000797    -7.925869    -7.928050
 311    9.2783     0.005116     0.006153    -4.436107    -4.618045
 312    9.2808     0.003046     0.003960     0.083156    -0.920989
 313    9.3041     0.006430     0.004959   -18.400174   -14.979838
 314    9.3063     0.000174     0.000707    -0.040295     1.384234
 315    9.3105     0.000532     0.000352    -3.408173    -0.510061
 316    9.3146     0.000635     0.000519    -3.464951    -1.875913
 317    9.3471     0.001460     0.000522    -0.164940    -0.102563
 318    9.3502     0.000054     0.000067    -0.098630     0.078011
 319    9.3660     0.013926     0.018875    24.912538    20.545086
 320    9.3684     0.002788     0.001102    10.946172    -2.438602
 321    9.3764     0.005386     0.003687    -0.171947     0.550911
 322    9.3803     0.011550     0.018916   -13.857230   -20.282086
 323    9.3850     0.002595     0.005004     2.732131     1.761721
 324    9.4033     0.002553     0.003043    19.039678    22.659767
 325    9.4049     0.002850     0.002933     4.169972     4.914974
 326    9.4140     0.000518     0.002512    -0.329750    -1.298852
 327    9.4175     0.000085     0.000370     0.157084    -0.149265
 328    9.4255     0.001769     0.011607    -3.869942     4.616358
 329    9.4275     0.003556     0.024158     2.544296    -2.577400
 330    9.4317     0.008412     0.002776   -48.502191   -19.283297
 331    9.4409     0.002470     0.010777    -7.162005   -26.919525
 332    9.4439     0.002832     0.002714    15.840457     8.298330
 333    9.4538     0.001036     0.002164     6.020771     0.408077
 334    9.4604     0.003861     0.008552     4.780793     1.952535
 335    9.4700     0.000977     0.002961    -0.244773    -0.939339
 336    9.4746     0.000318     0.001646     1.085378     2.571677
 337    9.4786     0.000383     0.000757     3.513545     2.810991
 338    9.4798     0.000601     0.001525    -3.238827    -4.493401
 339    9.4860     0.000231     0.002035     3.940099    11.518766
 340    9.5217     0.022965     0.001904    -6.688117    -2.454731
 341    9.5300     0.002873     0.001882    -4.185599    -4.333273
 342    9.5403     0.000119     0.001191    -0.335992     1.312661
 343    9.5483     0.007518     0.010166     1.824178     5.010065
 344    9.5506     0.000890     0.000765     1.648554     1.882049
 345    9.5646     0.003353     0.004114     0.245390     4.667383
 346    9.5763     0.001079     0.013435    -2.680340   -13.817730
 347    9.5799     0.000807     0.004893    -1.691114    -7.969176
 348    9.5879     0.002602     0.002932     2.818971     5.375943
 349    9.5917     0.003530     0.008464    -4.848712    -3.140549
 350    9.5944     0.008041     0.025333    -6.567907    -3.106675
 351    9.6379     0.005617     0.003236     1.626452     0.938035
 352    9.6424     0.008317     0.004823     1.907632     1.244618
 353    9.6590     0.000960     0.013834     0.511852   -14.006818
 354    9.6596     0.002254     0.010797     9.399322     6.033670
 355    9.6605     0.000502     0.009452    -1.444214   -10.637379
 356    9.6651     0.000368     0.001229    -3.926671    11.939505
 357    9.6657     0.000267     0.001680     1.645735     2.263559
 358    9.6692     0.009432     0.014114    12.967106     6.741108
 359    9.6753     0.012583     0.016910     8.431386     1.551510
 360    9.6885     0.014265     0.006302    50.882216     6.164254
 361    9.6940     0.003817     0.013509    -2.076650    -4.002382
 362    9.6984     0.000779     0.001528     3.064873     2.323649
 363    9.7013     0.000465     0.000876    -2.372153    -3.264665
 364    9.7100     0.001316     0.004659    -6.188005   -11.148895
 365    9.7177     0.000066     0.000541     0.345758     2.249670
 366    9.7378     0.003344     0.001790     7.183240     5.056728
 367    9.7416     0.003977     0.001243   -13.549850     0.650693
 368    9.7461     0.000239     0.000186     0.070610     0.053758
 369    9.7482     0.000213     0.000181     0.266345     0.298393
 370    9.7533     0.004070     0.002001    -9.318745    -7.172060
 371    9.7578     0.000737     0.000419     3.711256     1.004605
 372    9.7610     0.002093     0.004575    -7.053046     0.107779
 373    9.7638     0.002338     0.002221   -10.405506    -7.405764
 374    9.7786     0.007817     0.001349   -14.748006    -6.559037
 375    9.7826     0.008433     0.011548   -14.190877   -16.627741
 376    9.7889     0.000935     0.002168    -0.592118    -1.089353
 377    9.7923     0.000224     0.004515     0.815158    -7.983705
 378    9.8042     0.001697     0.001737     7.684120     8.025685
 379    9.8093     0.000633     0.000674    -3.518711     4.408076
 380    9.8292     0.000632     0.000990    -4.811960     3.966640
 381    9.8336     0.001049     0.002046    -0.045781    -2.372845
 382    9.8358     0.001696     0.001893    -0.840928     0.086719
 383    9.8379     0.000867     0.007797     6.072662     7.460266
 384    9.8485     0.000084     0.002051    -0.999192    -5.769257
 385    9.8634     0.000214     0.003149     0.613194     0.545466
 386    9.8649     0.010594     0.017027   -29.266614   -37.121193
 387    9.8701     0.000574     0.010325    -2.722135   -15.677661
 388    9.8758     0.001137     0.001138    -8.629411     8.088348
 389    9.8902     0.008866     0.003973    12.251425    -8.277132
 390    9.8929     0.005797     0.001972     9.698330    -3.402035
 391    9.8997     0.004734     0.002635   -27.375488   -20.896584
 392    9.9032     0.000518     0.000745    -1.365556    -0.943918
 393    9.9075     0.002158     0.002745     2.411313     2.682288
 394    9.9135     0.001736     0.003660    -0.617419     9.136367
 395    9.9188     0.002804     0.001347     6.650197     5.094604
 396    9.9221     0.001796     0.003483    -0.595052    -1.512864
 397    9.9243     0.003696     0.001147    -5.992247    -3.150734
 398    9.9323     0.000542     0.004324    -0.452323    -4.180575
 399    9.9367     0.036254     0.015447   -10.262498    -6.871270
 400    9.9396     0.056845     0.028832   -31.974115   -14.910200
 401    9.9427     0.009465     0.001474     1.184787     0.007303
 402    9.9476     0.016403     0.010679    13.261218    11.299213
 403    9.9498     0.015887     0.013896     7.541140     1.802236
 404    9.9512     0.011077     0.001339   -26.176802    -8.979231
 405    9.9547     0.001054     0.002325     1.541618     2.579907
 406    9.9647     0.000058     0.000142     0.254066    -0.504063
 407    9.9675     0.021431     0.003412    38.110063    11.959082
 408    9.9739     0.009201     0.003881    30.841722    19.873021
 409    9.9825     0.009755     0.005769   -22.865087   -27.599239
 410    9.9844     0.013778     0.006674   -16.332839   -11.653444
 411    9.9917     0.001913     0.001785    -1.354747    -0.251144
 412    9.9944     0.000657     0.001154     0.369248    -2.882644
 413    9.9961     0.004216     0.000540   -13.155186    -4.275605
