 -4.986630637507350E-002
 -4.056387214091206E-002
 -4.516809242135800E-002
  3.491365907041555E-002
 -2.955709263708695E-002
 -3.712739978888280E-002
 -2.957908355547634E-002
 -3.714758971010124E-002
 -4.984720324632530E-002
 -4.050605441389177E-002
 -4.506505917246351E-002
  3.499810882105603E-002
 -9.454621412034125E-002
  4.378589377335107E-002
 -3.484967135633799E-002
 -4.758979490425919E-002
  4.986097709751958E-002
 -0.136241220630325     
  4.961244505809503E-002
 -5.219194289446616E-002
 -3.444475628635590E-002
  4.409235907051778E-002
 -9.429056566259320E-002
  3.502796199945468E-002
 -4.524506125442063E-002
 -4.068238399471102E-002
 -4.982760120656682E-002
 -3.705845930733709E-002
 -2.945285812590104E-002
 -2.955136212258491E-002
 -3.713721169987050E-002
 -4.974012120309812E-002
 -4.040376068726648E-002
 -4.501032611796862E-002
  3.497270782596296E-002
 -3.444016996717725E-002
 -4.685255526969367E-002
 -5.241451202248815E-002
 -3.404902994126680E-002
  3.982401668565339E-002
  4.287266974145654E-002
  3.996160756269318E-002
  4.182398306700763E-002
  4.182176952984762E-002
  3.983412610028769E-002
  4.290005961603571E-002
  4.013916193616396E-002
  4.478571532057818E-002
  4.514725714093304E-002
  0.138576247353153     
  3.859915588133245E-002
  4.460408063526111E-002
  3.983549214382820E-002
  4.280004154382944E-002
  3.984074964382367E-002
  4.187074857741735E-002
  4.179682736504775E-002
  3.985663843297083E-002
  4.292011799342799E-002
  4.003910573712643E-002
  4.484913519551481E-002
  4.540386956709563E-002
  3.854236459283000E-002
  4.453827815685463E-002
