 -5.821865685030847E-002
  8.025758487227863E-002
 -0.200799457758865     
  8.025566372354742E-002
 -5.821733449565869E-002
 -3.749056087380076E-003
  9.387905110655348E-002
 -0.213648397255369     
  3.096770561399076E-002
 -1.320493843173232E-003
 -2.710763556229612E-002
 -2.035382527128604E-002
  6.777275193034482E-002
 -0.117564110957680     
  5.010437057483674E-002
 -5.671872997472338E-002
 -3.669580107834935E-002
 -5.158252818178966E-002
 -4.523424749204974E-002
 -2.224404817984471E-002
  2.080636874670461E-002
 -0.102582821964941     
 -0.102581761859563     
 -2.224751909236655E-002
 -4.523853202574291E-002
 -5.158176109830137E-002
 -3.669363500612466E-002
 -5.672190324448678E-002
  5.010125079328187E-002
 -2.034444283596315E-002
 -2.710676384647748E-002
 -3.745574495916060E-003
  9.388822699327015E-002
 -0.213648593959821     
  5.362582801988958E-002
  5.400068148066461E-002
  4.844307453841168E-002
  4.843869289794378E-002
  5.402520003750655E-002
  5.360355167055053E-002
  4.665023504947996E-002
  4.508758816686698E-002
  3.983835413633574E-002
  4.303485952052311E-002
  3.897960342683626E-002
  4.291871361219346E-002
  3.361809160241591E-002
  3.422868684960623E-002
  3.354619139468207E-002
  3.422645146161762E-002
  3.352418830801818E-002
  3.359639664549374E-002
  4.291692009989279E-002
  3.897941772441371E-002
  4.303845875289947E-002
  3.984809303061221E-002
  4.509249395286152E-002
  4.665288568396075E-002
