 -8.771715230994825E-002
  0.158031710069018     
 -0.167215838588366     
  0.156894014798459     
 -8.882018961512372E-002
  8.629010845974872E-002
 -0.116048417912062     
  3.092530834247986E-002
  2.400333079806627E-002
 -1.248556581142246E-002
 -4.654877034898686E-002
 -3.957741668211767E-002
  3.621878119666500E-002
 -2.447564071212494E-002
 -3.875640022819837E-002
 -2.676541768723162E-002
 -3.613881926948181E-002
 -4.863874064630735E-002
 -3.986161780737874E-002
 -4.407167134656831E-002
  3.600148119920155E-002
 -9.289256846688598E-002
  6.100612476712586E-002
 -3.592226066269522E-002
 -3.007322106102528E-002
 -3.811662667251792E-002
 -2.976543646484586E-002
 -3.567099513633476E-002
 -1.448090780516065E-002
 -3.364324641931660E-002
 -3.171498691994401E-002
 -3.169293625455882E-002
 -3.176214407451727E-002
 -1.028064948519525E-002
 -1.120547874907540E-002
 -3.316773732381861E-002
 -3.257436176274275E-002
 -3.323364021568498E-002
 -3.421151972932535E-002
 -1.659476798846704E-002
  8.741413746228321E-002
 -0.114402454807365     
  4.249118144234643E-002
  4.409548449659006E-002
  4.496357930788653E-002
  4.239426655331990E-002
  3.999144858414605E-002
  4.300715240281561E-002
  4.067907296767703E-002
  3.975661566934896E-002
  4.265171652937605E-002
  3.975828392164860E-002
  4.282559568835220E-002
  4.006944094362097E-002
  3.946341787427243E-002
  4.135573462989706E-002
  4.143744893347712E-002
  4.044160305766131E-002
  4.082096936523461E-002
  4.173739953232325E-002
  4.210697568566812E-002
  4.169521428610534E-002
