           2           1  0.953200813575343     
           3           2  0.953534245521669     
           4           2  0.946880654889453     
           5           4   1.40376126811348     
           6           5   1.43040916185089     
           7           6   1.41548440903604     
           8           7   1.45177115701913     
           9           4   1.32956001043317     
           9           8   1.35449502753983     
          10           9   1.03536377242935     
          11          10  0.942854292382659     
          12          11   1.35218741515421     
          13          12   1.45958452263881     
          14          13   1.36129305500768     
          15          14   1.09538904686532     
          16          15   1.09547035064584     
          17          16   1.36126595695256     
          18          17   1.45959479936155     
          19          18   1.35223594798910     
          20          19  0.942613657492889     
          21          20   1.03548738963049     
          22          21   1.35449634226465     
          23          22   1.45173612698900     
          24          23   1.41552585679435     
          25          24   1.43036587898811     
          26          21   1.32948829593413     
          26          25   1.40380076326649     
          27          26  0.946924250130683     
          28          27  0.953371382086730     
          29          27  0.953358349943917     
          30          27  0.946892039334837     
          31          30   1.40378937363009     
          32          31   1.43037304822278     
          33          32   1.41550585236929     
          34          33   1.45176230586685     
          35          20   1.03547636583445     
          35          30   1.32951206347674     
          35          34   1.35445063940127     
          36          19   1.42376753208528     
          37          16   1.25442717623218     
          37          36   1.35494776219068     
          38          14   1.25444620979410     
          38          37   1.09006591348246     
          39          11   1.42366824684042     
          39          38   1.35491379653135     
          40          10   1.03549605992561     
          41          40   1.35439557895744     
          42          41   1.45181436941836     
          43          42   1.41545748569601     
          44          43   1.43039564449959     
          45           2  0.946903211766469     
          45          40   1.32954271252694     
          45          44   1.40377444284972     
          46           1  0.977490724636993     
          47           1  0.975958571464743     
          48           1  0.975878638506236     
          49           3  0.975932759998014     
          50           3  0.977570023472407     
          51           3  0.975858535649104     
          52           5  0.942414269470724     
          53           6  0.944914844919379     
          54           7  0.943984989247581     
          55           8  0.941643053857066     
          56          12  0.944229295639942     
          57          13  0.942480826034757     
          58          15  0.954105864847892     
          59          17  0.942478576072269     
          60          18  0.944233574397225     
          61          22  0.941705441456212     
          62          23  0.943993051571020     
          63          24  0.944917780782641     
          64          25  0.942423631298146     
          65          28  0.975907648777576     
          66          28  0.977556632028275     
          67          28  0.975877424899113     
          68          29  0.975933699117027     
          69          29  0.977505308119663     
          70          29  0.975901899728049     
          71          31  0.942410609957044     
          72          32  0.944916962606996     
          73          33  0.943991003744765     
          74          34  0.941689335138736     
          75          36  0.944169734534928     
          76          39  0.944154458616322     
          77          41  0.941672685931549     
          78          42  0.943994410136524     
          79          43  0.944920980643229     
          80          44  0.942416161404046     
