 -0.102544059377162     
  2.083703672394721E-002
 -0.102140600298727     
 -2.217154307534042E-002
 -4.473082311947074E-002
 -5.096311875048887E-002
 -3.657868284323396E-002
 -5.682299606315944E-002
  4.986849262735937E-002
 -0.118142682678827     
  6.375337077345566E-002
 -2.173893917123770E-002
 -2.254431761211695E-002
 -1.162226047663051E-002
  0.143541464924233     
 -0.233499408074723     
 -1.014885765456608E-002
 -2.584034706591609E-002
 -2.521885120176925E-002
 -2.903943855575797E-002
 -2.816795535024763E-002
 -3.821846086296876E-002
 -3.364438795113944E-002
 -2.447465252801706E-002
  5.022416080479220E-002
 -5.833875917191378E-002
 -3.769770032386699E-002
 -5.124379854984173E-002
 -4.436205958971051E-002
 -2.151109585580180E-002
  3.376195846183316E-002
  3.406996743915081E-002
  3.358311446279794E-002
  3.430798786400602E-002
  3.386368797903050E-002
  3.356860708016562E-002
  4.312398521008964E-002
  3.921922007701673E-002
  4.286873137632308E-002
  3.990415241024525E-002
  4.312642789675669E-002
  5.082408443539432E-002
  4.473336221572821E-002
  4.036670015360011E-002
  4.125282543142450E-002
  3.938936419296324E-002
  4.163510972197937E-002
  4.796836990453024E-002
  4.227196680750944E-002
  3.868219285971575E-002
  4.208393901066809E-002
  3.919887255715782E-002
  4.337664280080489E-002
