           2           1  0.953490548979169     
           3           2  0.953397564652552     
           4           2  0.947213791486864     
           5           4   1.40191989937522     
           6           5   1.43176625140964     
           7           6   1.41537815107544     
           8           7   1.45134681945132     
           9           4   1.33240250626546     
           9           8   1.35557967557668     
          10           9   1.02981444832828     
          11          10  0.954776346393940     
          12          11   1.38044627459753     
          13          12   1.44809438262066     
          14          13   1.36322038397854     
          15          14  0.974109677534314     
          16          15   1.82980922168658     
          17          15  0.973729562942821     
          18          17   1.35986283037340     
          19          18   1.45111309133498     
          20          19   1.37821667743408     
          21          20  0.955589230297799     
          22          21   1.02782153336698     
          23          22   1.35589824651231     
          24          23   1.45155735024904     
          25          24   1.41502693969041     
          26          25   1.43245138286625     
          27          22   1.33354676104437     
          27          26   1.40107142088504     
          28          27  0.947196374222076     
          29          28  0.953505956441518     
          30          28  0.953343544461133     
          31          28  0.947242787033894     
          32          31   1.40180935425992     
          33          32   1.43186366831804     
          34          33   1.41532200480442     
          35          34   1.45136914137067     
          36          21   1.02955910617184     
          36          31   1.33252525352124     
          36          35   1.35561241690716     
          37          20   1.38009896952910     
          38          17   1.36328661276138     
          38          37   1.44814610196266     
          39          14   1.35971005308289     
          40          11   1.37843017683179     
          40          39   1.45111968482802     
          41          10   1.02806232924268     
          42          41   1.35590554384902     
          43          42   1.45149957280743     
          44          43   1.41511301465268     
          45          44   1.43232866962709     
          46           2  0.947164226138172     
          46          41   1.33337798750747     
          46          45   1.40121709092512     
          47           1  0.975769655622516     
          48           1  0.975861279437185     
          49           1  0.977566251134054     
          50           3  0.977530133738214     
          51           3  0.975903983149252     
          52           3  0.975785603201321     
          53           5  0.942264933875041     
          54           6  0.944775698440127     
          55           7  0.943948230390829     
          56           8  0.941224452421272     
          57          12  0.945080475444982     
          58          13  0.942005197645632     
          59          18  0.943681432227409     
          60          19  0.944755130988332     
          61          23  0.941109043525337     
          62          24  0.943874321206930     
          63          25  0.944755323850370     
          64          26  0.942272570044850     
          65          29  0.975769121804145     
          66          29  0.977568304688257     
          67          29  0.975848965482401     
          68          30  0.975898451981698     
          69          30  0.977529487681297     
          70          30  0.975793019122726     
          71          32  0.942250413507922     
          72          33  0.944765838448515     
          73          34  0.943943399994713     
          74          35  0.941150754435378     
          75          37  0.945057917977312     
          76          38  0.942088114373434     
          77          39  0.943668746606142     
          78          40  0.944783373431681     
          79          42  0.941157586913041     
          80          43  0.943878250988825     
          81          44  0.944763105313222     
          82          45  0.942283828717194     
