  6.865800059235205E-003
 -0.159032091517647     
  6.741292647027741E-002
 -4.677883733291921E-002
 -4.282974082498825E-002
  2.279649019002505E-002
 -2.545982318486484E-002
 -5.700847112012486E-002
 -2.384147897926781E-002
 -3.537209717230283E-002
 -4.520525213369808E-002
 -3.753647722964004E-002
 -4.511505571107932E-002
  3.542693062306101E-002
 -9.057186601577527E-002
  7.815438268321584E-002
 -3.683405784564098E-002
  7.731852401758221E-002
 -9.367880275066831E-002
  3.582249397782711E-002
 -4.512087983200530E-002
 -3.901241952092427E-002
 -4.646929159064506E-002
 -3.525916740880852E-002
 -2.196991994460795E-002
 -2.422718989682693E-002
 -5.672792313678698E-002
  6.755872564463239E-002
 -0.159582054982650     
  6.459188103199676E-003
 -4.473232810424044E-002
 -4.091072542420804E-002
  2.546049555279772E-002
  4.689258226782123E-004
  9.500079559155683E-002
 -0.212066032333866     
  7.711376981279505E-002
 -9.384794329598289E-002
  3.814628388246932E-002
 -4.186249364545080E-002
 -3.542175393101044E-002
 -4.520257625818136E-002
 -3.509165120405733E-002
 -2.256436507116089E-002
 -2.364302223741710E-002
 -5.661677541613841E-002
  6.609873256986898E-002
 -0.160583425419829     
  6.737419759184959E-003
 -4.877894269841931E-002
 -4.556007168958764E-002
  2.342455928079890E-002
 -3.484443088899525E-002
  4.428115493211515E-002
  4.168355935379076E-002
  4.164836847434017E-002
  4.410072676656274E-002
  4.582361728855566E-002
  4.244282042068459E-002
  4.281558906316152E-002
  4.123266281459881E-002
  4.468731087876920E-002
  4.200230733323296E-002
  5.089474836128105E-002
  3.985153324603985E-002
  4.379711399401287E-002
  4.074150969680468E-002
  4.279331587823987E-002
  4.171417056399707E-002
  4.233148466103798E-002
  4.380202515535214E-002
  4.108491974556572E-002
  4.338281241155872E-002
  4.415781935812513E-002
  3.992288290169355E-002
  4.420529112756177E-002
  4.047307055941529E-002
  4.197881381798385E-002
  4.253313538329628E-002
  4.156506219696166E-002
  4.226755358983669E-002
  4.384439428173659E-002
  4.290795414382564E-002
  4.386091524473401E-002
  5.026434806428814E-002
