           2           1   1.76342704533781     
           3           2   1.02253253179337     
           4           3   1.44056489740655     
           5           4   1.34041258568629     
           6           5   1.52919422476274     
           7           6   1.25770148133975     
           8           7   1.25765253940148     
           9           8   1.53057920993263     
          10           9   1.33868781846943     
          11          10   1.44368264869529     
          12           3   1.22073021526911     
          12           7   1.22007650595150     
          12          11   1.22433790687872     
          13          11   1.01014308750039     
          14          13   1.84152199435550     
          15           2   1.01218188219246     
          15          13  0.947566964661338     
          16          15   1.05014893194241     
          17          16   1.64190698751721     
          18          17   1.13245161081010     
          19          18   1.33786282549397     
          20          19   1.47802589490910     
          21          20   1.34669308963948     
          22          21   1.00648040865380     
          23          21   1.41354126907485     
          24          18   1.25747916751623     
          24          23   1.37859269992236     
          25          16   1.05850341365474     
          25          24   1.06509103915413     
          26           4  0.943941944267417     
          27           5  0.943470759666782     
          28           6  0.943119060431795     
          29           8  0.943134488921925     
          30           9  0.943401322072767     
          31          10  0.943932854257375     
          32          19  0.943411737336718     
          33          20  0.943695028710678     
          34          23  0.943910396803484     
