           2           1  0.990801480776119     
           3           2   1.04173056018281     
           4           3   1.37617177121827     
           5           4   1.41596177167221     
           6           5   1.41885744935864     
           7           6  0.966644070366784     
           8           7   1.31273716681322     
           9           8   1.21616988354718     
          10           9   1.59675131930253     
          11          10   1.26511202093049     
          12          11   1.59682125122895     
          13           8   1.17404326762500     
          13          12   1.21610472839849     
          14          13   1.31269617653585     
          15          14  0.967097214456065     
          16          15   1.41810715217981     
          17          16   1.41646680422600     
          18          17   1.37576104869628     
          19          18   1.04175597379943     
          20          19  0.990789760782713     
          21          18   1.35861028969665     
          22          15   1.29567593871847     
          22          21   1.40129633438164     
          23          22   1.04787828253599     
          24          23  0.991566059344227     
          25          14   1.31423233957171     
          26          25   1.21534427111641     
          27          26   1.59748096851148     
          28          27   1.26438776153559     
          29          28   1.59755860586620     
          30           7   1.31448028981123     
          30          25   1.17263391473222     
          30          29   1.21524670942107     
          31           6   1.29538218204256     
          32          31   1.04790631094475     
          33          32  0.991596661907793     
          34           3   1.35831224797730     
          34          31   1.40162125773447     
          35           1  0.980876729508337     
          36           1  0.989573531357671     
          37           1  0.980907197230898     
          38           4  0.943899962696607     
          39           5  0.942812781473028     
          40           9  0.941435939459502     
          41          10  0.945773324224854     
          42          11  0.945764315056766     
          43          12  0.941420418154857     
          44          16  0.942792608193596     
          45          17  0.943898135267463     
          46          20  0.989574042488821     
          47          20  0.980884656044121     
          48          20  0.980901321480640     
          49          21  0.944687462043938     
          50          24  0.980879593344629     
          51          24  0.980680449171678     
          52          24  0.989523386605713     
          53          26  0.941289543056641     
          54          27  0.945731888049213     
          55          28  0.945725820592276     
          56          29  0.941330073529870     
          57          33  0.989534954667043     
          58          33  0.980805750393171     
          59          33  0.980769517070456     
          60          34  0.944687559196244     
