           2           1  0.956207754338306     
           3           2  0.958465689963142     
           4           2  0.941435921277527     
           5           2  0.927721074427633     
           6           5   1.39564001035786     
           7           6   1.43885802008961     
           8           7   1.38416207705209     
           9           8  0.963558174908619     
          10           9   1.10446263279331     
          11          10   1.03196235080455     
          12          11   1.35562457946179     
          13          12   1.45816630622276     
          14          13   1.36346209283206     
          15          14   1.00751928789744     
          16          15   1.36820992423469     
          17          16   1.44854206130310     
          18          17   1.37946034281197     
          19          18  0.961182018739568     
          20          19   1.12585830748627     
          21          20   1.03269179090373     
          22          21   1.36154921129360     
          23          22   1.44480907070878     
          24          23   1.42390693716402     
          25          24   1.42077867162964     
          26          21   1.35565397963088     
          26          25   1.44836487176981     
          27          20   1.54577634122057     
          28          27   1.18228803702333     
          29          28   1.03195860465104     
          30          29   1.36296223547691     
          31          30   1.44639108917895     
          32          31   1.42274202099658     
          33          32   1.42252051797387     
          34          29   1.36057313369090     
          34          33   1.44703188331214     
          35          19   1.09029384440220     
          35          28   1.49813453141676     
          36          35   1.01465466006417     
          37          36   1.36211911140625     
          38          37   1.44533850498040     
          39          38   1.42181434496272     
          40          39   1.42683994219755     
          41          36   1.36743602599258     
          41          40   1.44034195921583     
          42          18   1.37726594308457     
          43          15   1.36613240055980     
          43          42   1.45087262633489     
          44          14   1.35977528759520     
          45          11   1.34835568277641     
          45          44   1.46251611469082     
          46          10   1.56192897150645     
          47          46   1.17063727338565     
          48          47   1.13185746062078     
          49          48   1.30929317751480     
          50          49   1.49919785125064     
          51          50   1.35809401197398     
          52          51   1.49605308100062     
          53          48   1.26608941047384     
          53          52   1.31880258277829     
          54          53   1.10852705312073     
          55          54   1.32547268329283     
          56          55   1.49084333952252     
          57          56   1.36000436228066     
          58          57   1.49775311735193     
          59          54   1.24866650253096     
          59          58   1.30442401465625     
          60           9   1.07828812398471     
          60          47   1.38821232770414     
          60          59   1.15369176860244     
          61           8   1.37631960388480     
          62           5   1.39347101302891     
          62          61   1.44019460539959     
          63           6  0.944186790524261     
          64           7  0.943511408756713     
          65          12  0.942270567576014     
          66          13  0.944503312524605     
          67          16  0.943340705113664     
          68          17  0.944221539720828     
          69          22  0.944338796844086     
          70          23  0.946037616358247     
          71          24  0.946983936537718     
          72          25  0.945656809779099     
          73          26  0.946465124539873     
          74          30  0.944891795268104     
          75          31  0.946491522224018     
          76          32  0.947465242644566     
          77          33  0.946343804610591     
          78          34  0.946866891563428     
          79          37  0.946434231935324     
          80          38  0.945637375948109     
          81          39  0.947146398196334     
          82          40  0.945888537274222     
          83          41  0.945851294354636     
          84          42  0.944734660592391     
          85          43  0.943525350211784     
          86          44  0.943997919356159     
          87          45  0.944570620974640     
          88          49  0.944920302576623     
          89          50  0.945371979329196     
          90          51  0.945678285230212     
          91          52  0.942133622564423     
          92          55  0.941037661006648     
          93          56  0.945371979652735     
          94          57  0.945089172442952     
          95          58  0.938509103005303     
          96          61  0.943538288751879     
          97          62  0.943942326211211     
