           2           1   1.74694113465067     
           3           2   1.74615278451693     
           4           2  0.749317285115378     
           5           4   1.40292650302966     
           6           5   1.43410897435177     
           7           6   1.36773273518060     
           8           7   1.00444064598322     
           9           8   1.37114805613205     
          10           9   1.44454704782415     
          11          10   1.37240227704565     
          12          11   1.29907619180811     
          13           8   1.34927591662866     
          13          12   1.44684542224720     
          14          12  0.926397343526561     
          15          14  0.926980434399532     
          16          15   1.43264710754293     
          17          16   1.40967285357125     
          18          17   1.43262539143677     
          19          18   1.43069497153632     
          20          15   1.30757833513041     
          20          19   1.38033545500345     
          21          20   1.03620535476963     
          22          21   1.38010761902434     
          23          22   1.43086187781704     
          24          23   1.43246659818136     
          25          24   1.40981184197283     
          26          14  0.926398947342729     
          26          21   1.30784589139358     
          26          25   1.43249995545844     
          27          14  0.926603743984628     
          28          27   1.43264070559688     
          29          28   1.40988082227875     
          30          29   1.43139693596119     
          31          30   1.43204856223898     
          32          11   1.04030028403651     
          32          27   1.30569246679676     
          32          31   1.37786577504457     
          33           7   1.37170010757999     
          34           4   1.40650557946189     
          34          33   1.42937502172074     
          35           2  0.748679773291925     
          36          35   1.40309005890283     
          37          36   1.43390288421679     
          38          37   1.36813662911948     
          39          38   1.00343616527738     
          40          39   1.37166948775440     
          41          40   1.44419769401247     
          42          41   1.37262473011768     
          43          42   1.29913454552990     
          44          39   1.34965812089107     
          44          43   1.44666600152010     
          45          43  0.926531198415879     
          46          45  0.926952263812064     
          47          46   1.43262197547961     
          48          47   1.40968744516043     
          49          48   1.43257943610405     
          50          49   1.43074906941696     
          51          46   1.30768589814507     
          51          50   1.38025826687258     
          52          51   1.03620772819685     
          53          52   1.38016191414122     
          54          53   1.43086238025205     
          55          54   1.43246557507068     
          56          55   1.40983136738968     
          57          45  0.926376915662199     
          57          52   1.30779335105939     
          57          56   1.43248490389856     
          58          45  0.926505969219787     
          59          58   1.43265932109391     
          60          59   1.40988151776918     
          61          60   1.43138692566934     
          62          61   1.43207289438492     
          63          42   1.04019848990953     
          63          58   1.30573678070144     
          63          62   1.37787450969259     
          64          38   1.37236100810006     
          65          35   1.40724319142989     
          65          64   1.42874958566730     
          66           5  0.944846022650101     
          67           6  0.941312112970432     
          68           9  0.944125425354420     
          69          10  0.943498271031207     
          70          13  0.944528960256710     
          71          16  0.946223665448466     
          72          17  0.945530566911754     
          73          18  0.945274873625945     
          74          19  0.945424693756741     
          75          22  0.945418660531312     
          76          23  0.945292694015392     
          77          24  0.945576134713132     
          78          25  0.946230911845581     
          79          28  0.946092123238825     
          80          29  0.945561251248232     
          81          30  0.945302830802228     
          82          31  0.945502489517233     
          83          33  0.940879220742849     
          84          34  0.943200987474746     
          85          36  0.944847833872337     
          86          37  0.941374081286772     
          87          40  0.944178905829250     
          88          41  0.943505431004374     
          89          44  0.944563756172730     
          90          47  0.946242777822460     
          91          48  0.945576294595290     
          92          49  0.945291794765002     
          93          50  0.945415730871392     
          94          53  0.945418430909387     
          95          54  0.945269997825910     
          96          55  0.945534631857370     
          97          56  0.946223420757789     
          98          59  0.946085248557038     
          99          60  0.945560696202631     
         100          61  0.945300147493812     
         101          62  0.945502013138383     
         102          64  0.940915303251733     
         103          65  0.943226201482947     
