           2           1   1.00991944558375     
           3           2   1.70706825547872     
           4           3   1.08287939371824     
           5           4   1.36046524785300     
           6           5   1.41318849962406     
           7           6  0.984417409091253     
           8           7   1.00343608309518     
           9           8   1.38983980206658     
          10           9   1.41982581534590     
          11          10   1.43784081020306     
          12          11   1.41523474381986     
          13           8   1.30843719652570     
          13          12   1.40666071130672     
          14          13   1.00850016778634     
          15          14   1.00755326872650     
          16          15   1.40735440344662     
          17          16   1.41490920352784     
          18          17   1.43831623125593     
          19          18   1.41915535132095     
          20           7   1.00263248511390     
          20          15   1.30821875352431     
          20          19   1.39084892690080     
          21           6   1.32840250588162     
          22          21   1.48706332773799     
          23           4   1.27455611998250     
          23          22   1.33051898150281     
          24          23   1.05044614640354     
          25          24   1.76799384012472     
          26           2   1.06497790928327     
          26          24  0.999680204082906     
          27           1  0.978505096590413     
          28           1  0.961939735417716     
          29           1  0.961818161853570     
          30           5  0.943623805877323     
          31           9  0.941029131878288     
          32          10  0.943821938853181     
          33          11  0.944456446566969     
          34          12  0.945662612467103     
          35          16  0.945653323655550     
          36          17  0.944405156340286     
          37          18  0.943791278935794     
          38          19  0.940265566537329     
          39          21  0.943496631381304     
          40          22  0.940461618158608     
