 -3.719076018544332E-002
 -2.922272403641646E-002
 -3.516038087071394E-002
  6.170711885989810E-002
 -8.870354220213095E-002
  3.457464629774920E-002
 -4.475213563703662E-002
 -4.139126632698709E-002
 -4.845119587284064E-002
 -3.823085709333096E-002
 -2.736216590088247E-002
 -4.497383001277644E-002
  9.882256483520813E-002
 -0.109404886846563     
  9.417922150447522E-002
 -6.356748805873913E-002
  4.888942342345670E-002
 -9.060849722099018E-002
  9.269304193764327E-002
 -4.288528054772378E-002
 -2.823490369350434E-002
 -3.884477041009138E-002
 -3.281448963395395E-002
 -7.691336741736965E-002
  8.723585920125121E-003
 -7.692741893281685E-002
 -3.278480455580457E-002
 -3.845861916684257E-002
 -2.788390412813957E-002
 -4.209423296002246E-002
  9.351356368691377E-002
 -8.187606441251472E-002
 -3.497513695778220E-002
 -2.928317696588056E-002
  4.003396345133015E-002
  4.303490570503432E-002
  4.008634059000904E-002
  4.056498579607326E-002
  4.278230182356324E-002
  4.010595184331134E-002
  4.249188341478205E-002
  4.217541662787139E-002
  3.678738707312335E-002
  4.366248843554943E-002
  4.055453592771785E-002
  4.662794404287929E-002
  4.663807232840289E-002
  4.051278837253713E-002
  4.380848370313573E-002
  3.702926426491193E-002
  4.000590482499178E-002
  4.299011535666120E-002
