 -0.263474873667604     
  0.190477886441633     
  1.271570788491028E-002
 -5.837473829544138E-003
 -8.810516944115498E-003
 -1.277960105298170E-002
  9.568994433087230E-003
  2.131375240447886E-002
  0.462433532870277     
 -0.312722438186820     
 -0.292901581536504     
 -0.172223296339567     
  2.248561191466925E-002
 -4.065710235874320E-002
  1.825389365621310E-002
 -9.248128043645210E-002
  3.102775861710905E-002
 -3.880100250808649E-002
 -3.955748561946226E-002
 -5.544618833144721E-002
 -4.708594344155870E-002
 -3.701562127467373E-002
 -3.554716340595121E-002
 -4.292807425886025E-002
 -5.025508211397600E-002
 -3.525908184484816E-002
 -4.028275100111234E-002
  3.319713879870445E-002
  5.822029775888249E-002
  4.952594241868058E-002
  5.449199825405637E-002
  5.248213158396331E-002
  4.990511121727725E-002
  5.580123323723252E-002
  4.016839423430707E-002
  4.633085058839004E-002
  5.083805137907149E-002
  4.740679731336028E-002
  4.112011499181611E-002
  4.272161411267150E-002
  3.742354456258057E-002
  3.886321514570523E-002
  3.835339869590482E-002
  3.777482240254015E-002
  4.225656580281456E-002
  3.890819743196217E-002
