 -5.051805439484536E-002
  3.431230659454165E-002
 -4.471032239103412E-002
  3.348140915804265E-005
 -5.363676381044158E-002
 -2.911427366430885E-002
  1.133847122668286E-003
 -3.014229486572884E-002
 -3.554325492536403E-002
  6.521730027041572E-002
 -7.436877094114536E-002
  6.130502341385125E-002
 -0.208459373874978     
 -2.285814526987728E-003
 -2.472152375534975E-002
 -4.781164512004654E-002
 -4.039481676580170E-002
 -4.361602256328023E-002
  2.458088852194829E-002
 -3.290921970221117E-002
 -2.997197201469515E-002
  3.433199655451080E-002
 -5.045005181497508E-002
 -4.477972630452953E-002
 -6.699839126600438E-005
 -5.344749279224370E-002
 -2.912247149538238E-002
  1.055756014445297E-003
 -3.000157173871276E-002
 -3.304453109534489E-002
  6.521041092601410E-002
 -7.429451522968566E-002
  6.124131963938240E-002
 -0.208302721158595     
 -2.277100831755696E-003
 -2.470574544760051E-002
 -4.778839367927645E-002
 -4.037699023768226E-002
 -4.357543175084722E-002
  2.465255935298849E-002
 -3.567720828527499E-002
 -3.016000985229805E-002
  5.234135226578485E-002
  4.618000060685079E-002
  3.488915330050646E-002
  4.313704032759924E-002
  4.173626414537768E-002
  7.927044496937108E-002
  4.536307329685219E-002
  4.198733755562534E-002
  4.354093518668189E-002
  4.144224616798042E-002
  4.452359372893400E-002
  4.716802539442011E-002
  5.234996142354098E-002
  4.611937180839920E-002
  3.493728420549103E-002
  4.711632277062239E-002
  4.454145775807716E-002
  7.931846804173193E-002
  4.537062651619594E-002
  4.199209444264118E-002
  4.354611221924320E-002
  4.147143033609257E-002
  4.173043843784274E-002
  4.312715869583528E-002
