           2           1   1.44113370726166     
           3           2   1.41754314863675     
           4           3   1.39050143013901     
           5           4   1.30466056244852     
           6           1   1.41072120206417     
           6           5   1.41174431303080     
           7           5   1.00624443117340     
           8           7   1.00631778808258     
           9           8   1.41179874994739     
          10           9   1.41077416863947     
          11          10   1.44106564097074     
          12          11   1.41752617248261     
          13           8   1.30444131074411     
          13          12   1.39067667505227     
          14           4   1.00935881122780     
          14          13   1.00941981732177     
          15          14  0.966594056234686     
          16          15   1.30983358058745     
          17          16   1.50573265675584     
          18          17   1.30714285265223     
          19          18   1.25460808956009     
          20          19   1.16414785212498     
          21          20   1.66011272864498     
          22          21   1.17834657524383     
          23          22   1.34968951599727     
          24          23   1.34977122985542     
          25          24   1.17832560531350     
          26          25   1.66014205437573     
          27          26   1.16412126217202     
          28          27   1.31008991319957     
          29          28   1.45209383618436     
          30          29  0.966834805441161     
          31          30   1.00933901355186     
          32          31   1.39065195310462     
          33          32   1.41756689963184     
          34          33   1.44101665114426     
          35          34   1.41082940528838     
          36          31   1.30449758181713     
          36          35   1.41173672306823     
          37          36   1.00633671796543     
          38          37   1.00625094264660     
          39          38   1.41171159955599     
          40          39   1.41075744049838     
          41          40   1.44110599778683     
          42          41   1.41755973870221     
          43          30   1.00932458572187     
          43          38   1.30468663017084     
          43          42   1.39049575632300     
          44          29   1.30979866630515     
          45          44   1.50575073126502     
          46          27   1.25456637677285     
          46          45   1.30712692585000     
          47          24   1.18210465502919     
          47          46   1.13169206806155     
          48          47   1.35725401008302     
          49          18   1.13166266232095     
          49          22   1.18216396857164     
          49          48   1.35722431568983     
          50          15   1.45229421228654     
          50          19   1.31000593975092     
          51           1  0.944583248725167     
          52           2  0.943820186021310     
          53           3  0.941381260918774     
          54           6  0.945719015125687     
          55           9  0.945698801172821     
          56          10  0.944560226437120     
          57          11  0.943823316624080     
          58          12  0.941484637736180     
          59          16  0.944246898973928     
          60          17  0.940807507924817     
          61          20  0.941542279576457     
          62          21  0.940452496660502     
          63          25  0.940451289481656     
          64          26  0.941540395756369     
          65          28  0.943543039975491     
          66          32  0.941450612030903     
          67          33  0.943820591925617     
          68          34  0.944557823181134     
          69          35  0.945697212644586     
          70          39  0.945717361693898     
          71          40  0.944581491666590     
          72          41  0.943819999029017     
          73          42  0.941374704043166     
          74          44  0.944238345976508     
          75          45  0.940809113863770     
          76          50  0.943554281682145     
