 -0.193438566530475     
  0.125514667796191     
  7.050043006080919E-002
 -0.165202223086573     
  5.235760617614638E-002
  5.235820822999981E-002
 -0.165203916232110     
  7.050218552245413E-002
  0.125521238344936     
 -0.193434005751486     
 -3.301589293021934E-003
  4.069998066227321E-004
 -2.711940079931008E-002
  1.496282354857659E-002
 -1.303996667122043E-002
 -3.496179015293954E-002
 -4.315460158540585E-002
  5.893940877107662E-002
 -0.121300843144120     
  5.339951531044163E-002
 -4.196335362079573E-002
 -3.321747216541571E-002
 -4.331471023945621E-002
 -3.305692191240617E-002
 -4.147650360174016E-002
  5.275851529513531E-002
 -4.891115933417467E-002
 -3.543026906591162E-002
 -4.645424223417205E-002
 -3.416566251889730E-002
 -4.514399670946823E-002
 -4.569964068722321E-002
 -3.704842532959951E-002
  6.096591286901987E-003
  1.496461598844423E-002
 -1.301693676699145E-002
 -3.704263837018917E-002
 -4.568022270748173E-002
  5.893497517520530E-002
 -0.121288553923316     
  5.275378428007471E-002
 -4.517916182470660E-002
 -3.417778478488476E-002
 -4.647986986782549E-002
 -3.543625351567137E-002
 -4.895534783360489E-002
  5.340015619853400E-002
 -4.196683869122975E-002
 -3.321678550760332E-002
 -4.331481216405919E-002
 -3.306061209535027E-002
 -4.147932461453596E-002
 -4.312181108427904E-002
 -3.495347460418508E-002
 -2.711632751882220E-002
  4.064640268763853E-004
 -3.289320111611538E-003
 -3.835987956298492E-002
  5.405577046176946E-002
  4.663604505211716E-002
  4.321623736644620E-002
  4.240513879123786E-002
  3.799226347849904E-002
  4.210420277138094E-002
  3.911424266945152E-002
  4.213618468211244E-002
  3.986867361911339E-002
  4.312150414559068E-002
  4.291866703786551E-002
  3.806078494373677E-002
  4.144589735683990E-002
  3.755752724367745E-002
  4.199734745694239E-002
  4.207290323065394E-002
  4.207216554319015E-002
  4.199412413668302E-002
  3.755958591095021E-002
  4.144298221976528E-002
  3.805724845005809E-002
  4.291489235572565E-002
  4.312063822305090E-002
  3.799100270732114E-002
  4.210445555075693E-002
  3.911550521690343E-002
  4.213651776029781E-002
  3.987324174449847E-002
  4.240951580317398E-002
  4.321346969245332E-002
  4.663411318054655E-002
  5.405418159396613E-002
