 -0.215492352561025     
  9.915770628900988E-002
  7.331249824494179E-003
 -1.523784212176249E-002
 -2.003942773727641E-002
  6.874473166703021E-002
 -8.293738485195679E-002
  6.941964522599697E-002
  2.168407263447447E-002
 -3.856209209525918E-002
 -3.097136337117234E-002
  5.648026806521766E-003
 -1.475220452984694E-002
 -1.065560081817019E-003
 -4.265457208997070E-002
 -3.455427321800109E-002
 -3.233134530689430E-002
 -3.555939504429428E-002
  1.784338860079338E-003
  4.686946549239313E-002
 -9.513981901069801E-002
  3.502773769022571E-002
 -4.388309065603568E-002
 -4.007544919744799E-002
 -4.965397236679081E-002
 -3.694220199908038E-002
 -2.966491513280989E-002
 -2.975434772420726E-002
 -3.697888922751513E-002
 -4.956403395310627E-002
 -3.981184031836893E-002
 -4.360852105341007E-002
  3.503243518116905E-002
  2.000484706964123E-003
 -3.618631738817424E-002
 -3.218859250046169E-002
 -3.286319558998585E-002
 -3.911117967053102E-002
  1.325938821867823E-004
 -2.809925226972698E-002
 -2.131476830625001E-002
 -0.214939831188333     
 -9.085067211359821E-003
  1.334802380852196E-002
 -2.797029206894930E-002
 -3.418986257003986E-002
 -3.932169356813819E-002
 -4.315215853129928E-002
 -1.145687832581643E-002
 -2.181147760224711E-003
 -3.880431232929915E-002
 -3.892551288290313E-002
 -3.591708407607896E-002
 -4.988021975276435E-002
  3.611715193927889E-003
  9.774732110138018E-003
  4.845431665762678E-003
 -3.538560322995465E-002
 -2.239080002747240E-002
 -2.433946304140200E-002
 -2.859973354587364E-002
  6.061926467511913E-003
  5.853063953290438E-002
  4.997560502741927E-002
  4.304454872625407E-002
  4.295374137728103E-002
  4.317118095827643E-002
  4.159392983015964E-002
  4.177072061161424E-002
  4.480088826825745E-002
  4.022613402763275E-002
  4.299872620310985E-002
  3.990194498376121E-002
  4.192852056034357E-002
  4.187764783594572E-002
  3.991877568566116E-002
  4.315362766765085E-002
  4.044982031813260E-002
  4.460885678703685E-002
  4.150134280671625E-002
  4.167740160739031E-002
  4.361205222405407E-002
  4.375274553708297E-002
  4.753857368226222E-002
  4.409267181187837E-002
  4.082778437742351E-002
  3.949212816478676E-002
  4.192115378280581E-002
  4.494371034485856E-002
  4.083488839415061E-002
  4.106708791149927E-002
  3.992357027276094E-002
  4.665847582203997E-002
  4.393593620893699E-002
  4.504218965144702E-002
  4.733652097588092E-002
