           2           1   1.00822908783976     
           3           2   1.11446308988474     
           4           3   1.07577234505517     
           5           4   1.36579233734030     
           6           5   1.46699133575101     
           7           6   1.37794695864607     
           8           7   1.48321832977659     
           9           4   1.28523725745846     
           9           8   1.32399282321487     
          10           2   1.58128339865759     
          10           9   1.09179402012895     
          11          10   1.01045521922204     
          12          11   1.72471326811585     
          13          12   1.03015531753484     
          14          13   1.56098654762130     
          15          14   1.00877472360650     
          16          14   1.12464913436607     
          17          16   1.07503450571701     
          18          17   1.36596932642353     
          19          18   1.46690264416854     
          20          19   1.37796803941371     
          21          20   1.48297249109116     
          22          13   1.09438455297144     
          22          17   1.28519158839598     
          22          21   1.32357303766741     
          23          12  0.914979944161671     
          24          23  0.958824364322697     
          25          23  0.939989829761210     
          26          23  0.865939127608522     
          27          26  0.969673325399178     
          28          26  0.960489738850098     
          29          11  0.916071821418654     
          29          26  0.865604285604595     
          30          29  0.942426471025284     
          31          29  0.957807666957009     
          32           1  0.975262558452538     
          33           1  0.970624794518383     
          34           1  0.962431214434456     
          35           5  0.945290245251650     
          36           6  0.945438682573317     
          37           7  0.945189378561064     
          38           8  0.942797833720420     
          39          15  0.963791991668288     
          40          15  0.979317694702937     
          41          15  0.964468577199397     
          42          18  0.945343928281076     
          43          19  0.945432345524185     
          44          20  0.945175661800113     
          45          21  0.942331899726129     
