 -4.282433983729028E-002
 -3.882797322055431E-002
 -4.696105763096980E-002
  1.796126504099016E-002
 -1.908135551258994E-002
 -0.217965700268683     
  4.876934338911187E-002
  2.369578373399950E-002
 -2.147180452480413E-002
 -3.288260938288712E-002
 -3.581579316766614E-003
 -3.682325159474154E-002
 -3.486889919795022E-002
 -3.283142798042604E-002
 -4.180282286583026E-002
  2.922569436862865E-004
 -5.370949626992871E-002
 -3.536535777363614E-002
  2.830697869027210E-002
 -4.006114294639751E-002
 -4.900088212715392E-002
 -1.858069530457573E-002
  1.577754993261404E-002
 -3.005126024981308E-002
 -3.579903025785303E-002
  3.644431148133076E-002
  3.727704572647483E-002
  3.550951917056189E-002
  4.843972916853445E-002
  4.287399218119181E-002
  3.848623689380648E-002
  4.077063940040149E-002
  4.065472950693749E-002
  3.677954729586730E-002
  3.959199676285041E-002
  6.219539666465546E-002
  5.469341669726713E-002
  4.673241583510046E-002
  5.795360555546458E-002
  4.070381834615855E-002
  3.858110784555313E-002
