           2           1   1.42075216044564     
           3           2   1.44981684894341     
           4           3   1.35779543941902     
           5           4   1.03989834441804     
           6           5   1.33009197292480     
           7           6   1.37775591183737     
           8           7   1.00459566952945     
           9           8   1.37078142019856     
          10           9   1.45052083255918     
          11          10   1.36450111305170     
          12          11  0.978139735980921     
          13          12   1.04026132020074     
          14          13   1.37882296154272     
          15          14   1.44505416528560     
          16          15   1.39859298461008     
          17          16   1.45776639747562     
          18          13   1.26633386446151     
          18          17   1.35337169488461     
          19          18   1.08725128377070     
          20          19   1.32533510217708     
          21          20   1.47982075451949     
          22          21   1.33679358943234     
          23          22   1.27219861620876     
          24          23   1.09283982130066     
          25          24   1.34733091313934     
          26          25   1.46102847888738     
          27          26   1.39288390785428     
          28          27   1.45240967750387     
          29          24   1.25930663638533     
          29          28   1.36849252521167     
          30          22   1.06385063450935     
          30          29   1.05981663838640     
          31          30  0.968552595007593     
          32          31   1.38688235548563     
          33          32   1.43612236566250     
          34          33   1.42841121128842     
          35          34   1.42842555823199     
          36          31   1.38701694431720     
          36          35   1.43632775547979     
          37          12   1.05624751476783     
          37          19   1.28270614985237     
          37          23   1.29743687109381     
          38          11   1.38222947979572     
          39           8   1.31618140668079     
          39          38   1.40639232300645     
          40          39  0.971211610383123     
          41          40   1.04587128391734     
          42          41   1.37540621009830     
          43          42   1.44787233516921     
          44          43   1.39638282273864     
          45          44   1.45835572980342     
          46          41   1.26277582760039     
          46          45   1.35267183275263     
          47          46   1.08958138225212     
          48          47   1.31410016099247     
          49          48   1.04786506170994     
          50          49   1.03959116672661     
          51          50   1.39237908238963     
          52          51   1.43903792211490     
          53          52   1.40527737134318     
          54          53   1.45382997551704     
          55          50   1.26887182544562     
          55          54   1.35731912955364     
          56          48   1.28884745227866     
          56          55   1.08162757225189     
          57          56   1.32464419316788     
          58          57   1.48029028291847     
          59          40   1.05833904155875     
          59          47   1.27436995429073     
          59          58   1.33881800281032     
          60           7   1.31076855408857     
          61          60   1.06938571983423     
          62          61   1.05642491872888     
          63          62   1.37644170298306     
          64          63   1.45653255630496     
          65          64   1.38638399678025     
          66          65   1.47350712271031     
          67          62   1.28878696735265     
          67          66   1.33361191911953     
          68          60   1.26190026906621     
          68          67   1.09540059511579     
          69           5   1.37227439578205     
          69          68   1.33559721702124     
          70           4   1.35983208768519     
          71           1   1.42191363132455     
          71          70   1.44841840952498     
          72           1  0.947523173354901     
          73           2  0.946151439027511     
          74           3  0.945958946890838     
          75           9  0.937156951125404     
          76          10  0.942418893263519     
          77          14  0.941842690716518     
          78          15  0.944798117269389     
          79          16  0.944942725050754     
          80          17  0.944792737388348     
          81          20  0.940329459107497     
          82          21  0.939950321416898     
          83          25  0.938663956748373     
          84          26  0.943290083178898     
          85          27  0.944710976289227     
          86          28  0.943418214232173     
          87          32  0.946473557541264     
          88          33  0.945160016570716     
          89          34  0.946199714656513     
          90          35  0.945189909713966     
          91          36  0.946853038346712     
          92          38  0.943010361226323     
          93          42  0.942279450428982     
          94          43  0.944958727638004     
          95          44  0.945117759906575     
          96          45  0.944038220782741     
          97          51  0.946092175258433     
          98          52  0.945973436846257     
          99          53  0.945195933257396     
         100          54  0.945115041714970     
         101          57  0.941114604175265     
         102          58  0.941212473982710     
         103          63  0.945778933796220     
         104          64  0.945115318111636     
         105          65  0.944903466279380     
         106          66  0.944606170753380     
         107          70  0.945483002465524     
         108          71  0.946205884438241     
