 -9.497698810293809E-002
  2.211979144049758E-002
 -9.732881056618403E-002
 -1.521371137867256E-002
 -4.085631796789002E-002
 -3.772579575775215E-002
 -3.302497166078844E-002
 -3.559795058588477E-002
  4.675412972595350E-002
 -0.119039545895522     
  6.434921792608383E-002
 -4.621506502838546E-002
 -2.435494243175729E-002
 -9.514090807444475E-003
  2.437822980092541E-004
 -6.594984497752332E-002
  5.021391899934446E-003
 -3.637861395037856E-002
  6.323118716008347E-002
 -0.116387944215219     
  5.007580543439527E-002
 -5.684009732064066E-002
 -3.659990419905501E-002
 -5.058926357170712E-002
 -4.458087868516714E-002
 -2.194057241250658E-002
  2.065002221109724E-002
 -0.102440021761579     
 -0.102266981546138     
 -2.180499927010970E-002
 -4.479623736366367E-002
 -5.132242589708458E-002
 -3.759094900677695E-002
 -5.776708140585907E-002
  5.008164715031027E-002
 -2.368220905870633E-002
 -2.087243225814195E-002
  5.577876222206068E-003
  5.376146503604540E-002
 -0.191286909570088     
  4.335184489396227E-002
 -1.863567156079604E-002
  5.784848277907617E-002
 -0.122039555297579     
  5.082443681817450E-002
 -5.690645295920760E-002
 -3.550176427230944E-002
 -4.956306566437796E-002
 -4.344286362005256E-002
 -1.924756894726887E-002
  2.153583763595979E-002
 -0.101366786090854     
 -0.102493635177697     
 -1.903570610457095E-002
 -4.323977192279305E-002
 -4.939765345774383E-002
 -3.534309299144667E-002
 -5.717070549700498E-002
  5.038554704079923E-002
  4.335935906537802E-002
 -4.652376727320906E-002
 -2.164286197900367E-002
  3.690250761198532E-002
 -0.189171637917227     
  5.179583482914563E-002
  4.724752537242649E-002
 -3.497707281760043E-002
 -3.298981124757372E-002
 -3.792239248268903E-002
 -4.091915826770887E-002
 -1.524008111751840E-002
  3.652113511334942E-002
  3.777737217795485E-002
  3.781029308147288E-002
  3.250468357275749E-002
  3.821748508409784E-002
  3.238698218344682E-002
  4.428679857177609E-002
  4.140243376340713E-002
  4.506234396322584E-002
  4.249784730500550E-002
  4.545390072137057E-002
  5.389338970985902E-002
  4.782277735224649E-002
  4.734459942732672E-002
  4.026762554926433E-002
  4.286944838935636E-002
  3.930729023451962E-002
  4.323259106022104E-002
  3.381133816453796E-002
  3.347955957047866E-002
  3.393148042516592E-002
  3.445023387247514E-002
  3.369274357266538E-002
  3.389710423162273E-002
  4.335977468911589E-002
  3.923218247308535E-002
  4.265009462337677E-002
  4.015861223390738E-002
  4.592662525952629E-002
  5.516442527533905E-002
  4.903462241088663E-002
  3.850004318726485E-002
  4.286885053676015E-002
  3.910539634572385E-002
  4.316022603217651E-002
  3.352157298667846E-002
  3.491319534145509E-002
  3.354879616908824E-002
  3.375943101524614E-002
  3.375131619189120E-002
  3.427489446860976E-002
  4.315210603838182E-002
  3.907468052526175E-002
  4.283272167304453E-002
  3.823643639335028E-002
  5.390490818817462E-002
  4.261099349936370E-002
  4.437904972998163E-002
  4.129970743926659E-002
  4.425682094361860E-002
