 -9.772731535657453E-002
 -5.259726140237841E-002
 -5.613882853301266E-002
 -6.829533688786871E-002
 -2.728062419190813E-002
 -5.285594096746227E-002
 -9.218869306651190E-002
  1.046793637625010E-002
 -8.390300863991484E-002
  3.073758293189188E-002
 -4.116188967465728E-002
 -3.943781156717474E-002
  4.598295020904075E-002
 -9.347464770252500E-002
  3.536745566053678E-002
 -4.463539696089036E-002
 -4.048519937413086E-002
 -5.004053337688408E-002
 -3.738530159525588E-002
 -2.979769210788152E-002
 -2.953543922523494E-002
 -3.726225340852007E-002
 -5.014133671915211E-002
 -4.087691376184743E-002
 -4.524726747249197E-002
  3.512148614920774E-002
 -3.639985124832101E-002
 -2.274574439223098E-002
 -2.309601479571910E-002
 -3.653434989331394E-002
  4.582702576311126E-002
 -9.346992135676757E-002
  3.513792345684719E-002
 -4.525565808839183E-002
 -4.091614599444959E-002
 -5.015855020468418E-002
 -3.726585232115553E-002
 -2.952732818196413E-002
 -2.985875100328794E-002
 -3.741968976903731E-002
 -5.008670127126091E-002
 -4.052302841033750E-002
 -4.468872492773013E-002
  3.533328955214765E-002
 -3.973319376568263E-002
 -4.199797852306197E-002
  2.877076116899113E-002
  3.361403461554047E-002
  2.603016323270002E-002
  3.191747452607174E-002
  2.947021263865091E-002
  3.039827332240341E-002
  3.070351229257473E-002
  3.137624635551717E-002
  2.842361805973503E-002
  3.910580302463462E-002
  3.244678351987718E-002
  3.747270496911903E-002
  2.589477103040128E-002
  2.958679608401993E-002
  3.631352035537905E-002
  2.909708465224181E-002
  4.645006869287216E-002
  5.314721920458010E-002
  4.685650682463616E-002
  4.677522922584920E-002
  4.035642090287372E-002
  4.282754725536320E-002
  3.974794742186372E-002
  4.172250545290956E-002
  4.182457603797962E-002
  3.976788290841515E-002
  4.278399580546943E-002
  4.000943419454006E-002
  4.550250351179796E-002
  4.538245295814813E-002
  4.003395801917375E-002
  4.275235367261521E-002
  3.975726379594291E-002
  4.182346554083483E-002
  4.170022408010299E-002
  3.973613684274846E-002
  4.281651448767487E-002
  4.036765083819560E-002
  4.646679735851822E-002
  4.694011115966323E-002
