           2           1   1.42415350970698     
           3           2   1.44359626057758     
           4           3   1.37130014140263     
           5           4  0.996821658514174     
           6           5  0.998199060508902     
           7           6   1.37084060497083     
           8           7   1.44373439872361     
           9           8   1.42412827911022     
          10           9   1.42402000678380     
          11           6   1.37083475529776     
          11          10   1.44386639989621     
          12           5  0.994360525717685     
          13          12   1.36103459351749     
          14          13   1.43510057763320     
          15          14   1.39705352269455     
          16          15   1.24564439733524     
          17          12   1.37398990024510     
          17          16   1.39432246313298     
          18          16   1.05648672530342     
          19          18   1.38023702729033     
          20          19   1.36248431292759     
          21          20  0.984608678394707     
          22          21   1.00118991133001     
          23          22   1.36946282147843     
          24          23   1.44455659931497     
          25          24   1.42368800257142     
          26          25   1.42371949900141     
          27          22   1.36928936773788     
          27          26   1.44433265706441     
          28          21   1.00109919976523     
          29          28   1.36947362072082     
          30          29   1.44401669572770     
          31          30   1.42401536468765     
          32          31   1.42339271201054     
          33          28   1.36924966278509     
          33          32   1.44486642518393     
          34          20   1.38360953831192     
          35          34   1.35705243215825     
          36          35   1.08129029040967     
          37          36   1.21472626143764     
          38          37   1.26634107710026     
          39          38   1.54471976360882     
          40          39   1.31259816355257     
          41          40   1.54685891702615     
          42          37   1.21659557414204     
          42          41   1.26335683410524     
          43          42   1.24650527364879     
          44          43   1.54670497885502     
          45          36   1.33005188271910     
          45          44   1.28992247330863     
          46          15   1.02561716477652     
          46          45   1.04694964272560     
          47          18   1.27470203563340     
          47          35   1.26962107654768     
          47          46   1.08681349614651     
          48           4   1.37122439240851     
          49           1   1.42417400195189     
          49          48   1.44363761277790     
          50           1  0.946590164677176     
          51           2  0.945277373338143     
          52           3  0.946333593713122     
          53           7  0.946224775345954     
          54           8  0.945297045567362     
          55           9  0.946600211668843     
          56          10  0.945293359612492     
          57          11  0.946239694827157     
          58          13  0.941882837704352     
          59          14  0.941037271620074     
          60          17  0.941689521579944     
          61          19  0.942945959534047     
          62          23  0.946131098056655     
          63          24  0.945311126863791     
          64          25  0.946639979159753     
          65          26  0.945281527004167     
          66          27  0.946196230261046     
          67          29  0.946164100892150     
          68          30  0.945281822837870     
          69          31  0.946632779549066     
          70          32  0.945289383578853     
          71          33  0.946192098572464     
          72          34  0.940038116231719     
          73          38  0.942983519841293     
          74          39  0.945506428130800     
          75          40  0.945890649690616     
          76          41  0.944393835623189     
          77          43  0.940228208334472     
          78          44  0.941913068548551     
          79          48  0.946286005070070     
          80          49  0.945285955092974     
