 -0.341657193747406     
  0.414214588061780     
 -0.341847566784081     
  1.647641019175694E-003
 -1.183452831511467E-002
 -2.133439006188276E-002
 -2.230970051750170E-002
 -2.217641352279465E-002
 -1.476388802748296E-002
 -7.072009815249913E-003
 -1.199249366640220E-002
 -2.657979521207121E-002
  7.170351667110841E-002
 -9.487837214514538E-002
  3.492347053638811E-002
 -4.541090362172984E-002
 -3.911275492192789E-002
 -4.681577376451518E-002
 -3.497081464726559E-002
 -2.660010639806742E-002
 -2.735260408918716E-002
 -3.534415208200326E-002
 -4.651023211813499E-002
 -3.756787718764798E-002
 -4.351032895973539E-002
  3.539274476132093E-002
 -2.580755994743633E-002
 -8.562957150830108E-003
  4.934566820242103E-002
  4.715088486614583E-002
  4.468691233897759E-002
  4.681042621600151E-002
  4.701296783769238E-002
  5.253977947706268E-002
  4.925546969586547E-002
  3.965876113768974E-002
  4.329237349800397E-002
  4.060289262581707E-002
  4.276561153931180E-002
  4.244270868416788E-002
  4.063542412967880E-002
  4.402525494534293E-002
  4.128308979761486E-002
  4.962148773665798E-002
  5.500074292540869E-002
