           2           1   1.76727026132216     
           3           2   1.76717167956839     
           4           2  0.747490231037737     
           5           4   1.41474512362520     
           6           5   1.41580147479722     
           7           6   1.43367139367718     
           8           7   1.43059705787329     
           9           4   1.41228151046601     
           9           8   1.41917990267264     
          10           2  0.753029612501343     
          11          10   1.40393424365354     
          12          11   1.43223363450619     
          13          12   1.37692398035293     
          14          13  0.985661989277654     
          15          14   1.05101179509216     
          16          15   1.37175335874806     
          17          16   1.44961400280312     
          18          17   1.39618007523542     
          19          18   1.45909509258691     
          20          15   1.26649894034080     
          20          19   1.35464552224019     
          21          20   1.08585395377856     
          22          21   1.35390686607247     
          23          22   1.45975756609800     
          24          23   1.39577182231672     
          25          24   1.45002924396646     
          26          14   1.04925589698716     
          26          21   1.26749324993091     
          26          25   1.37173574741938     
          27          13   1.37984878838855     
          28          10   1.40666554971575     
          28          27   1.42860889643788     
          29           5  0.945172239597698     
          30           6  0.942553809517144     
          31           7  0.943126215122219     
          32           8  0.942688206585101     
          33           9  0.946342067519428     
          34          11  0.943484756092083     
          35          12  0.940913250841651     
          36          16  0.943624733249507     
          37          17  0.944745431295825     
          38          18  0.944975671085942     
          39          19  0.944669243703305     
          40          22  0.944704138595313     
          41          23  0.944955444623554     
          42          24  0.944638461776385     
          43          25  0.943385223947143     
          44          27  0.940750105273797     
          45          28  0.942243513208914     
