 -2.503134059467804E-002
  2.237572453382164E-002
 -0.181003326140720     
  1.868282363261997E-002
  2.597139525279957E-003
 -1.779083359667588E-003
 -3.744176178966008E-002
 -3.321401691747727E-002
 -9.588257421353852E-002
  0.312043192673206     
 -0.100326978075508     
 -3.064081934208840E-002
 -3.466109047899479E-002
  6.486682104345887E-002
 -9.469861797817902E-002
  3.511443721302587E-002
 -4.483484108658242E-002
 -3.966205387996169E-002
 -4.828166082149288E-002
 -3.611341579488236E-002
 -2.820112334197589E-002
 -2.828195588383675E-002
 -3.613206939306668E-002
 -4.819702823509431E-002
 -3.942585272839860E-002
 -4.464469510693192E-002
  3.518347084344464E-002
 -3.532919550557612E-002
 -3.125656112796094E-002
 -0.100589415720577     
 -3.076442187577566E-002
 -3.482875681261177E-002
  6.469557576010221E-002
 -9.471672277281495E-002
  3.514662678030511E-002
 -4.492174092572121E-002
 -3.973890744284159E-002
 -4.829373396165426E-002
 -3.606399732023213E-002
 -2.817824161246119E-002
 -2.827645472194540E-002
 -3.610550504921139E-002
 -4.818926366596266E-002
 -3.943282085898137E-002
 -4.463383080700822E-002
  3.520204448260866E-002
 -3.527479526653288E-002
 -3.132237780175107E-002
 -0.100185597449221     
 -3.021188242455519E-002
 -3.439210742436227E-002
  6.499974801903896E-002
 -9.464957575210597E-002
  3.514504832354870E-002
 -4.480576984415752E-002
 -3.959968240034772E-002
 -4.826227819872120E-002
 -3.611290514051912E-002
 -2.818862942156919E-002
 -2.825948551837865E-002
 -3.615074001924601E-002
 -4.823082071457208E-002
 -3.943486792126993E-002
 -4.462636258473918E-002
  3.521481731925169E-002
 -3.526472433422079E-002
 -3.145001975907924E-002
 -3.329812488000705E-002
 -3.605445989066336E-002
 -2.029360635637545E-002
  4.111484211694694E-002
  5.064572577512538E-002
  5.001028188907386E-002
  3.986743663947001E-002
  4.136455459372579E-002
  4.493949860992419E-002
  4.253720285802221E-002
  4.038398077789129E-002
  4.308743655172920E-002
  4.016579327070591E-002
  4.222093011643802E-002
  4.217863770132102E-002
  4.020610464209629E-002
  4.325336875369012E-002
  4.048118757079200E-002
  4.237301023939422E-002
  4.450437907700910E-002
  4.511449519472566E-002
  4.258428151370786E-002
  4.019221456516486E-002
  4.302135200915125E-002
  4.016816809262791E-002
  4.224025777507667E-002
  4.218396104223299E-002
  4.019206151526122E-002
  4.320011317762207E-002
  4.053499986321496E-002
  4.242441660675322E-002
  4.464648997109577E-002
  4.513716288397573E-002
  4.275503237850287E-002
  4.027713583348724E-002
  4.313098158527617E-002
  4.015793394572686E-002
  4.219565530820601E-002
  4.216186743981887E-002
  4.016820932200071E-002
  4.322051534868432E-002
  4.052174243364237E-002
  4.241237662896125E-002
  4.445914154565711E-002
  4.138163925039551E-002
  4.110454349386095E-002
  3.965409838855327E-002
