 -3.368702618420549E-002
 -2.907867087562011E-002
 -2.962313775860270E-002
  1.036542984192623E-002
  5.398281448966946E-002
 -0.186970439133665     
  4.099302378600633E-002
 -2.106833609772352E-002
 -2.453029568443110E-002
  6.257238887469230E-002
 -0.125965541329069     
  4.755984129049784E-002
 -5.434814924739850E-002
 -4.354629309360547E-002
 -4.891966398305758E-002
 -4.713374620012267E-002
  7.372850473155967E-002
 -0.139239233984508     
  7.433503724265522E-002
 -4.690567020137149E-002
 -4.889355734995959E-002
 -4.410114254169084E-002
 -5.530698537023149E-002
  4.675071705134082E-002
 -2.612330573424693E-002
  4.597114299678928E-002
 -0.184283413152987     
  5.431234161448995E-002
  1.087483533154909E-002
 -3.625319592025189E-002
 -2.985158272981625E-002
 -3.364926998830686E-002
 -2.882165915192125E-002
 -2.922609769107076E-002
 -3.620097860330240E-002
 -2.988893593756980E-002
  3.986461977303590E-002
  4.008906231741971E-002
  4.238996487674818E-002
  4.989634915118579E-002
  4.795780441823738E-002
  4.423632063252925E-002
  4.377933745563789E-002
  4.242160580240872E-002
  4.057414590409936E-002
  4.081285155835235E-002
  4.251400850672105E-002
  4.360767871711380E-002
  4.343756275304944E-002
  4.463939921907589E-002
  4.133604233692090E-002
  4.021645978227828E-002
  3.989078608547814E-002
  4.019212412303619E-002
  4.268671537039836E-002
  4.138287899515880E-002
  4.024453291468333E-002
