           2           1   1.42510393207869     
           3           2   1.44336543669041     
           4           3   1.36668530204469     
           5           4   1.01403879267249     
           6           5   1.49780864271153     
           7           6   1.24590256677809     
           8           7   1.26519557402030     
           9           8   1.55488004980107     
          10           9   1.26437497112170     
          11          10  0.972527960387983     
          12          11   1.00708069334341     
          13          12   1.39185922176860     
          14          13   1.41735386769908     
          15          14   1.44082077990588     
          16          15   1.41163861729785     
          17          12   1.30454290946082     
          17          16   1.41071552993293     
          18          17   1.00750910264871     
          19          18   1.00850672057567     
          20          19   1.41066222583478     
          21          20   1.41130490090857     
          22          21   1.44083612726031     
          23          22   1.41757826244686     
          24          11   1.00916793031883     
          24          19   1.30406408020332     
          24          23   1.39058374178530     
          25          10   1.49172703484263     
          26           7   1.19702434101423     
          26          25   1.27985103211619     
          27          26   1.23476842142012     
          28           5   1.16081174119480     
          28          27   1.50326106761126     
          29          28   1.01256770628706     
          30          29   1.36612779565866     
          31          30   1.44604287306294     
          32          31   1.42258619432592     
          33          32   1.42538654305256     
          34          29   1.36733621486139     
          34          33   1.44300120164898     
          35           4   1.36568472379477     
          36           1   1.42255088362542     
          36          35   1.44618670881406     
          37           1  0.947353253980213     
          38           2  0.946137796543322     
          39           3  0.946929046596384     
          40           8  0.940261379145043     
          41           9  0.943925276505420     
          42          13  0.940732086193915     
          43          14  0.943815124589079     
          44          15  0.944536633950338     
          45          16  0.945732998733979     
          46          20  0.945753675975401     
          47          21  0.944610571281822     
          48          22  0.943875513372383     
          49          23  0.941244304943093     
          50          25  0.942220951958132     
          51          30  0.945521701977960     
          52          31  0.946237704051888     
          53          32  0.947343055451258     
          54          33  0.946129590439602     
          55          34  0.946917108443881     
          56          35  0.945478862788861     
          57          36  0.946236698508856     
