           2           1  0.966096236838842     
           3           2  0.966409514383652     
           4           2  0.976759140423160     
           5           2  0.937742066517245     
           6           5   1.35316553091209     
           7           6   1.45994922747252     
           8           7   1.36439846973483     
           9           8   1.26729009398204     
          10           5   1.42775047873323     
          10           9   1.35315200762421     
          11           9   1.08351557785222     
          12          11   1.35362425885219     
          13          12   1.42732405843425     
          14          13  0.937733703864292     
          15          14  0.976785091620225     
          16          14  0.966145030711123     
          17          14  0.966338125633644     
          18          13   1.35346381930874     
          19          18   1.45961468023035     
          20          11   1.26667432462098     
          20          19   1.36451214483274     
          21           8   1.05252579244920     
          21          20   1.05348384370919     
          22          21  0.983341551655209     
          23          22   1.37196319822564     
          24          23   1.45635656208544     
          25          24   1.35754330094938     
          26          25   1.02471109154003     
          27          26   1.46999915777724     
          28          27   1.32783096927532     
          29          28   1.46996281141651     
          30          29   1.02473304117166     
          31          30   1.35396914215667     
          32          31   1.45749137329628     
          33          32   1.37105872673181     
          34          33  0.983383456739954     
          35          34   1.05343246948678     
          36          35   1.36447052068449     
          37          36   1.45966334006169     
          38          37   1.35342729496112     
          39          38  0.937739280924590     
          40          39  0.966414525021326     
          41          39  0.976785005644406     
          42          39  0.966064713204162     
          43          38   1.42735417052153     
          44          35   1.26673744566017     
          44          43   1.35357896125637     
          45          44   1.08351158036619     
          46          45   1.35319545891090     
          47          46   1.42771896083136     
          48          47  0.937736870953018     
          49          48  0.966116228817153     
          50          48  0.966395275571439     
          51          48  0.976757578738680     
          52          47   1.35319853594910     
          53          52   1.45990391070452     
          54          34   1.05256142287646     
          54          45   1.26723537508921     
          54          53   1.36443719374301     
          55          33   1.37207020470375     
          56          30   1.35758648630888     
          56          55   1.45627469291465     
          57          29   1.18771136057764     
          58          57   1.38259285776274     
          59          58   1.33860701216878     
          60          59   1.33859484126782     
          61          26   1.18767334010843     
          61          57   1.11749030963143     
          61          60   1.38261395654648     
          62          25   1.35404278453582     
          63          22   1.37120712073889     
          63          62   1.45738495607774     
          64           1  0.978173059631762     
          65           1  0.977932425239148     
          66           1  0.976057432100811     
          67           3  0.975998622504953     
          68           3  0.978185816374433     
          69           3  0.977907632784331     
          70           4  0.977639786223190     
          71           4  0.977520145590334     
          72           4  0.978312314843513     
          73           6  0.941798405057567     
          74           7  0.941642905785171     
          75          10  0.942206404492535     
          76          12  0.942178888437836     
          77          15  0.978311233720337     
          78          15  0.977530274578363     
          79          15  0.977607109608466     
          80          16  0.977927931614554     
          81          16  0.978162880713197     
          82          16  0.976066397700686     
          83          17  0.977896848884608     
          84          17  0.978171114188923     
          85          17  0.976047070707975     
          86          18  0.941863609208821     
          87          19  0.941831792840579     
          88          23  0.944372593736995     
          89          24  0.941001766036550     
          90          27  0.940683352952041     
          91          28  0.940678457822566     
          92          31  0.943284967838566     
          93          32  0.944217731753621     
          94          36  0.941809798316299     
          95          37  0.941860153125788     
          96          40  0.978187623542256     
          97          40  0.976014352033508     
          98          40  0.977897838469325     
          99          41  0.978310325980411     
         100          41  0.977494484353296     
         101          41  0.977643719261652     
         102          42  0.976096811043202     
         103          42  0.977927699950654     
         104          42  0.978147395859313     
         105          43  0.942183244753797     
         106          46  0.942203982112045     
         107          49  0.977933548534662     
         108          49  0.978172742171350     
         109          49  0.976054608036296     
         110          50  0.976001520351057     
         111          50  0.977904317975401     
         112          50  0.978183720619325     
         113          51  0.978315644217897     
         114          51  0.977524161132891     
         115          51  0.977633292835762     
         116          52  0.941797159718663     
         117          53  0.941658856266340     
         118          55  0.944369297012523     
         119          56  0.940997405417247     
         120          62  0.943281897083325     
         121          63  0.944220844537649     
