           2           1  0.992890192365282     
           3           2   1.04241679662665     
           4           3   1.36814941439892     
           5           4   1.44008460071499     
           6           5   1.38087961083988     
           7           6  0.987604707640916     
           8           7  0.985885086447348     
           9           8   1.38093560418022     
          10           9   1.44048413295532     
          11          10   1.36769384620513     
          12          11   1.04286431014089     
          13          12  0.992704260940671     
          14          11   1.35475537391956     
          15           8   1.35914882760899     
          15          14   1.46736409192094     
          16           7   1.02275738072346     
          17          16   1.35137908831692     
          18          17   1.46768473942722     
          19          18   1.35310273914776     
          20          19   1.01980856225845     
          21          20   1.34502039758469     
          22          21   1.45952865304936     
          23          22   1.35331644485723     
          24          23   1.29229118747252     
          25          20   1.36625968335030     
          25          24   1.38747325353200     
          26          24  0.990830962685738     
          27          26   1.78350227184936     
          28          26   1.00760563159261     
          29          28   1.35323242592563     
          30          29   1.45970608645228     
          31          30   1.34470307175623     
          32          31   1.02058398068510     
          33          32   1.35277466330994     
          34          33   1.46784055906381     
          35          34   1.35149968298356     
          36          35   1.02211999313152     
          37          36  0.986123779565893     
          38          37   1.35905769391538     
          39          38   1.46736845776809     
          40          39   1.35475688013327     
          41          40   1.04282424880953     
          42          41  0.992709421812798     
          43          40   1.36768832773774     
          44          37   1.38085043576633     
          44          43   1.44054155650756     
          45          36  0.987875716177970     
          46          45   1.38078822314920     
          47          46   1.44014734855426     
          48          47   1.36813692555133     
          49          48   1.04236915387814     
          50          49  0.992898059626065     
          51          48   1.35451603630106     
          52          45   1.35812298026892     
          52          51   1.46792411214552     
          53          35   1.35274871852069     
          54          32   1.35415995971799     
          54          53   1.46615601761061     
          55          31   1.36588994391521     
          56          28   1.29220452945548     
          56          55   1.38765653502871     
          57          23   1.00759203514988     
          57          56  0.990858652659627     
          58          57   1.78349895358553     
          59          19   1.35445900051443     
          60          16   1.35256959576815     
          60          59   1.46606314088730     
          61           6   1.35822562184689     
          62           3   1.35450415248889     
          62          61   1.46792668461639     
          63           1  0.980530105958088     
          64           1  0.980501783570594     
          65           1  0.989456571101496     
          66           4  0.943842157785749     
          67           5  0.944102799670483     
          68           9  0.944056196936045     
          69          10  0.943785684990137     
          70          13  0.980446834676294     
          71          13  0.980597538377730     
          72          13  0.989472878881226     
          73          14  0.945679675280823     
          74          15  0.944794025758470     
          75          17  0.943659158097903     
          76          18  0.943417209413686     
          77          21  0.943508813596197     
          78          22  0.942403823592042     
          79          25  0.942371302651730     
          80          29  0.942411721175665     
          81          30  0.943488966469535     
          82          33  0.943371003492706     
          83          34  0.943721482319966     
          84          38  0.944793897423661     
          85          39  0.945681063348339     
          86          42  0.989472447494967     
          87          42  0.980454346130194     
          88          42  0.980588443642383     
          89          43  0.943785474112213     
          90          44  0.944045905343607     
          91          46  0.944109356930639     
          92          47  0.943843738115814     
          93          50  0.980559312727683     
          94          50  0.989455574564242     
          95          50  0.980469493567963     
          96          51  0.945669753074905     
          97          52  0.944701461664228     
          98          53  0.943761458704471     
          99          54  0.943586456690644     
         100          55  0.942299842304595     
         101          59  0.943641503126810     
         102          60  0.943721936319434     
         103          61  0.944716477399625     
         104          62  0.945670296346696     
