           2           1  0.991567886209476     
           3           2   1.41212494730413     
           4           3   1.38073273137199     
           5           4  0.974012147629534     
           6           5   1.05754304573048     
           7           6   1.36891142255882     
           8           7   1.45236927695162     
           9           8   1.39387341366491     
          10           9   1.46051300493622     
          11           6   1.26395428190855     
          11          10   1.35357336867508     
          12          11   1.08852669994645     
          13          12   1.35336194634018     
          14          13   1.46071269096632     
          15          14   1.39378084084318     
          16          15   1.45242446948067     
          17           5   1.05701073170923     
          17          12   1.26417040576372     
          17          16   1.36898726403686     
          18           4   1.38425201023854     
          19          18   1.43492564429846     
          20           2   1.34615409020152     
          20          19   1.39542242240023     
          21          20  0.960965553919306     
          22          21   1.39596552790758     
          23          22   1.43377028829173     
          24          23   1.38620573902001     
          25          24  0.967052056030021     
          26          25   1.05067512882539     
          27          26   1.37093071112388     
          28          27   1.45115816257879     
          29          28   1.39519426165051     
          30          29   1.45978995412994     
          31          26   1.26668324331678     
          31          30   1.35430899033142     
          32          31   1.08404184459734     
          33          32   1.37828162051017     
          34          33   1.37845320363335     
          35          34  0.997093317691592     
          36          35   1.81655572084098     
          37          35  0.959918426802611     
          38          37   1.36798924531955     
          39          38   1.44593523036610     
          40          39   1.38304840339077     
          41          40  0.949673897781441     
          42          41   1.03233463008431     
          43          42   1.35493194641347     
          44          43   1.45158270621955     
          45          44   1.41542653443854     
          46          45   1.43117926215618     
          47          42   1.33122246700444     
          47          46   1.40274211772211     
          48          47  0.947117123254277     
          49          48  0.953575983845538     
          50          48  0.953399698611566     
          51          48  0.947057809797093     
          52          51   1.40197575477118     
          53          52   1.43179047573575     
          54          53   1.41518877867513     
          55          54   1.45165536404120     
          56          41   1.03042641048746     
          56          51   1.33227798989848     
          56          55   1.35544906219606     
          57          40   1.38329255985289     
          58          37   1.36819093549881     
          58          57   1.44471832335047     
          59          34   1.31464156678616     
          60          59   1.48142230204885     
          61          25   1.08023736344412     
          61          32   1.24698336045545     
          61          60   1.34786169133118     
          62          24   1.38332905953139     
          63          21   1.34656968039900     
          63          62   1.41060959633504     
          64          63  0.991889210712427     
          65           1  0.971423111938027     
          66           1  0.978913373970048     
          67           1  0.969612390336342     
          68           3  0.942636958298459     
          69           7  0.943698602299413     
          70           8  0.944817067117100     
          71           9  0.945111630287220     
          72          10  0.944708625612341     
          73          13  0.944706657038931     
          74          14  0.945095449598815     
          75          15  0.944781998715015     
          76          16  0.943731891758889     
          77          18  0.943470967626638     
          78          19  0.941971602478503     
          79          22  0.941769119455982     
          80          23  0.943537010414973     
          81          27  0.943698608863910     
          82          28  0.944651291823285     
          83          29  0.944938603712204     
          84          30  0.944673947223175     
          85          33  0.940347318265834     
          86          38  0.943942147485311     
          87          39  0.944944298905230     
          88          43  0.941345478721484     
          89          44  0.943992931477288     
          90          45  0.944852122034396     
          91          46  0.942318950666681     
          92          49  0.975791034926242     
          93          49  0.975859047689303     
          94          49  0.977554047116227     
          95          50  0.975807629395716     
          96          50  0.977514966926365     
          97          50  0.975904467639820     
          98          52  0.942345840164269     
          99          53  0.944830729377669     
         100          54  0.943904211709240     
         101          55  0.941344741079682     
         102          57  0.945171089679660     
         103          58  0.942536006691217     
         104          59  0.942832645311681     
         105          60  0.941209096911633     
         106          62  0.942832223287857     
         107          64  0.978875001069822     
         108          64  0.971405942312952     
         109          64  0.969297809290395     
