 -0.238362843562610     
  0.143853961193901     
 -1.803447697975180E-002
 -2.401676605038183E-002
 -2.699624807668322E-002
 -2.774193178923401E-002
 -3.648321230118334E-002
 -7.107741514495558E-003
  1.836621917230108E-002
 -4.397939919673632E-003
 -4.109270299073753E-002
 -3.269749101688113E-002
 -3.614713709536943E-002
 -3.274903007936558E-002
 -4.321316970963540E-002
 -4.770819392660108E-003
 -4.443240111140678E-002
 -3.466334993620990E-002
  4.372126518729269E-002
 -5.930389980802975E-002
 -3.362528432205725E-002
 -4.409496961338721E-002
 -6.120932551520575E-003
 -3.574352746769982E-002
 -2.743683445042855E-002
 -2.689882264746402E-002
 -2.420662401557028E-002
 -1.800349303070270E-002
  4.800938403105071E-002
  4.155363463296635E-002
  4.320878124129224E-002
  4.202628224470661E-002
  3.746761632442519E-002
  3.950847402717195E-002
  3.894778928393750E-002
  3.992612811496854E-002
  3.945558780601210E-002
  4.259323506312884E-002
  4.538350989353901E-002
  4.583297654022767E-002
  4.355405372925791E-002
  4.172104749170469E-002
  4.347981584424532E-002
  4.166885889046168E-002
  4.806302872055435E-002
