           2           1  0.950420585914406     
           3           2  0.973607225163763     
           4           2  0.939073414480396     
           5           4   1.40498574398197     
           6           5   1.42632496197298     
           7           6   1.42819392730698     
           8           7   1.43163356801752     
           9           4   1.34031474294324     
           9           8   1.38857082773927     
          10           9  0.980614536309265     
          11          10   1.09785982302033     
          12          11   1.20963023601912     
          13          12   1.59661253279205     
          14          13   1.22094404312350     
          15          14   1.27120709195435     
          16          15   1.53789114663087     
          17          16   1.31735290214290     
          18          17   1.50997121610981     
          19          18  0.951524519548176     
          20          19   1.01876702709038     
          21          20   1.37036872395927     
          22          21   1.44041022329436     
          23          22   1.42428855444439     
          24          23   1.42200731870832     
          25          20   1.32300271606384     
          25          24   1.41089200357051     
          26          25  0.942576093553253     
          27          26  0.945446179637318     
          28          26  0.973316952410772     
          29          26  0.942691021076773     
          30          29   1.41278788267733     
          31          30   1.42213997402779     
          32          31   1.42352311960227     
          33          32   1.44021644293640     
          34          19   1.01893703632281     
          34          29   1.32217106477434     
          34          33   1.37161440890870     
          35          14   1.21764903722175     
          35          18   1.22156880205019     
          36          11   1.43921353748725     
          36          35   1.24912721843868     
          37          10  0.964385513798139     
          38          37   1.39410548431294     
          39          38   1.43118378253205     
          40          39   1.42798912282642     
          41          40   1.42757884269860     
          42           2  0.937851644269160     
          42          37   1.34599041976221     
          42          41   1.40286876838184     
          43           1  0.978080735435868     
          44           1  0.976954433181519     
          45           1  0.975367361787302     
          46           3  0.977133705608667     
          47           3  0.978557204162025     
          48           3  0.977485877656519     
          49           5  0.942845171159422     
          50           6  0.944367248233248     
          51           7  0.943818151482047     
          52           8  0.943992735423502     
          53          12  0.940340398256727     
          54          13  0.939352375364683     
          55          15  0.941544155093804     
          56          16  0.943479314198372     
          57          17  0.944976934469076     
          58          21  0.941731743106223     
          59          22  0.944193867635346     
          60          23  0.944891410469455     
          61          24  0.942768851462490     
          62          27  0.976134001408862     
          63          27  0.977112477367812     
          64          27  0.977118574105563     
          65          28  0.977145336106716     
          66          28  0.976983054400033     
          67          28  0.977174723550943     
          68          30  0.942696842506934     
          69          31  0.944871206956883     
          70          32  0.943591651026109     
          71          33  0.941274680202975     
          72          38  0.942168712164720     
          73          39  0.940579220779915     
          74          40  0.944248766524530     
          75          41  0.943127865096914     
