 -9.076925451718587E-002
 -4.911733219201153E-002
 -6.100679256095987E-002
 -5.947638394155597E-002
 -5.165798675466338E-002
  5.938470197984103E-003
 -0.115507564387046     
  3.239054848221645E-002
 -8.619248097844068E-002
 -3.055378144075771E-002
 -1.179994649873795E-002
 -6.814759304826445E-002
 -6.032752144854214E-003
 -1.288639310140649E-002
 -5.015476858347867E-002
 -3.087236272878435E-003
 -1.616733107569601E-003
 -3.408145718512134E-002
 -2.800661356751899E-002
  8.689817518132337E-002
 -0.141844581209232     
 -2.790504243079361E-002
 -3.346921148516824E-002
 -4.276403503066373E-002
 -3.611319310330696E-002
 -1.813367943312638E-002
 -1.519751070010589E-002
 -3.453021274182788E-002
 -4.138928318994051E-002
 -2.982628230972395E-003
 -2.858510197810027E-003
 -3.359638314102575E-002
 -2.770947154024039E-002
  8.819805164787375E-002
 -0.140148596560128     
 -2.775162975870060E-002
 -3.368244128980447E-002
 -4.321689348568736E-002
 -9.965815340046369E-003
 -7.308520573557775E-002
  7.817368170154859E-002
 -0.122350724534011     
  6.740147364542537E-002
 -4.777046622281400E-002
 -5.269623302554205E-002
 -4.530223039493997E-002
 -5.903099107058019E-002
  4.088834069470870E-002
  2.783641063262476E-002
  3.618805361010013E-002
  2.851605176314709E-002
  2.921100313719538E-002
  2.548169365480824E-002
  2.202688836691458E-002
  2.583880568329222E-002
  2.329264736207892E-002
  2.952654555348511E-002
  3.365419137373071E-002
  3.029895480105338E-002
  5.564964283331875E-002
  5.169147964515453E-002
  4.479173692497418E-002
  4.856699340729975E-002
  4.759225431256109E-002
  3.510483188040980E-002
  5.831277422630232E-002
  4.517969800497701E-002
  4.636556806954883E-002
  4.230506874318141E-002
  4.513438549524251E-002
  4.807381857581328E-002
  4.100230598592436E-002
  4.105972746267772E-002
  4.227812313735557E-002
  4.126349550445929E-002
  4.543931662930079E-002
  4.300623045226093E-002
  4.301485755499312E-002
  4.521169542825465E-002
  3.853659815573429E-002
  4.137815014500990E-002
  4.010571454869138E-002
  4.241325033749976E-002
  4.336772770521735E-002
  4.498460747872979E-002
