           2           1  0.953728089473478     
           3           2  0.953489568055580     
           4           2  0.946893558521062     
           5           4   1.40320948043701     
           6           5   1.43067300169809     
           7           6   1.41604761981398     
           8           7   1.45096973255724     
           9           4   1.33089658891237     
           9           8   1.35549232665550     
          10           9   1.03210022700533     
          11          10  0.945455648776781     
          12          11   1.40109817244119     
          13          12   1.36764422299057     
          14          13   1.01216601535960     
          15          14   1.37549056818462     
          16          15   1.35817990007494     
          17          16   1.02823576721298     
          18          17   1.35261282803158     
          19          18   1.46309212619600     
          20          19   1.36128888440647     
          21          20   1.00581002754472     
          22          21   1.37225330373816     
          23          22   1.44300433657893     
          24          23   1.42551447243364     
          25          24   1.42554691695231     
          26          21   1.37224220124830     
          26          25   1.44296298010660     
          27          20   1.36421654703561     
          28          17   1.35765809301965     
          28          27   1.45958626444276     
          29          16   1.34326757252025     
          30          29   1.36015436279741     
          31          30   1.03891213671400     
          32          31   1.35925806405324     
          33          32   1.44976674156302     
          34          33   1.42134346914170     
          35          34   1.42174652344226     
          36          31   1.36022914868109     
          36          35   1.44907246346497     
          37          14   1.34251815350094     
          37          30   1.35652355904277     
          38          13   1.36506161622562     
          39          38   1.40036124533776     
          40          39  0.957373362226174     
          41          40   1.02807855795927     
          42          41   1.35571050235598     
          43          42   1.45174807019119     
          44          43   1.41482554192978     
          45          44   1.43253213457330     
          46          41   1.33347687762766     
          46          45   1.40102890467515     
          47          46  0.947327726192344     
          48          47  0.953209999350716     
          49          47  0.953500604833913     
          50          47  0.947287997200614     
          51          50   1.40039260643864     
          52          51   1.43302816795702     
          53          52   1.41454901625873     
          54          53   1.45191098055582     
          55          40   1.02652030042557     
          55          50   1.33438001725801     
          55          54   1.35581443800375     
          56          11   1.38901033110635     
          56          39   1.37983356554973     
          57          10   1.03031713235411     
          58          57   1.35612596006148     
          59          58   1.45097114171099     
          60          59   1.41590898714768     
          61          60   1.43120259782202     
          62           2  0.946859157335898     
          62          57   1.33176497986529     
          62          61   1.40257462519872     
          63           1  0.977528647534298     
          64           1  0.975859251341347     
          65           1  0.975814291059926     
          66           3  0.977555899503171     
          67           3  0.975865924291561     
          68           3  0.975868881416998     
          69           5  0.942329461402720     
          70           6  0.944848636464880     
          71           7  0.943958804077588     
          72           8  0.941393002966305     
          73          12  0.944015894840763     
          74          15  0.943363158859262     
          75          18  0.944077134390437     
          76          19  0.944948497176226     
          77          22  0.946972252523041     
          78          23  0.946598028507588     
          79          24  0.947550729589057     
          80          25  0.946600381848745     
          81          26  0.946987484861330     
          82          27  0.944966221116016     
          83          28  0.944509463065563     
          84          32  0.945858599564073     
          85          33  0.946557549723476     
          86          34  0.947361472059211     
          87          35  0.946594127677683     
          88          36  0.945983619572442     
          89          38  0.942778455038724     
          90          42  0.940429439166328     
          91          43  0.943909840393742     
          92          44  0.944742962062242     
          93          45  0.942195756702987     
          94          48  0.975818878582172     
          95          48  0.977518017399083     
          96          48  0.975919890006513     
          97          49  0.975700588223081     
          98          49  0.975833371601946     
          99          49  0.977531251061039     
         100          51  0.942197979666836     
         101          52  0.944738316881170     
         102          53  0.943849579189748     
         103          54  0.940291118445726     
         104          56  0.944978848403648     
         105          58  0.941655536474120     
         106          59  0.943897131213166     
         107          60  0.944826235826930     
         108          61  0.942360845500561     
