 -3.701206152123948E-002
 -3.433786305997266E-002
 -4.005632390815439E-002
 -5.828560666403249E-004
 -1.022621676897639E-002
 -3.876924473137944E-002
 -3.412545929758082E-002
  4.809681521495524E-002
 -1.505537549048697E-002
 -3.620828426656164E-002
 -1.618065972080718E-002
 -3.536624103256436E-002
 -9.185964345909348E-003
 -2.795349093238642E-004
 -4.058531710184710E-002
 -3.462703297686698E-002
 -3.727201963148019E-002
 -3.446895092010660E-002
 -4.042823125430317E-002
 -3.562186572474779E-002
 -1.672006090461498E-002
 -1.469530801585339E-002
 -3.630265767443586E-002
 -9.192683720896433E-003
  1.075145471084227E-003
 -3.332212609726248E-002
 -2.559404940890264E-002
  1.110545342367431E-002
  6.326692686473789E-002
 -3.955613731950613E-002
  6.266469284890119E-002
  1.250644794921030E-002
 -3.895219231048497E-002
 -3.003576834152266E-002
 -3.360224397275857E-002
 -2.814102868024637E-002
 -2.672165289579631E-002
 -0.213959941698309     
  9.263569226026913E-002
  2.519115448308762E-002
 -2.869124876968510E-002
 -2.850896062578911E-002
 -3.484537554137823E-002
 -2.857559790852093E-002
 -2.884133480398710E-002
 -0.214265034156820     
 -3.752556594127565E-002
 -3.466901804569478E-002
 -3.838174924772630E-002
 -3.315061501720518E-002
  4.882595968690762E-002
 -7.953679034697192E-002
  3.918526582896042E-003
 -4.050875665733855E-002
 -3.441110974409423E-002
  3.788738930842039E-002
  3.852741116588509E-002
  3.683001425893073E-002
  4.650501937748752E-002
  4.397019507331856E-002
  4.411540239871214E-002
  4.748596625481682E-002
  3.673059312877991E-002
  3.858747460756873E-002
  3.792634141461071E-002
  3.871385826312823E-002
  3.691936604163171E-002
  4.734005757747461E-002
  4.449383182964395E-002
  4.050497582214463E-002
  4.717826067562858E-002
  4.423268655810664E-002
  3.969818086429722E-002
  3.953992286804087E-002
  4.000412903985162E-002
  4.001864809801470E-002
  4.445749990189940E-002
  4.451574544569759E-002
  3.965221516962392E-002
  4.016746668002247E-002
  3.961926880680577E-002
  4.440174738767744E-002
  4.239276830418448E-002
  4.043119034462261E-002
  4.720770648435091E-002
  4.452458184078067E-002
  3.663608998388335E-002
  3.859369081424324E-002
