           2           1  0.990427326231253     
           3           2   1.41052174016795     
           4           3   1.38207542867826     
           5           4  0.982121638974972     
           6           5   1.37620453441199     
           7           6   1.43635266955250     
           8           7   1.43115559981957     
           9           8   1.38313157832026     
          10           9  0.966034079165816     
          11          10   1.05040777579184     
          12          11   1.36991327448035     
          13          12   1.45241037196817     
          14          13   1.39399467557456     
          15          14   1.46141297398419     
          16          11   1.26748261664994     
          16          15   1.35283358504605     
          17          16   1.08524067395980     
          18          17   1.38141270840480     
          19          18   1.35958848617841     
          20          19   1.06404789479511     
          21          20   2.81398652107213     
          22          19   1.30241163716667     
          23          22   1.47960831701951     
          24          10   1.08095464908617     
          24          17   1.24572250465457     
          24          23   1.35140761510180     
          25           5   1.38408422880737     
          25           9   1.39413691477385     
          26           4   1.34008116485252     
          27          26  0.990195850456665     
          28          26   1.41266890199754     
          29           2   1.34100861065752     
          29          28   1.37934329681838     
          30          29  0.983999302247017     
          31          30   1.37509087794837     
          32          31   1.43621935464937     
          33          32   1.43101237668971     
          34          33   1.38283414413586     
          35          34  0.966844471816182     
          36          35   1.05046169340711     
          37          36   1.36988219189596     
          38          37   1.45237191984565     
          39          38   1.39406266812956     
          40          39   1.46136328061153     
          41          36   1.26767191315988     
          41          40   1.35285726608313     
          42          41   1.08509435810962     
          43          42   1.38139118662432     
          44          43   1.35967097583824     
          45          44   1.06396280592430     
          46          45   2.81403102477613     
          47          44   1.30241123844661     
          48          47   1.47963546810344     
          49          35   1.08049617791785     
          49          42   1.24593141241821     
          49          48   1.35145823245678     
          50          30   1.38333335270966     
          50          34   1.39404012895143     
          51           1  0.974519998203401     
          52           1  0.976058939033810     
          53           1  0.969089010617095     
          54           3  0.941900910509707     
          55           6  0.945138217835343     
          56           7  0.942904435001232     
          57           8  0.945789743460170     
          58          12  0.943691207257025     
          59          13  0.944586113824265     
          60          14  0.944848387867726     
          61          15  0.944591974015746     
          62          18  0.943039121217004     
          63          22  0.943168672689009     
          64          23  0.940321623530292     
          65          25  0.945269930247043     
          66          27  0.968573795154748     
          67          27  0.973860311224887     
          68          27  0.976573662460418     
          69          28  0.941667292292749     
          70          31  0.944862394551035     
          71          32  0.942868248585212     
          72          33  0.945774575203339     
          73          37  0.943421381725331     
          74          38  0.944600198540487     
          75          39  0.944831470251951     
          76          40  0.944616063470826     
          77          43  0.943021394924798     
          78          47  0.943134790549471     
          79          48  0.941421656873707     
          80          50  0.945201837036241     
