 -9.220683605820312E-002
 -4.611892298731224E-002
 -6.322397455332585E-003
 -4.420298022521241E-002
 -3.409748687756320E-002
 -3.794787966685131E-002
 -4.085627416613757E-002
 -4.938797766770353E-002
  0.104317159849908     
 -5.391805018859408E-002
 -4.306280945144980E-002
 -3.812795462352714E-002
 -3.459375603615467E-002
 -4.469731917681585E-002
 -9.475090941339914E-003
 -4.973108268295245E-002
 -9.112849045248339E-002
 -5.279411161260938E-002
 -3.646863624366325E-002
 -3.273026388948264E-002
 -3.269750010313199E-002
 -3.618478062820962E-002
 -5.200672813334606E-002
  0.104739733170279     
 -4.999332869580098E-002
 -4.253110489791734E-002
 -3.830164541650394E-002
 -3.446182842931034E-002
 -4.441429041505796E-002
 -7.813951764689797E-003
 -4.623779691474894E-002
 -9.248778632978993E-002
 -5.386574046862957E-002
 -4.216482723722770E-002
 -3.845165970580133E-002
 -3.481157468079843E-002
 -4.421840952428102E-002
 -7.855212782973631E-003
 -4.528982341679022E-002
 -9.383439612807720E-002
  3.295196560653857E-002
  2.711710742193596E-002
  3.247165872312152E-002
  4.148826859072130E-002
  3.400593723962064E-002
  3.563180215503603E-002
  3.907326554269330E-002
  3.852528555976242E-002
  4.309365071229687E-002
  4.433331052510636E-002
  3.895614500457445E-002
  3.941145350165753E-002
  3.559873951731485E-002
  4.163743406207532E-002
  3.318894576477327E-002
  3.376450665233977E-002
  3.144358576022110E-002
  2.740867015856197E-002
  4.355637606815166E-002
  4.006738678582733E-002
  4.009497151520114E-002
  4.417483295771685E-002
  4.427902636025705E-002
  3.847671340104875E-002
  3.892241767775528E-002
  3.560538211862374E-002
  3.615283572945116E-002
  3.918840829214321E-002
  2.831884491889458E-002
  3.190198338742289E-002
  3.268331839641170E-002
  4.332771768706711E-002
  3.859275614916158E-002
  3.918302512091998E-002
  3.585630785874117E-002
  3.937576117054653E-002
  3.422808762075724E-002
  3.240148749372607E-002
  2.642004674026532E-002
  3.352439310780309E-002
