 -0.354262814618946     
  0.401703050503168     
 -0.359094404673262     
 -9.807656377931018E-003
 -5.651184270688780E-003
 -3.535401273136340E-002
 -2.360917782749450E-002
 -4.752877417481560E-002
  6.860797392794549E-002
 -0.112696271393592     
  5.772551199892639E-002
 -2.702906720009768E-002
 -2.756695199806192E-002
 -3.114285385810511E-002
 -2.785551231665995E-002
 -2.774108778853179E-002
  6.640560439219501E-002
 -7.643802982858272E-002
  6.641847137285195E-002
 -0.127413463089797     
  4.516127660015234E-002
 -3.482899988541188E-002
 -3.358263973784403E-002
 -3.682667111041571E-002
 -3.211546009769872E-002
 -3.648922348928885E-003
 -1.503252781359166E-002
 -3.633365047218895E-003
 -3.191013788438468E-002
 -3.562559949365429E-002
 -3.179388518081172E-002
 -3.388204545212758E-002
  4.555428210360235E-002
 -5.629569077100349E-002
 -8.606341859531241E-003
 -2.825971810161310E-002
  5.636780726198676E-002
  4.828664781197811E-002
  4.855141324400802E-002
  4.680884444834688E-002
  4.158742024882300E-002
  4.446180150121026E-002
  4.129955023877152E-002
  4.455039060028765E-002
  4.085121482183596E-002
  4.686278098762320E-002
  4.326915189560798E-002
  4.508914301355993E-002
  4.351018452000710E-002
  4.580533857193259E-002
  4.563051131051010E-002
  4.392546493688587E-002
  4.572566144185197E-002
  4.347083866910928E-002
  4.949950596494146E-002
  6.210342454409790E-002
