           2           1   1.42052525877782     
           3           2   1.45075355881707     
           4           3   1.35586659667045     
           5           4   1.04448720120068     
           6           5   1.34345485584308     
           7           6   1.34251277760105     
           8           7   1.04431125853865     
           9           8   1.35608838482516     
          10           9   1.45064418123223     
          11          10   1.42055002417668     
          12          11   1.42044097128558     
          13           8   1.35566695393849     
          13          12   1.45089802574819     
          14           7   1.34501535370158     
          15          14   1.33985073963752     
          16          15   1.05062005783495     
          17          16   1.35030765737346     
          18          17   1.45811426340474     
          19          18   1.36047923710392     
          20          19   1.28920230642572     
          21          16   1.33057079157898     
          21          20   1.45832415633631     
          22          20  0.919016289701429     
          23          22  0.929975532117451     
          24          23   1.39502778512729     
          25          24   1.44063391300715     
          26          25   1.41342113614002     
          27          26   1.45248465344806     
          28          23   1.34748671608366     
          28          27   1.36690046313519     
          29          28   1.02057858867746     
          30          29   1.02057202275287     
          31          30   1.36688490857981     
          32          31   1.45249649998701     
          33          32   1.41340004744120     
          34          33   1.44067632581105     
          35          22  0.930095867564654     
          35          30   1.34751041718825     
          35          34   1.39497860741926     
          36          22  0.921959090228301     
          37          36   1.45861177528901     
          38          37   1.33048883117673     
          39          38   1.05074917306386     
          40          39   1.33923852822910     
          41          40   1.34422935431967     
          42          41   1.04447488962382     
          43          42   1.35575419204237     
          44          43   1.45090435624364     
          45          44   1.42039802366777     
          46          45   1.42056145374064     
          47          42   1.35591235228559     
          47          46   1.45071159537381     
          48          41   1.34337004290952     
          49          48   1.34257968959347     
          50          49   1.04444144377441     
          51          50   1.35569082811131     
          52          51   1.45085775908575     
          53          52   1.42046789065113     
          54          53   1.42049134147048     
          55          50   1.35594879899680     
          55          54   1.45073009681748     
          56          39   1.34002114718178     
          56          49   1.34474798490225     
          57          38   1.35027239653956     
          58          57   1.45813765380832     
          59          19   1.05012326616220     
          59          36   1.28878019998118     
          59          58   1.36064102625706     
          60           5   1.34406642799217     
          60          15   1.33947211508372     
          61           4   1.35579436565477     
          62           1   1.42043478024286     
          62          61   1.45086390402772     
          63           1  0.947311669090974     
          64           2  0.946535941041092     
          65           3  0.945783294091286     
          66           9  0.945883356746669     
          67          10  0.946568167285602     
          68          11  0.947329350663313     
          69          12  0.946511781009562     
          70          13  0.945718126999072     
          71          17  0.942590059572746     
          72          18  0.943445657062030     
          73          21  0.943268947786601     
          74          24  0.944487309313674     
          75          25  0.944863025047034     
          76          26  0.944841159343574     
          77          27  0.946277001232618     
          78          31  0.946283245788262     
          79          32  0.944845888374517     
          80          33  0.944864078286296     
          81          34  0.944485468630249     
          82          37  0.943319450797675     
          83          43  0.945857674755338     
          84          44  0.946550152170934     
          85          45  0.947310006158143     
          86          46  0.946535321190584     
          87          47  0.945789483402791     
          88          51  0.945731628078979     
          89          52  0.946511771972147     
          90          53  0.947323324356088     
          91          54  0.946564847693071     
          92          55  0.945864265694517     
          93          57  0.942522385010961     
          94          58  0.943454465827687     
          95          61  0.945869684231275     
          96          62  0.946551741641825     
