 -0.389948632197329     
  0.356695679971598     
 -4.706398373884113E-002
 -2.480660581503802E-002
 -2.569198036080511E-002
 -3.042781534894257E-002
 -2.983487943029495E-002
 -4.002790226065756E-002
 -4.303931843445064E-002
 -3.000635498397308E-002
 -2.593070833885580E-002
 -3.061750033195398E-002
 -2.763983294599015E-002
 -3.395143607210827E-002
 -5.694267215339277E-002
 -3.004162175355063E-002
 -3.347794548117289E-002
 -3.028737102877699E-002
 -1.805438300968198E-002
  6.117789588121969E-002
 -0.108737323155412     
  6.488991661418408E-002
 -3.352508141889476E-002
 -4.059952757828977E-002
 -6.085977188498681E-003
 -3.584475595204140E-003
 -3.868537787016813E-002
 -4.091257872449283E-002
 -1.303265206269444E-004
  1.510671565343680E-002
  7.120527072768112E-005
 -3.924405330031799E-002
 -3.747709092961315E-002
 -4.323528392800924E-003
 -4.471709507745558E-003
 -3.457095532975973E-002
 -3.385122900180981E-002
  5.992727252460961E-002
 -9.397272711793025E-002
  3.517637637779281E-002
 -4.482866550034714E-002
 -4.011891934624146E-002
 -4.906753764389382E-002
 -3.667903840962161E-002
 -2.880849018430265E-002
 -2.887519513693348E-002
 -3.669466373206820E-002
 -4.905010919531261E-002
 -4.000438368765202E-002
 -4.467907664635717E-002
  3.519256632487711E-002
 -3.393930620529950E-002
 -3.470752159556856E-002
 -3.826576319145314E-002
 -4.075793739117373E-002
 -1.448928447025466E-002
 -3.573031731717169E-002
 -3.521922131771937E-002
 -3.487725862427915E-002
 -3.515148320818184E-002
 -1.367976395025572E-002
 -1.379172422772346E-002
 -3.514784681032346E-002
 -3.481393564574287E-002
 -3.497775299749772E-002
 -3.561954444684368E-002
 -1.445726528595248E-002
 -3.924974464908448E-002
 -3.751085290152734E-002
 -3.733796606528816E-002
 -2.007553158961706E-002
  4.932843933146136E-002
  4.238432927455360E-002
  4.139595471844271E-002
  4.131278557184981E-002
  4.201870573359556E-002
  4.390604754476368E-002
  4.155818995404759E-002
  4.134689662843727E-002
  4.132063645023976E-002
  4.220691018035450E-002
  5.468289828098682E-002
  4.643802305641609E-002
  4.789957126034505E-002
  4.350383752095499E-002
  4.512966769618454E-002
  3.944779857836489E-002
  4.078402450759278E-002
  4.131067171410130E-002
  3.996485193605426E-002
  4.368640113602451E-002
  4.220922511286207E-002
  4.020147079582681E-002
  4.300339433194611E-002
  4.002334028176480E-002
  4.201395054871193E-002
  4.199587509622538E-002
  4.002488999771958E-002
  4.307179295733610E-002
  4.028848331820867E-002
  4.215141839818370E-002
  4.357750907201807E-002
  3.958864395809936E-002
  4.060069079626072E-002
  3.989324119228810E-002
  4.086576967857913E-002
  4.107693889894526E-002
  4.000237558371322E-002
  3.997812294988667E-002
  4.110601069824049E-002
  4.096502604449459E-002
  3.997739009157153E-002
  4.146099018800065E-002
  3.996622151281903E-002
  4.466196549417756E-002
