           2           1   2.80295982419367     
           3           2   1.06528686772983     
           4           3   1.25835804216999     
           5           4   1.03340323789834     
           6           5   1.35660455177354     
           7           6   1.45501056931421     
           8           7   1.37244840996981     
           9           8  0.977561251373624     
          10           9   1.00559618898355     
          11          10   1.39096659489286     
          12          11   1.41828628974806     
          13          12   1.43977152097865     
          14          13   1.41295212840022     
          15          10   1.30620066333804     
          15          14   1.40922637137017     
          16          15   1.00782515141942     
          17          16   1.00923822110083     
          18          17   1.40935496365100     
          19          18   1.41260640833300     
          20          19   1.43997955963973     
          21          20   1.41796193126563     
          22           9   1.00743633073477     
          22          17   1.30491314317723     
          22          21   1.39081572026907     
          23           8   1.36828860995713     
          24           5   1.35006078584558     
          24          23   1.46057800473458     
          25           4   1.37522179369183     
          26          25   1.37445830211101     
          27          26   1.03407763042056     
          28          27   1.34958132906971     
          29          28   1.46089037909449     
          30          29   1.36815405191865     
          31          30  0.977381382295112     
          32          31   1.00746972733433     
          33          32   1.39077765447582     
          34          33   1.41800733007423     
          35          34   1.43994340890446     
          36          35   1.41263273197112     
          37          32   1.30493438875925     
          37          36   1.40932126479375     
          38          37   1.00925565506860     
          39          38   1.00781070754677     
          40          39   1.40934257694248     
          41          40   1.41284829914124     
          42          41   1.43987501832279     
          43          42   1.41818207071498     
          44          31   1.00563371219781     
          44          39   1.30609023799292     
          44          43   1.39105478327802     
          45          30   1.37257220381647     
          46          27   1.35651314370246     
          46          45   1.45496505032366     
          47          26   1.25851108468060     
          48          47   1.06532044340905     
          49          48   2.80280719262786     
          50           3   1.29833950426663     
          50          47   1.29806911947606     
          51          50   1.00398198547388     
          52          51   1.36246143116244     
          53          52   1.45148855333965     
          54          53   1.37429294157075     
          55          54  0.975965704527702     
          56          55   1.00693149906658     
          57          56   1.39097193569382     
          58          57   1.41792521549291     
          59          58   1.44022728077426     
          60          59   1.41224514912737     
          61          56   1.30546000153603     
          61          60   1.40978834006403     
          62          61   1.00809112368504     
          63          62   1.00811286147618     
          64          63   1.40978255434085     
          65          64   1.41225075417569     
          66          65   1.44024404627804     
          67          66   1.41789208646840     
          68          55   1.00682163775552     
          68          63   1.30545622938553     
          68          67   1.39102451605098     
          69          54   1.37416758800267     
          70          51   1.36228397325587     
          70          69   1.45165212964036     
          71           6  0.939561282895738     
          72           7  0.944235700290976     
          73          11  0.940817300084485     
          74          12  0.943751874388249     
          75          13  0.944505118381404     
          76          14  0.945719232821891     
          77          18  0.945714086588609     
          78          19  0.944530986712130     
          79          20  0.943889345011294     
          80          21  0.941077113793712     
          81          23  0.944191343302615     
          82          24  0.943199718399522     
          83          28  0.943148538413503     
          84          29  0.944203804226529     
          85          33  0.941130660360050     
          86          34  0.943892429039513     
          87          35  0.944535055039478     
          88          36  0.945714637096270     
          89          40  0.945718934615068     
          90          41  0.944506707470168     
          91          42  0.943754254812944     
          92          43  0.940818282473892     
          93          45  0.944246521517284     
          94          46  0.939440681809142     
          95          52  0.942400060778938     
          96          53  0.944075688403203     
          97          57  0.940965302109714     
          98          58  0.943784119107010     
          99          59  0.944565793746694     
         100          60  0.945763789235195     
         101          64  0.945762652484699     
         102          65  0.944562632479848     
         103          66  0.943782247613811     
         104          67  0.940921094591238     
         105          69  0.944072133382667     
         106          70  0.942402227803610     
