 -8.153552750271142E-002
 -1.216761447642156E-003
 -5.733208491465192E-002
 -4.934221069432265E-002
 -5.331452281214233E-003
 -8.765906319105365E-002
  4.485382196265064E-002
 -0.122246006292804     
  4.998160778157379E-002
 -3.960120403469247E-002
 -4.101782485485828E-002
 -1.008154482053136E-002
 -4.190280382788369E-002
 -4.157634661948961E-002
 -5.235551964219098E-003
  4.756533254215789E-002
 -0.123316470770239     
  4.057740229514240E-002
 -5.541964173535696E-002
 -3.475066053688636E-004
 -8.137696622767709E-002
 -5.555933034004656E-002
 -4.903463758306970E-002
 -5.061694174100850E-003
 -8.719704675705842E-002
  5.626967980663711E-002
 -5.518791707550985E-002
 -4.233416439380022E-002
 -5.010664616820648E-002
 -2.238913732907299E-002
  5.313265459767136E-002
 -0.109017539252253     
  6.731293421523388E-002
 -3.627957371405444E-002
 -3.995647622992582E-002
 -4.473849758998227E-002
 -3.639456011575071E-002
 -2.321149464687533E-002
 -3.900983089380805E-002
 -4.170727314528655E-002
 -1.009727314105380E-002
 -4.297011868223244E-002
 -4.344007468326083E-002
 -4.879003191198272E-003
 -5.470406127416894E-003
 -5.019460982013335E-003
  5.181204108341664E-002
 -5.312273910527932E-002
 -4.167662407180917E-002
 -4.780135900415416E-002
 -2.248184142594045E-002
  5.422256360201017E-002
 -0.109630432369101     
  6.632838886102288E-002
 -3.725500891931954E-002
 -3.985874330433781E-002
 -4.406208918009646E-002
 -3.612746085317031E-002
 -2.325644969603147E-002
 -5.699270611344165E-002
  4.083687549686577E-002
  4.213855633796126E-002
  4.096396663065416E-002
  3.652639652123280E-002
  4.107237516305806E-002
  4.429246927556707E-002
  4.294013515623174E-002
  3.752008738070600E-002
  4.196955690073101E-002
  4.381230519810209E-002
  3.968137783762471E-002
  4.500586386736338E-002
  3.646639565798881E-002
  4.007774290658350E-002
  4.186122651248536E-002
  4.228267950567377E-002
  3.642521692216327E-002
  4.081211891708225E-002
  3.816351565215481E-002
  4.376212346195751E-002
  4.248158250767620E-002
  4.384458347946851E-002
  4.609202876163787E-002
  4.486217561866124E-002
  4.185838784448659E-002
  4.306371905185824E-002
  4.013335789475403E-002
  4.215292533832482E-002
  4.250044220428517E-002
  4.347952873696248E-002
  3.959949600429813E-002
  4.725832926870022E-002
  4.407064198717103E-002
  4.633533746384033E-002
  4.515022076660435E-002
  4.254192610060892E-002
  4.258667095627899E-002
  4.056425382815276E-002
  4.246790201075357E-002
  3.615565616915328E-002
