 -3.549568253948987E-002
 -3.507853908765046E-002
 -3.349035883241047E-002
 -1.121763394973740E-002
 -1.348838826940479E-002
 -3.529954036911498E-002
 -1.352580859224162E-002
 -3.526159602562640E-002
 -3.527066085213537E-002
 -3.457693160457609E-002
 -3.300801207975290E-002
 -1.088798033416349E-002
  9.527317118836365E-003
 -1.073350062372569E-002
 -3.308969897677816E-002
 -3.470105750742292E-002
 -3.534223684414517E-002
 -3.547724851390299E-002
 -1.286478814047864E-002
 -1.498631794914651E-002
 -3.416215025884828E-002
 -3.972441932284809E-002
  2.923261086311690E-004
 -4.151958444207793E-003
 -4.049216224115160E-002
 -3.268460508270898E-002
 -4.095045404095554E-002
 -2.478047922465976E-003
 -4.032449702515439E-002
 -3.469379732207400E-002
 -3.531223660038485E-002
 -4.075578425990933E-002
 -3.873096579653179E-003
 -3.601929119972791E-002
 -1.071895148314894E-002
  4.081476512584181E-002
  4.090077733816166E-002
  4.026308272685275E-002
  3.987180938346513E-002
  3.979079958509757E-002
  4.086425867929522E-002
  4.102948678614771E-002
  4.032102607908206E-002
  4.055471343955341E-002
  4.109092938259640E-002
  4.094137493022487E-002
  3.975514742686803E-002
  4.232114847871549E-002
  4.112969410495648E-002
  3.938391132394037E-002
  4.166741082639591E-002
  3.841638346588627E-002
  3.730656359577456E-002
  3.949404374665544E-002
  3.983668266361351E-002
  4.228541006878606E-002
  4.227837048974270E-002
