 -0.335609417182608     
  0.415995305377003     
 -0.333262268549901     
 -6.067254855603998E-003
  1.029182008686735E-003
 -1.995719789928607E-002
 -2.058170060239384E-002
 -2.872526551558696E-002
  5.828716989613181E-003
 -2.889095501990013E-004
 -5.253913408439725E-002
  6.835389386234647E-002
 -0.127373614399949     
  4.459391483009334E-002
 -3.558440361602155E-002
 -3.235004173882317E-002
 -3.550740641913386E-002
 -3.161601447664086E-002
 -3.174351489988680E-003
 -1.142316576620850E-002
 -3.083441026094924E-003
 -3.183913338120448E-002
 -3.632665941261859E-002
 -3.417922211944457E-002
 -3.702651023512260E-002
  4.423970414504819E-002
 -4.381531204182387E-002
 -1.579285399890829E-003
 -2.404608763922056E-002
  5.212958589584282E-002
  4.978938612891881E-002
  4.667096527547254E-002
  4.647187152415033E-002
  4.709082244744134E-002
  4.287011159001741E-002
  4.556372404056253E-002
  4.407058350731397E-002
  4.594337982104257E-002
  4.612611925190446E-002
  4.394856253752477E-002
  4.497232455051559E-002
  4.260187564943263E-002
  5.094425700047800E-002
  5.672151096875888E-002
