 -3.111789344902505E-002
 -1.564744908673443E-002
 -3.111467690689107E-002
  5.121759720835906E-002
  2.174644905040823E-002
 -3.383677559858356E-002
  1.881953141233739E-002
  5.019557472171643E-002
 -3.057041252127046E-002
 -1.460625241660907E-002
 -3.042138805107530E-002
  2.190558258083941E-002
 -0.200815302931513     
 -3.603444049372317E-002
  3.330383140393600E-002
  9.430901245247014E-002
 -0.209874006591188     
  6.687867011541293E-002
  9.730819895266585E-003
 -3.260915683488630E-002
 -2.743787780537499E-002
  5.843665429357969E-002
 -0.128803326741534     
  4.652960529940620E-002
 -5.707865285779512E-002
 -4.456321645282646E-002
 -4.882904010157940E-002
 -4.653319957248936E-002
  7.429255721335126E-002
 -0.139271382716553     
  7.399177159965431E-002
 -4.668067495914663E-002
 -4.889599961138558E-002
 -4.424984115357411E-002
 -5.604763513214461E-002
  4.660380232699879E-002
 -2.622459781721354E-002
 -2.456986718122511E-002
 -6.507200418644388E-003
 -4.272066409583708E-002
 -2.510658377987962E-002
 -2.907245016663129E-002
 -1.375718798505154E-002
  5.236161643644754E-002
 -0.201710579716374     
 -1.878946347609034E-002
 -0.195492092211996     
  2.217437837644143E-002
  3.946659476630698E-002
  4.054682342218630E-002
  4.237313195671977E-002
  4.942883451774649E-002
  4.268264656056353E-002
  4.092974723941933E-002
  4.000178016154732E-002
  4.938241549171940E-002
  4.911269986297706E-002
  4.794067369092647E-002
  4.343692586750558E-002
  4.191009317137107E-002
  4.322420623010881E-002
  4.264205150921396E-002
  4.095296006403260E-002
  4.083156826541967E-002
  4.252159342879447E-002
  4.327681759906388E-002
  4.320364938861410E-002
  4.348509454474581E-002
  4.971258384262212E-002
  4.462454846780040E-002
  4.116749573927991E-002
  4.568704011179558E-002
  4.395469545815722E-002
  5.437433191518160E-002
  4.962083117439930E-002
