 -9.571898896966502E-002
 -6.688356557082997E-003
 -9.522946532258381E-002
  3.295386143394641E-003
 -3.960400295246203E-002
 -3.154444898463904E-002
 -3.958331641287671E-002
  3.245127200946829E-003
 -6.713830353180406E-003
 -9.543256093465846E-002
 -9.554584654006071E-002
  5.258908499445525E-002
 -0.125421720099064     
  0.190939296152775     
 -0.280465650801292     
  2.075455663679282E-003
 -2.888179986813721E-002
  7.638062370524423E-002
 -0.118209495378066     
  4.538425706282467E-002
 -3.363416938770936E-002
 -3.084558092317735E-002
 -3.703218194653690E-002
 -4.116032307374518E-002
 -1.539956620653715E-002
  2.217653714510215E-002
 -9.488669172670505E-002
 -9.744443637179767E-002
 -1.453376621228397E-002
 -4.085481031263871E-002
 -3.795765879864188E-002
 -3.404501302488683E-002
 -3.664738590247474E-002
  4.551480434279309E-002
 -6.657104906562328E-002
  1.455921660942217E-002
 -3.412447691504106E-002
  7.484630269098647E-002
 -0.117200215749955     
  5.049784467787477E-002
 -5.833847499703815E-002
 -3.709259590160130E-002
 -5.041703343871351E-002
 -4.386378519124268E-002
 -2.076607423213872E-002
  2.082902936684228E-002
 -0.101844820557610     
 -0.102421494935841     
 -2.126740564252305E-002
 -4.396781035691610E-002
 -4.989737720146437E-002
 -3.587588691933785E-002
 -5.687650577178527E-002
  5.012035175835150E-002
 -1.882956445965611E-002
  4.128622615657829E-003
 -2.059793306431779E-002
  0.191294484521757     
 -0.277571645545322     
  3.840468369240935E-002
  3.077988175315061E-002
  2.799292249487995E-002
  3.325620004860164E-002
  3.801352346078801E-002
  2.851324413031020E-002
  3.139724205952010E-002
  4.282580754089560E-002
  4.092542209885408E-002
  4.281575075650546E-002
  3.321853824735099E-002
  3.097155599735979E-002
  2.824252789387660E-002
  3.843252322699064E-002
  3.800350163484079E-002
  2.833445513485722E-002
  3.112201696183159E-002
  5.846230337080149E-002
  4.239161762175347E-002
  4.513045876324306E-002
  4.131198631134103E-002
  4.392951553848656E-002
  3.742407488165023E-002
  3.807552224265709E-002
  3.665942305877645E-002
  3.742573529423021E-002
  3.183853450806740E-002
  3.306073259765085E-002
  4.448123559178307E-002
  4.136531705089863E-002
  4.413254193083138E-002
  4.156435625867427E-002
  4.664745067245779E-002
  4.683554835738790E-002
  3.831461128397773E-002
  4.242853674970481E-002
  3.941482536534247E-002
  4.360891037275838E-002
  3.392585545776794E-002
  3.486007123948853E-002
  3.358376656296724E-002
  3.395901685774394E-002
  3.369593955821937E-002
  3.371196186702485E-002
  4.336564788237773E-002
  3.939933725030031E-002
  4.287138538829693E-002
  3.897095061442735E-002
  5.703182472069601E-002
