 -0.103196680867827     
  2.155010237871924E-002
 -9.578277093751808E-002
 -1.967401733228691E-002
 -4.464016057212294E-002
 -4.715536794898778E-002
 -3.684619611034279E-002
 -5.127414248980600E-002
  4.590681384984130E-002
 -0.119590071945871     
  6.480542649355314E-002
 -2.631161143270333E-002
 -2.318649215345303E-002
 -9.071455036217202E-003
  0.156267429330328     
 -0.233426525518852     
  4.584805843165052E-002
 -1.202781487374782E-002
  1.349224122725978E-003
 -1.316263843559007E-002
  4.073130485526244E-002
  0.169360380895151     
 -0.220542398275648     
 -8.369242661767196E-003
 -2.607031326658937E-002
 -2.551623934694991E-002
  6.299198219528934E-002
 -0.113650624919719     
  5.100969981936787E-002
 -5.695123765495591E-002
 -3.866382811604741E-002
 -5.001332247077439E-002
 -4.425803973217324E-002
 -2.048106826675244E-002
  2.031419204227802E-002
 -0.103706400218086     
 -0.106781461146145     
 -2.108498834083061E-002
 -4.523068669496411E-002
 -5.095626571713474E-002
 -3.785760727669896E-002
 -5.797023715942728E-002
  5.006505723926002E-002
 -2.836024839351481E-002
 -2.610492086605198E-002
 -0.204515722047180     
 -2.776056376007041E-002
 -2.771386163114897E-002
  4.974936581983869E-002
 -5.492129974534610E-002
 -3.718073895357854E-002
 -4.775603386559357E-002
 -4.644943750554642E-002
 -2.146919278139592E-002
  3.102429793492123E-002
  3.749215896014158E-002
  2.956704673990374E-002
  3.772837397179729E-002
  3.592927627860920E-002
  3.818664522925974E-002
  4.393065320822209E-002
  3.958933611607818E-002
  4.253952849416620E-002
  3.934784159590765E-002
  4.242772255513283E-002
  4.993168983443053E-002
  5.188381430669031E-002
  4.579389074532392E-002
  5.136327441211730E-002
  4.705832201065874E-002
  4.309413734334222E-002
  4.194458147718905E-002
  4.418190026252955E-002
  3.905739698715627E-002
  4.265771896473181E-002
  3.243003340085859E-002
  3.373933010725383E-002
  3.283269810537115E-002
  3.337248787086855E-002
  3.353306105628240E-002
  3.786372390994497E-002
  4.343226334379990E-002
  3.906440354353746E-002
  4.248275337921925E-002
  4.096896686585916E-002
  4.401006167617838E-002
  4.743123825445739E-002
  5.191496692911601E-002
  4.553946004791243E-002
  4.399852303870078E-002
  4.519372960792756E-002
  4.015795299119640E-002
  4.303762743942552E-002
