 -0.101596448187867     
  2.747810645349702E-002
 -0.100056451881972     
 -0.101730525385979     
 -2.277140367015473E-002
 -4.252764668321252E-002
 -5.199600181811004E-002
  5.103337478226599E-002
 -1.639769459552021E-002
 -5.318755033764688E-002
  2.347864763664287E-002
 -0.101778282139777     
 -0.101726865954839     
 -1.613356922845011E-002
 -5.188692915893345E-002
 -2.263060744084200E-002
  2.743476770675857E-002
 -0.102049258885358     
 -9.961111978502313E-002
 -0.101930911652343     
 -4.354497933381030E-002
 -5.231791202981384E-002
  5.110674213840305E-002
 -0.104228687352950     
  7.717203739574652E-002
  9.522472052482955E-002
 -0.111603628225628     
  9.757656842783602E-002
 -0.111577443428517     
  1.703603111920415E-002
  1.704070517257872E-002
  9.758617558312555E-002
 -0.111530653951379     
  9.525282205310592E-002
 -0.111598067237779     
  7.716678856459058E-002
 -0.104238525942649     
  5.108502087306332E-002
 -5.238131379705901E-002
 -4.355279891495645E-002
 -2.263392016053078E-002
  2.743482556794685E-002
 -0.102039886683925     
 -0.101934145168568     
 -9.960839384045350E-002
 -5.191259624902678E-002
 -1.614455048672792E-002
  2.347501192859758E-002
 -0.101744316317886     
 -0.101766521822910     
 -1.638661200913116E-002
 -5.317436166667111E-002
 -2.277081883824383E-002
  2.747589994725752E-002
 -0.101720892987010     
 -0.101596440639518     
 -0.100063229342018     
 -4.251497201872745E-002
 -5.193270518915938E-002
  5.105550354158517E-002
  9.519838006011661E-002
 -0.111589817179279     
  9.752633517061549E-002
 -0.111622132492217     
  9.753537500935261E-002
 -0.111577098630368     
  9.521547757643134E-002
 -0.111592374684701     
  3.527636351708718E-002
  3.117253510724538E-002
  3.379986595422324E-002
  3.309279568596335E-002
  3.552605598553782E-002
  3.538042944785857E-002
  3.346044646038904E-002
  3.126414072026962E-002
  3.514522154932664E-002
  4.406315533986183E-002
  3.944925968683555E-002
  4.647246168564478E-002
  3.425329149763645E-002
  3.406818783739940E-002
  3.487346213455655E-002
  3.488027111267300E-002
  3.409875260800355E-002
  3.414180489413299E-002
  4.518501973361921E-002
  3.110733717178449E-002
  3.351364799617162E-002
  3.511901489321512E-002
  3.555806135950590E-002
  3.526167356289223E-002
  3.334980374434227E-002
  3.509025900240603E-002
  3.102849968050780E-002
  3.388819789258612E-002
  4.519249945139492E-002
  3.944984203034307E-002
  3.949828117169507E-002
  4.520514189944047E-002
  3.111189195353292E-002
  3.512134207285267E-002
  3.351686608545379E-002
  3.102684121881372E-002
  3.507999270808371E-002
  3.388905240269358E-002
  3.335055684788291E-002
  3.525215801847248E-002
  3.556929589030811E-002
  4.517646362900607E-002
  3.420854381786975E-002
  3.487680442425645E-002
  3.403424792650900E-002
  3.413236958335342E-002
  3.418737218382650E-002
  3.487657584870385E-002
  4.648720536134243E-002
  3.512900395623042E-002
  3.346750654905806E-002
  3.126800466190760E-002
  3.380360427120666E-002
  3.117335775542718E-002
  3.527059061175930E-002
  3.552604796283088E-002
  3.538320698586883E-002
  3.309595976795576E-002
  4.404386481320210E-002
  3.939723807111595E-002
