 -4.292066515291282E-002
 -3.225882524814860E-002
 -3.968360438411445E-002
  5.750359375229186E-002
 -0.114761852643266     
  5.493022155533955E-002
 -4.631118715879357E-002
 -3.380749531126614E-002
 -4.624469939446474E-002
 -3.337029405277825E-002
 -4.492379179056361E-002
  5.243923446117549E-002
 -4.580522293171363E-002
 -4.589757660942251E-002
  5.247472242405138E-002
 -0.114718288272890     
  5.749544679899543E-002
 -3.965543141939332E-002
 -3.224362937454028E-002
 -4.287525296467809E-002
 -3.117501065347472E-002
 -4.024428845429373E-002
  5.493286150254617E-002
 -4.625146755814669E-002
 -3.378749958426752E-002
 -4.619768100743737E-002
 -3.334700346141428E-002
 -4.490018187190437E-002
  2.090572124550549E-002
 -0.209092971766339     
  0.258569490835181     
 -0.208944339934277     
  2.091426726794499E-002
 -4.030249882353054E-002
 -3.120586793757063E-002
  3.793798845987628E-002
  4.115321822170714E-002
  3.759326175071886E-002
  3.746383791313856E-002
  4.167711303762589E-002
  3.854566696997830E-002
  4.185556079925223E-002
  3.832960153877807E-002
  5.362108863436876E-002
  5.361779625254870E-002
  3.758637554820743E-002
  4.115907399920204E-002
  3.794593407495117E-002
  4.111925038102349E-002
  3.607296386014036E-002
  3.747768323896616E-002
  4.168776897056858E-002
  3.855745393663723E-002
  4.186354756773625E-002
  3.833442253104891E-002
  3.605275972203648E-002
  4.110870051004434E-002
