           2           1   1.42824178098969     
           3           2   1.43740713357667     
           4           3   1.38395199436292     
           5           4  0.971896256482989     
           6           5   1.35384714734335     
           7           6  0.976748971049833     
           8           7   1.38234737048045     
           9           8   1.43813313870593     
          10           9   1.42752743363312     
          11          10   1.42764244526594     
          12           7   1.37940334313451     
          12          11   1.43786954615707     
          13           6   1.29273042770966     
          14          13   1.17413045558413     
          15          14   1.65817950584629     
          16          15   1.17352112125891     
          17          16   1.33815754852843     
          18          17   1.43462277847780     
          19          18   1.43623475788546     
          20          19   1.33424441319389     
          21          20   1.18101457445382     
          22          21   1.59614682496449     
          23          22  0.982407129799060     
          24          23   1.38038164600431     
          25          24   1.43731660216772     
          26          25   1.42866460887686     
          27          26   1.42481182469238     
          28          23   1.37648820562633     
          28          27   1.44177226460194     
          29          22   1.12989803516715     
          30           5   1.34057566103836     
          30          29   1.30282199669851     
          31          30  0.981188590654926     
          32          31   1.37846663379260     
          33          32   1.43978768395957     
          34          33   1.42588854968230     
          35          34   1.42718209270108     
          36          31   1.37836899811480     
          36          35   1.43859976431766     
          37          13   1.22485916960981     
          37          29   1.22335969859960     
          38          16   1.22325916317138     
          38          20   1.22065094374862     
          38          37   1.21514133477093     
          39           4   1.38298391345534     
          40           1   1.42731275249206     
          40          39   1.43830041457643     
          41           1  0.947456626781498     
          42           2  0.946432269621202     
          43           3  0.946458256142816     
          44           8  0.946275983724935     
          45           9  0.946282146905289     
          46          10  0.947431080180166     
          47          11  0.946339261805747     
          48          12  0.947035077844463     
          49          14  0.938524827989739     
          50          15  0.941432892857903     
          51          17  0.944728006562124     
          52          18  0.944487600212628     
          53          19  0.944794296444462     
          54          21  0.939572866203795     
          55          24  0.947147602823630     
          56          25  0.946444084466969     
          57          26  0.947488409028674     
          58          27  0.946300122947734     
          59          28  0.946769811619595     
          60          32  0.945893365810077     
          61          33  0.946314124602027     
          62          34  0.947477003406427     
          63          35  0.946267542426829     
          64          36  0.946699491672690     
          65          39  0.946205273422154     
          66          40  0.946373072675905     
