           2           1  0.955543886411346     
           3           2  0.955562282253083     
           4           2  0.943414146087346     
           5           4   1.40384506665645     
           6           5   1.42996002722023     
           7           6   1.41481576035555     
           8           7   1.45194723540539     
           9           4   1.32725193178271     
           9           8   1.35184714305772     
          10           9   1.06467769885670     
          11          10   1.06587416275217     
          12          11   1.35590424433998     
          13          12   1.44543319354100     
          14          13   1.42403995404442     
          15          14   1.37855441349165     
          16          15  0.961405419086720     
          17          16   1.37517315497391     
          18          17   1.44815887845188     
          19          18   1.36256888820651     
          20          19   1.02906403349836     
          21          20   1.24459766779471     
          22          21   1.56205315863733     
          23          22   1.24770036959660     
          24          23   1.26347941440694     
          25          24   1.46033336820606     
          26          25   1.02843862648795     
          27          26   1.35651187485031     
          28          27   1.45302758472195     
          29          28   1.37103588524288     
          30          29  0.961382659187993     
          31          30   1.37843235022937     
          32          31   1.42409625769504     
          33          32   1.44540650374440     
          34          33   1.35588805784191     
          35          30   1.37428678091525     
          35          34   1.32041021813225     
          36          35  0.941555874652260     
          37          36  0.955461562367588     
          38          36  0.955622611421389     
          39          36  0.943406753768810     
          40          39   1.40374337354392     
          41          40   1.42999494982633     
          42          41   1.41485013386657     
          43          42   1.45187091161287     
          44          39   1.32741100580982     
          44          43   1.35194038353730     
          45          34   1.06615311825897     
          45          44   1.06437471408241     
          46          29   1.37588577075034     
          47          26   1.36319671698263     
          47          46   1.44765389557311     
          48          25   1.24495796426386     
          49          48   1.56185970464131     
          50          23   1.20069509657773     
          50          49   1.24776268193700     
          51          20   1.46016595894131     
          51          50   1.26345945108226     
          52          19   1.35652377791019     
          53          16   1.37123199561910     
          53          52   1.45284832966711     
          54           2  0.941570463039321     
          54          11   1.32067341348847     
          54          15   1.37414014956098     
          55           1  0.966998438101890     
          56           1  0.977526541163013     
          57           1  0.974402819190277     
          58           3  0.977552136517210     
          59           3  0.974392775895190     
          60           3  0.966956929872801     
          61           5  0.942260708463838     
          62           6  0.945152920984028     
          63           7  0.944318966935243     
          64           8  0.945241176533281     
          65          10  0.948736237564909     
          66          12  0.943764517408820     
          67          13  0.941677888953640     
          68          14  0.943397199451423     
          69          17  0.944559980752730     
          70          18  0.944223991069527     
          71          21  0.943331534013950     
          72          22  0.941463364173087     
          73          27  0.944159479361465     
          74          28  0.944443581024884     
          75          31  0.943450752945463     
          76          32  0.941697105656714     
          77          33  0.943758176815331     
          78          37  0.966990153378754     
          79          37  0.977533844193462     
          80          37  0.974380077377310     
          81          38  0.967132645405308     
          82          38  0.977566269305708     
          83          38  0.974350087281485     
          84          40  0.942222190399402     
          85          41  0.945148416770926     
          86          42  0.944325441768590     
          87          43  0.945245087799259     
          88          45  0.948752056781513     
          89          46  0.944579533099280     
          90          47  0.944210781940003     
          91          48  0.943327714626867     
          92          49  0.941475741825627     
          93          52  0.944072667078238     
          94          53  0.944489360079871     
