           2           1  0.993709995737633     
           3           2   1.42249333091198     
           4           3   1.35313662958857     
           5           4   1.04751418964620     
           6           5   1.34129750979895     
           7           6   1.34138818655107     
           8           7   1.04737758948256     
           9           8   1.34809428084918     
          10           9   1.45705084968281     
          11          10   1.38038863547637     
          12          11  0.966105279720353     
          13          12   1.05940793278341     
          14          13   1.36718749756819     
          15          14   1.45132839845704     
          16          15   1.39460704615247     
          17          16   1.45971527497835     
          18          13   1.26278260731382     
          18          17   1.35408125475553     
          19          18   1.08809907399784     
          20          19   1.35352938136375     
          21          20   1.46040360591391     
          22          21   1.39393149200074     
          23          22   1.45234386400332     
          24          12   1.05714324134096     
          24          19   1.26345796015050     
          24          23   1.36902375107017     
          25          11   1.33905048932595     
          26          25  0.993758867945167     
          27           8   1.35273646822853     
          27          25   1.42286750652651     
          28           7   1.34144680817153     
          29          28   1.34130037156808     
          30          29   1.04758416227860     
          31          30   1.34744227892432     
          32          31   1.45788163924021     
          33          32   1.37927866610681     
          34          33  0.967221510550550     
          35          34   1.05662732708986     
          36          35   1.36911911156570     
          37          36   1.45228872809997     
          38          37   1.39399563735772     
          39          38   1.46038170605201     
          40          35   1.26373704425060     
          40          39   1.35350792690660     
          41          40   1.08800289967898     
          42          41   1.35423031717392     
          43          42   1.45956738053923     
          44          43   1.39477066268521     
          45          44   1.45115675481803     
          46          34   1.05911588375640     
          46          41   1.26282665887023     
          46          45   1.36734622385480     
          47          33   1.33912303503732     
          48          47  0.993646337382428     
          49          30   1.35311945689077     
          49          47   1.42261766077627     
          50           5   1.34150376771351     
          50          29   1.34131501818028     
          51           4   1.34758408213866     
          52          51   1.45770682020208     
          53           2   1.33929369144155     
          53          52   1.37953130246758     
          54          53  0.966805186815093     
          55          54   1.05923210399575     
          56          55   1.36730959828981     
          57          56   1.45120864009086     
          58          57   1.39471736142177     
          59          58   1.45962628235950     
          60          55   1.26275883585588     
          60          59   1.35419443013210     
          61          60   1.08805219135009     
          62          61   1.35340945661967     
          63          62   1.46047295391294     
          64          63   1.39389881988095     
          65          64   1.45239815721657     
          66          54   1.05686721318101     
          66          61   1.26372259148492     
          66          65   1.36896779255372     
          67           1  0.974654976358818     
          68           1  0.965310393370796     
          69           1  0.977010360605639     
          70           3  0.940898145376848     
          71           9  0.941292114087024     
          72          10  0.943261027705779     
          73          14  0.944270008282318     
          74          15  0.944778412873848     
          75          16  0.945134880679754     
          76          17  0.944754355852359     
          77          20  0.944748754691757     
          78          21  0.945135511829839     
          79          22  0.944806185079999     
          80          23  0.944660106229531     
          81          26  0.977215009259597     
          82          26  0.974399913835211     
          83          26  0.965377574607779     
          84          27  0.940851923616466     
          85          31  0.941279464132163     
          86          32  0.943228413544473     
          87          36  0.944589268392638     
          88          37  0.944790472031405     
          89          38  0.945126010866695     
          90          39  0.944750545036020     
          91          42  0.944747615901573     
          92          43  0.945125694304056     
          93          44  0.944777753331549     
          94          45  0.944223434059475     
          95          48  0.976955504450397     
          96          48  0.965316780220796     
          97          48  0.974711901435225     
          98          49  0.940919132443713     
          99          51  0.941291902177001     
         100          52  0.943252925619177     
         101          56  0.944213799273039     
         102          57  0.944778267424645     
         103          58  0.945125565473508     
         104          59  0.944743844930316     
         105          62  0.944757251575042     
         106          63  0.945130289734456     
         107          64  0.944797946157486     
         108          65  0.944615707504041     
