           2           1   1.41783400017443     
           3           2   1.45351467814813     
           4           3   1.34535831558922     
           5           4   1.06008420070974     
           6           5   1.62006437963231     
           7           6   1.13575026117984     
           8           7   1.61490764911279     
           9           8   1.06567323652607     
          10           9   1.33770390927754     
          11          10   1.46424073935385     
          12          11   1.36699943486926     
          13          12  0.973638776689307     
          14          13   1.00653434915228     
          15          14   1.39066274182807     
          16          15   1.41816781289884     
          17          16   1.44017624337240     
          18          17   1.41222958323141     
          19          14   1.30608547713497     
          19          18   1.41020544022765     
          20          19   1.00661491273941     
          21          20   1.00719323107783     
          22          21   1.41038104536428     
          23          22   1.41197841520793     
          24          23   1.44041772352128     
          25          24   1.41780757385759     
          26          13   1.00734200583046     
          26          21   1.30546706887194     
          26          25   1.39069281478405     
          27          12   1.37151931073461     
          28           9   1.34413055946100     
          28          27   1.45918242388656     
          29           5   1.06987970517456     
          29           8   1.06963411319871     
          30           4   1.35078135839667     
          31           1   1.42109806719088     
          31          30   1.44998218550911     
          32           1  0.947055877395837     
          33           2  0.945848690592704     
          34           3  0.946177005936541     
          35          10  0.942719616549478     
          36          11  0.944269326122026     
          37          15  0.941438427727789     
          38          16  0.943757598900488     
          39          17  0.944497780296522     
          40          18  0.945672911086721     
          41          22  0.945658837703829     
          42          23  0.944496196711260     
          43          24  0.943827890288457     
          44          25  0.941463191471159     
          45          27  0.944667193849302     
          46          28  0.944361989236143     
          47          30  0.947497788947334     
          48          31  0.946284419066740     
