 -9.104581562068237E-002
 -5.279513156331728E-002
 -5.529653607137597E-002
 -4.702761065221317E-002
 -4.022280241732012E-003
 -3.751789521779081E-002
 -3.116531523448884E-002
  6.337264856770242E-002
 -7.387727448182435E-002
  6.401727792391743E-002
  1.826846667237048E-002
 -2.127957755690257E-002
 -3.401495820267453E-002
 -1.375266128477826E-003
 -3.425381837266883E-002
 -3.593764564121393E-002
 -1.143869191444935E-003
 -4.051140714236023E-002
 -2.995979471453136E-002
 -4.012096050395275E-002
 -1.068873175936069E-003
 -3.594212694151366E-002
 -3.466832459572355E-002
 -8.814765424753901E-004
 -5.975422924493934E-003
 -8.511989304109235E-003
 -0.228026288756553     
 -1.881469456987972E-002
  1.948074189268967E-002
 -4.523879573459499E-002
 -3.802916171543114E-002
 -4.283738944178683E-002
 -3.537588205115938E-002
 -3.078159405746028E-002
 -3.219464970540820E-003
  1.282647041256846E-002
 -3.892100175199520E-002
 -3.360779951874182E-002
 -3.753993511638942E-002
 -3.197039911314370E-002
 -3.161574284070845E-002
 -3.230576383779837E-002
 -3.650406984362320E-002
  2.715722167586065E-002
  2.812906811688565E-002
  3.677123901053014E-002
  2.913602882329147E-002
  2.458150580447216E-002
  2.898749228358299E-002
  2.606829448282821E-002
  4.322405039802790E-002
  3.591806931909247E-002
  4.131760729871570E-002
  4.326864078704973E-002
  4.910627650241173E-002
  4.392904009623544E-002
  4.167711265549912E-002
  4.168404789604685E-002
  3.933685857672198E-002
  4.196337989976029E-002
  3.953850632227685E-002
  4.174088085024774E-002
  4.632850629959595E-002
  3.732674881526021E-002
  3.767017149005181E-002
  3.669431313758742E-002
  3.854209547076237E-002
  4.114509110075015E-002
  3.905779928217201E-002
  3.972317109796675E-002
  3.878103545858691E-002
  4.068457997735242E-002
  4.063110257589175E-002
  4.299206073073580E-002
  4.210375163623659E-002
