 -4.905287861211960E-002
 -4.012557971760788E-002
 -4.508334211367249E-002
  3.521045411873969E-002
 -2.874154329790368E-002
 -3.660706787130685E-002
 -2.901848941081475E-002
 -3.675920661599008E-002
 -4.910190828856198E-002
 -3.995767774387815E-002
 -4.458834289626257E-002
  3.535717367060087E-002
 -9.335445856621938E-002
  5.253602883888231E-002
 -3.525251767185544E-002
 -3.092785579606883E-002
  4.547687151930280E-002
 -1.337934932277474E-002
 -3.331483570742044E-002
 -1.634539662773093E-002
 -3.087525032635696E-002
 -4.228950183513192E-002
 -3.087915349035342E-002
 -1.634474710617084E-002
 -1.338519232722657E-002
 -3.334608215736257E-002
  5.254110146485713E-002
 -9.330656820165917E-002
  3.521261903550998E-002
 -4.508524895874721E-002
 -4.012764734507801E-002
 -4.904518047666695E-002
 -3.660270181983094E-002
 -2.873114106530839E-002
 -2.900216383225018E-002
 -3.675566144867126E-002
 -4.909023811779356E-002
 -3.995322451810512E-002
 -4.459334670264248E-002
  3.536316959662633E-002
 -3.531729920073801E-002
 -3.093318088310681E-002
  4.544782038639061E-002
 -8.051260305146357E-002
  4.270816163217894E-003
  4.000372749167724E-002
  4.301876629190271E-002
  4.016196700353336E-002
  4.205658849945393E-002
  4.196223131696186E-002
  3.994921671908025E-002
  4.306799386931248E-002
  4.059268075493661E-002
  4.900529658992536E-002
  4.822523408179702E-002
  4.636149938180956E-002
  4.673193950209653E-002
  4.403382365876762E-002
  4.672766628484193E-002
  4.637746007297783E-002
  4.017952149038539E-002
  4.302092051354356E-002
  4.000456220695292E-002
  4.205839655094057E-002
  4.196260603136515E-002
  3.995055330370145E-002
  4.307022193894938E-002
  4.061073527747494E-002
  4.901592904274765E-002
  4.822099045550909E-002
