 -0.101840694108176     
  2.645558286408756E-002
 -0.101889303620787     
 -0.100214633529840     
 -2.116997638626827E-002
 -4.180748197713058E-002
 -4.317469978923505E-002
  5.159009572434092E-002
 -0.122816779532964     
  5.906264593964039E-002
 -3.946812385637610E-002
 -2.621321714702773E-002
 -5.855444966196011E-002
  0.104514731363576     
 -0.198692489659766     
  7.944308819777524E-002
 -9.104868353986895E-002
 -8.445378848769369E-002
  7.944805751421313E-002
 -8.445267309142857E-002
 -9.104455569274617E-002
 -0.198678881749307     
 -2.621944001268250E-002
 -3.948885639361333E-002
  5.158728472292529E-002
 -4.322644206049198E-002
 -4.181685440662442E-002
 -2.120299232327927E-002
  2.645377909023727E-002
 -0.101891885915459     
 -0.101841044312549     
 -0.100222273300475     
 -4.321448230248581E-002
 -4.386771381853816E-002
 -4.382350781025135E-002
 -4.320545221028826E-002
  3.350719679494218E-002
  3.534459257098477E-002
  3.136611253728250E-002
  3.537709670053557E-002
  3.336733702402372E-002
  3.146047151284548E-002
  3.540870468387414E-002
  3.522608584893383E-002
  3.337991431759768E-002
  4.288353257961475E-002
  4.001673817467055E-002
  4.185306780913356E-002
  4.502444914582959E-002
  3.592380263236139E-002
  3.711446213396397E-002
  3.947688753737499E-002
  4.111550168131795E-002
  3.977185660279337E-002
  3.761972736774422E-002
  3.977069295971047E-002
  3.762248782058575E-002
  4.111561817045029E-002
  3.592793740034050E-002
  3.711359748467713E-002
  3.947750420372320E-002
  4.502397844054118E-002
  4.184860088640385E-002
  4.001883447415167E-002
  4.287979677709752E-002
  3.538026214348422E-002
  3.146399085991114E-002
  3.336773782441127E-002
  3.533658465863210E-002
  3.136045964965539E-002
  3.350705847875557E-002
  3.540965798217388E-002
  3.338098089032571E-002
  3.522110354857544E-002
  4.373055887461297E-002
  3.952475126588839E-002
  3.953159157096164E-002
  4.373478725956692E-002
