           2           1  0.973187056308698     
           3           2  0.948258540743970     
           4           2  0.940371947245065     
           5           4   1.40496044271707     
           6           5   1.42749143792364     
           7           6   1.42245946091877     
           8           7   1.44017268066063     
           9           4   1.33517454399473     
           9           8   1.37449559950429     
          10           9  0.997506245861330     
          11          10   1.02776013924444     
          12          11   1.23955943470189     
          13          12   1.58615861795378     
          14          13   1.23085401807825     
          15          14   1.28968655122178     
          16          15   1.43666576862274     
          17          16   1.06568078897999     
          18          17   2.81334760712358     
          19          16   1.23020601751551     
          20          19   1.57386176296618     
          21          14   1.21070680658245     
          21          20   1.24466138624565     
          22          11   1.44147369035772     
          22          21   1.23249469755680     
          23          22  0.943551674588153     
          24          23  0.953208823354670     
          25          23  0.950097661011356     
          26          23  0.942563592035225     
          27          26   1.38642264599571     
          28          27   1.43714259877483     
          29          28   1.41496634532657     
          30           2  0.938619038765731     
          30          29   1.41432910251329     
          31          10   1.00669176148031     
          31          26   1.35426305154723     
          31          30   1.32271383905167     
          32           1  0.977341470553860     
          33           1  0.978493850669006     
          34           1  0.977139422865568     
          35           3  0.977693902725862     
          36           3  0.976510731682101     
          37           3  0.977527358341074     
          38           5  0.942866682070499     
          39           6  0.944440211206048     
          40           7  0.943748362787311     
          41           8  0.942765660294215     
          42          12  0.939766250205514     
          43          13  0.939331843404655     
          44          15  0.942389075384943     
          45          19  0.943937126952264     
          46          20  0.935690986640296     
          47          24  0.973158816707250     
          48          24  0.973533976145437     
          49          24  0.976659516545083     
          50          25  0.975410812865537     
          51          25  0.976525321291065     
          52          25  0.972481240686241     
          53          27  0.942714449367712     
          54          28  0.942458802903289     
          55          29  0.941668561963220     
