           2           1   1.42852680806607     
           3           2   1.41486165174466     
           4           3   1.43972836212360     
           5           4   1.36638935880744     
           6           5   1.00434389453179     
           7           6   1.36889035891445     
           8           7   1.44031883076738     
           9           8   1.40847576760121     
          10           9  0.884065800262950     
          11          10  0.883532384441989     
          12          11   1.40982869507144     
          13          12   1.43634145340946     
          14          13   1.38037712904424     
          15          14  0.977049491723249     
          16          15   1.05542531208945     
          17          16   1.36961241728746     
          18          17   1.45178416470768     
          19          18   1.39438477240286     
          20          19   1.46025983932236     
          21          16   1.26479548608726     
          21          20   1.35373267192310     
          22          21   1.08782235179006     
          23          22   1.35368428110038     
          24          23   1.46032505806737     
          25          24   1.39433357502601     
          26          25   1.45184633696650     
          27          15   1.05532654574705     
          27          22   1.26485603250735     
          27          26   1.36958476232157     
          28          14   1.37812951033305     
          29          11   1.40542078336023     
          29          28   1.43880231802024     
          30          10  0.883249601777485     
          31          30   1.40992900857380     
          32          31   1.43616225219070     
          33          32   1.38057666451836     
          34          33  0.976819748413481     
          35          34   1.05565755140648     
          36          35   1.36954655603180     
          37          36   1.45183190104814     
          38          37   1.39436035284059     
          39          38   1.46024490579015     
          40          35   1.26468561344585     
          40          39   1.35377377481238     
          41          40   1.08785765158957     
          42          41   1.35364383543014     
          43          42   1.46035347700686     
          44          43   1.39432266358088     
          45          44   1.45185254375390     
          46          34   1.05532370595157     
          46          41   1.26485045086891     
          46          45   1.36959030234419     
          47          33   1.37811418369035     
          48          30   1.40537564819094     
          48          47   1.43892667945170     
          49          10  0.884060318104180     
          50          49   1.40995178775745     
          51          50   1.43608234075395     
          52          51   1.38062694664664     
          53          52  0.977030010752943     
          54          53   1.05548061564792     
          55          54   1.36958138656077     
          56          55   1.45181160944168     
          57          56   1.39437953079689     
          58          57   1.46025764055936     
          59          54   1.26479394126021     
          59          58   1.35373818982577     
          60          59   1.08781784733992     
          61          60   1.35370235320433     
          62          61   1.46030520972587     
          63          62   1.39435970195758     
          64          63   1.45180972461495     
          65          53   1.05528964042373     
          65          60   1.26482361239231     
          65          64   1.36964125830752     
          66          52   1.37787606861284     
          67          49   1.40515709848310     
          67          66   1.43916995334591     
          68           9   1.40363763739601     
          69           6   1.36699657056901     
          69          68   1.44341737504048     
          70           1   1.43179181593290     
          70           5   1.36494495927001     
          71           1  0.945805950067169     
          72           2  0.949139290628840     
          73           4  0.948423040003773     
          74           7  0.943786518554700     
          75           8  0.944071633456199     
          76          12  0.942713594647958     
          77          13  0.943244643047921     
          78          17  0.943660169846807     
          79          18  0.944771436615802     
          80          19  0.945073767841334     
          81          20  0.944700247185792     
          82          23  0.944701414585643     
          83          24  0.945068262831604     
          84          25  0.944747294740670     
          85          26  0.943648461522060     
          86          28  0.943174523398657     
          87          29  0.943595278636713     
          88          31  0.942673663105537     
          89          32  0.943209140063988     
          90          36  0.943685836018479     
          91          37  0.944779280240027     
          92          38  0.945076402149928     
          93          39  0.944697666636663     
          94          42  0.944703511093809     
          95          43  0.945068226938376     
          96          44  0.944754994740439     
          97          45  0.943648570815458     
          98          47  0.943214349137183     
          99          48  0.943554870677958     
         100          50  0.942753406479951     
         101          51  0.943185132339552     
         102          55  0.943687222347037     
         103          56  0.944765684997567     
         104          57  0.945075465702636     
         105          58  0.944705743677967     
         106          61  0.944703164676342     
         107          62  0.945071793630475     
         108          63  0.944752406177674     
         109          64  0.943649350433723     
         110          66  0.943201403250217     
         111          67  0.943590825734086     
         112          68  0.944937344195515     
         113          69  0.943606669585154     
         114          70  0.944907059813590     
