 -2.576759175158383E-002
 -4.754326159266942E-002
  3.335718854467506E-002
  1.244197187714402E-002
  4.593217755511247E-003
 -3.123394166506444E-002
 -5.399692571307391E-002
  4.669347909770583E-003
 -2.667756802873811E-002
  3.669390730090072E-002
 -7.937010724860372E-002
 -3.553749487811952E-002
 -4.601194113204343E-002
 -4.575020886612524E-002
 -4.348418624288186E-002
 -4.160500610516582E-002
 -1.883912240047092E-002
 -0.110771390369548     
  4.046852075338059E-003
  2.776396830092231E-002
 -1.115891535741831E-002
 -3.683216700781777E-002
 -3.820834806114970E-002
 -3.445947594344112E-002
 -4.126693760055655E-002
 -2.780440087494895E-003
  1.555654873327672E-002
 -2.794686183538175E-003
 -4.128026960700915E-002
 -3.445713632919833E-002
 -3.818111275168157E-002
 -3.681158855422950E-002
 -1.115866694847778E-002
 -1.566339510678638E-002
 -4.439497528142056E-002
 -3.407554002201607E-002
 -3.148566738698122E-002
 -3.298431876060359E-002
 -2.408966238672150E-003
 -1.235160697896198E-003
 -2.399214900825619E-003
 -3.295811259579295E-002
 -3.146921531440139E-002
 -3.405284810867570E-002
 -4.434204953232701E-002
 -1.566054923067206E-002
  4.821397743211298E-002
  4.884266348180910E-002
  6.146409900401550E-002
  4.324546779957428E-002
  3.574711114929896E-002
  3.586533064800934E-002
  3.628855635566008E-002
  3.546420305065523E-002
  3.388591285169251E-002
  5.643302648127124E-002
  4.322537268545223E-002
  4.157292682002045E-002
  4.300628305134602E-002
  4.194505572426788E-002
  4.192827482312733E-002
  4.300022128317316E-002
  4.157670670142699E-002
  4.322433281736993E-002
  4.344279475750290E-002
  4.244549831388689E-002
  4.337977551869288E-002
  4.327573912158911E-002
  4.328553297790361E-002
  4.338668233265208E-002
  4.244121747839824E-002
  4.339873844472009E-002
