 -0.202493813603498     
  0.100361353098810     
  3.326100449970504E-002
  0.102699202045821     
 -0.199420091268046     
  4.130323297997229E-004
  1.070226944942343E-002
 -2.835552473547587E-002
 -2.698694344630681E-002
  1.835954679507434E-002
 -6.673728890176811E-003
 -3.486311380256790E-002
 -3.770847386150056E-002
  1.358440093215840E-003
 -3.605544389918158E-002
 -3.222034930667306E-002
 -9.567267770114185E-004
 -3.710853798321878E-002
 -2.932832972574140E-002
 -3.712520274727549E-002
 -1.779768910693313E-003
 -3.271748044784228E-002
 -4.164131596857867E-002
 -8.789424936308521E-004
 -6.385884526846297E-003
 -8.123069055637977E-003
 -2.544270869244691E-002
  9.329218937617245E-002
 -0.129609287610083     
  6.503315389281128E-002
  5.975188408896026E-002
  5.003857115087529E-002
  4.250265225556138E-002
  4.242475445548366E-002
  4.143480922884657E-002
  4.172274770923845E-002
  3.944224190246581E-002
  4.234818847769439E-002
  3.948757373122747E-002
  4.186429877850617E-002
  4.390122005627395E-002
  4.547560433647613E-002
