           2           1  0.963480877298676     
           3           2  0.977569965527511     
           4           2  0.962912814493488     
           5           2  0.943426029956114     
           6           5   1.38739653939191     
           7           6   1.33695685229933     
           8           7   1.04659349255688     
           9           8   1.33369678550615     
          10           9   1.46352031629681     
          11          10   1.37209055116847     
          12          11   1.00713647633286     
          13          12   1.03652073420978     
          14          13   1.36591549558328     
          15          14   1.46150680599564     
          16          15   1.33905987819316     
          17          16  0.994609274099935     
          18          17  0.997337373495832     
          19          18   1.37045322532048     
          20          19   1.44416037083226     
          21          20   1.42372332426813     
          22          21   1.42444118983212     
          23          18   1.37139153768240     
          23          22   1.44329293625564     
          24          17   1.00005902968779     
          25          24   1.37018685126712     
          26          25   1.44439016129079     
          27          26   1.42372341791699     
          28          27   1.42401658120978     
          29          24   1.37027591956880     
          29          28   1.44403801474554     
          30          16   1.39891040064418     
          31          13   1.26766117744673     
          31          30   1.36386005385846     
          32          31   1.07837858905156     
          33          32   1.36571206513992     
          34          33   1.39762430953005     
          35          34  0.993010741066650     
          36          35  0.999895140727854     
          37          36   1.37000928034877     
          38          37   1.44433161094838     
          39          38   1.42371435161317     
          40          39   1.42402184759995     
          41          36   1.37008358183383     
          41          40   1.44414181674583     
          42          35  0.998099449475048     
          43          42   1.37085570213154     
          44          43   1.44404799416955     
          45          44   1.42388899453894     
          46          45   1.42430998240533     
          47          42   1.37094333131548     
          47          46   1.44357090658816     
          48          34   1.34162379584542     
          49          48   1.45898153490065     
          50          12   1.03830077897971     
          50          32   1.26510617880060     
          50          49   1.36901451766903     
          51          11   1.28090966502819     
          52          51   1.05466455666188     
          53          52   2.82297190722171     
          54           8   1.36883669715521     
          54          51   1.36840952701301     
          55           7   1.33628072959336     
          56          55   1.38654912718697     
          57          56  0.943231835171401     
          58          57  0.962995786068560     
          59          57  0.977600277707597     
          60          57  0.963583047042387     
          61           5   1.36670221007003     
          61          56   1.36848412406653     
          62           1  0.978700991635720     
          63           1  0.978032927898286     
          64           1  0.977433338080492     
          65           3  0.979335912531775     
          66           3  0.978134976691908     
          67           3  0.978207483573197     
          68           4  0.977488102383190     
          69           4  0.978669253145153     
          70           4  0.977959295361394     
          71           9  0.941373670055638     
          72          10  0.941922749186158     
          73          14  0.939738745800247     
          74          15  0.942114450045320     
          75          19  0.945817678592279     
          76          20  0.945204862348693     
          77          21  0.946643164148289     
          78          22  0.945362992456835     
          79          23  0.946228718500161     
          80          25  0.946210546568922     
          81          26  0.945351107196137     
          82          27  0.946660165252466     
          83          28  0.945328957553385     
          84          29  0.946091661847556     
          85          30  0.942471987993275     
          86          33  0.942492625685469     
          87          37  0.946136851958890     
          88          38  0.945280379911292     
          89          39  0.946637451168293     
          90          40  0.945342947229287     
          91          41  0.946188645075307     
          92          43  0.946102304898695     
          93          44  0.945245735682053     
          94          45  0.946604499147326     
          95          46  0.945330779020122     
          96          47  0.946183777316444     
          97          48  0.942319397285288     
          98          49  0.940609012395389     
          99          54  0.940089458839254     
         100          58  0.977962567801754     
         101          58  0.977437954085417     
         102          58  0.978682342559281     
         103          59  0.979352795366767     
         104          59  0.978235494868266     
         105          59  0.978190208886662     
         106          60  0.978690604238451     
         107          60  0.978044584171698     
         108          60  0.977371782584058     
