 -9.546592959901989E-002
  2.455353357277135E-002
 -9.880523143375974E-002
 -1.503877952326960E-002
 -4.239183499743238E-002
 -3.890912228312615E-002
 -3.386124861660278E-002
 -3.380983833609807E-002
  4.792786474356925E-002
 -0.116933867227209     
  6.094193261680658E-002
 -5.094962689425131E-002
 -2.847029704660020E-002
 -6.712915877933767E-003
  6.338370744127975E-002
 -4.254139979659222E-002
  6.089551294897744E-002
  1.278113237402279E-002
 -2.706169802371505E-002
 -2.891884793132071E-002
 -3.475517692059160E-002
 -3.077308185256022E-002
 -3.916712980794568E-002
 -0.219007470436424     
  9.046572684195686E-002
  2.569421459797461E-002
 -2.913659695980630E-002
 -2.897478798632491E-002
 -3.602307661296145E-002
 -2.907186180496613E-002
 -2.928013310358413E-002
 -0.218099320897892     
 -3.920307462090911E-002
 -4.886669003478161E-002
  4.329435800473647E-002
 -2.917413162598326E-002
 -4.538524642370412E-002
 -4.747069943150528E-002
  3.668975071558167E-002
 -2.710515284520554E-002
 -2.654682860920055E-002
 -3.731959693417419E-002
 -4.867749634205865E-002
 -4.018954810875819E-002
 -4.609350112317046E-002
  3.444624009965880E-002
 -9.409048623591421E-002
  6.139051110830129E-002
 -3.643648627225637E-002
 -3.007050099165731E-002
 -3.798572606595485E-002
 -2.959825944595629E-002
 -3.524364805640623E-002
  3.731161050047083E-002
  3.784681103101450E-002
  3.644620071214100E-002
  3.905797349739859E-002
  3.124405246766948E-002
  3.174749651147479E-002
  4.342379448709333E-002
  4.078835581708329E-002
  4.392011949088048E-002
  4.276680197901672E-002
  4.235697862782573E-002
  4.929746062378737E-002
  4.360538662188163E-002
  4.438543751262325E-002
  3.951048947880509E-002
  3.953138732968264E-002
  3.907274280259088E-002
  3.946905071518148E-002
  4.471825059530388E-002
  3.924018713032196E-002
  3.984957010327839E-002
  3.913099775606088E-002
  4.461479287612935E-002
  4.482178391242875E-002
  4.325261866219632E-002
  5.230127761251424E-002
  4.596596190234137E-002
  4.686493238316880E-002
  4.078041470528693E-002
  4.279432796529248E-002
  4.015948418666326E-002
  3.919150152893625E-002
  4.259847892047297E-002
  3.985068408922976E-002
  4.291825604724619E-002
  4.031619148833787E-002
