           2           1   2.82109506365350     
           3           2   1.05926353035168     
           4           3   1.33391748036912     
           5           4   1.46413128979155     
           6           5   1.36201748931788     
           7           6  0.996987420505657     
           8           7   1.38479438589665     
           9           8   1.39405387509893     
          10           9  0.990277669438569     
          11          10   1.37966413007874     
          12          11   1.43720124256765     
          13          12   1.42962601200560     
          14          13   1.42338683688125     
          15          10   1.37379581540548     
          15          14   1.44380445914549     
          16           9   1.31294628193207     
          17          16  0.994750502421698     
          18          17   1.36206632229557     
          19          18   1.46072334501233     
          20          19   1.35912653766111     
          21          20   1.00218835501271     
          22          21  0.997276242298372     
          23          22   1.37022585415221     
          24          23   1.44439636224681     
          25          24   1.42360206465546     
          26          25   1.42465471981558     
          27          22   1.37196462834967     
          27          26   1.44310985532085     
          28          21  0.997264375363179     
          29          28   1.37142054089663     
          30          29   1.44366598738105     
          31          30   1.42423799349942     
          32          31   1.42427169847785     
          33          28   1.37143663455037     
          33          32   1.44353149508991     
          34          20   1.36734019907525     
          35          17   1.37041753294629     
          35          34   1.45149557219568     
          36          16   1.38975901694635     
          37           7   1.31597021880470     
          37          36   1.38951802523720     
          38          37  0.991705906969001     
          39          38   1.37446464152378     
          40          39   1.44287483930118     
          41          40   1.42443184034062     
          42          41   1.42847629972462     
          43          38   1.37780258490542     
          43          42   1.43867359200043     
          44           6   1.36566016206119     
          45           3   1.33787849474811     
          45          44   1.45954100008791     
          46           4  0.944888840772961     
          47           5  0.943382119775181     
          48           8  0.941277695988320     
          49          11  0.947178624685561     
          50          12  0.946499245422251     
          51          13  0.947473965360027     
          52          14  0.946271636498482     
          53          15  0.945917513609763     
          54          18  0.942763962339333     
          55          19  0.944058411969332     
          56          23  0.945633063232155     
          57          24  0.945312819707408     
          58          25  0.946610875114164     
          59          26  0.945312030515765     
          60          27  0.946190144313313     
          61          29  0.946282609525985     
          62          30  0.945320888525878     
          63          31  0.946603228255647     
          64          32  0.945301604575056     
          65          33  0.946149226339446     
          66          34  0.944133190332337     
          67          35  0.944044029004425     
          68          36  0.941178891761303     
          69          39  0.946066623225536     
          70          40  0.946371308040330     
          71          41  0.947427201306370     
          72          42  0.946441093831521     
          73          43  0.947102329401452     
          74          44  0.944686655827681     
          75          45  0.944935595036065     
