           2           1   1.73666758730073     
           3           2   1.73819121489033     
           4           2  0.744686403526034     
           5           4   1.44486788765359     
           6           5   1.39348289092144     
           7           6   1.43491576757360     
           8           7   1.43544908066498     
           9           4   1.33753126033436     
           9           8   1.36574376912091     
          10           9   1.01930092752426     
          11          10   1.39296930424917     
          12          11   1.34839870879624     
          13          12   1.05438203793879     
          14          13  0.965426936894812     
          15          14   1.38322089764099     
          16          15   1.43388787976852     
          17          16   1.41925332371197     
          18          17   1.43764301927303     
          19          14   1.34922877127375     
          19          18   1.38719492381818     
          20          19   1.00326583949513     
          21          20   1.00304464927983     
          22          21   1.38772741612066     
          23          22   1.43719934334499     
          24          23   1.41977376574393     
          25          24   1.43349300704339     
          26          13  0.964820036938323     
          26          21   1.34881112470955     
          26          25   1.38395923036326     
          27          12   1.34653111998412     
          28          27   1.42540106522436     
          29           2  0.756316549946320     
          29          10   1.32193961751564     
          29          28   1.42407840694887     
          30           5  0.944458421328819     
          31           6  0.941297434432229     
          32           7  0.941859888566097     
          33           8  0.942351387726183     
          34          11  0.936126618346915     
          35          15  0.944126583529600     
          36          16  0.943642182012871     
          37          17  0.943542852236043     
          38          18  0.943129207293530     
          39          22  0.943127480500801     
          40          23  0.943492474544596     
          41          24  0.943520822072263     
          42          25  0.944062200763063     
          43          27  0.935294622829813     
          44          28  0.941453720114084     
