 -0.236965602202599     
  0.141530762335587     
 -1.020225271803277E-002
 -3.889090918246207E-002
 -2.906033118950546E-002
 -2.997811443368725E-002
 -2.590817438227688E-002
 -2.648683215435632E-002
 -1.473083614912873E-002
 -2.121997530589681E-002
 -2.823497795837948E-002
  6.597396262767807E-002
 -9.208224209071947E-002
  3.555222463795227E-002
 -4.450730046842200E-002
 -3.902571553776202E-002
 -4.672029956195800E-002
 -3.498061186907275E-002
 -2.547350150653660E-002
 -2.604724582278628E-002
 -4.045637838527494E-002
 -1.212450763991502E-002
 -1.186242977132057E-002
 -3.939478381282679E-002
 -4.385087579762370E-002
  5.232342756308928E-002
 -0.126602196471072     
  5.380650291496680E-002
 -4.521634362587612E-002
 -3.455232839140265E-002
 -4.706541031122846E-002
 -3.445008080932510E-002
 -4.512423272305099E-002
  5.389919048909020E-002
 -4.500987778223919E-002
 -3.453970687982366E-002
 -4.710193303441734E-002
 -3.454237904786783E-002
 -4.504387126247611E-002
 -4.399262407882443E-002
 -3.938734630993412E-002
 -4.199845317530748E-002
 -4.147699116578352E-002
  3.492833380616611E-002
 -3.112591715694268E-002
 -3.301347355794171E-002
  4.125704116553264E-002
  3.909832207497554E-002
  4.093102268665394E-002
  4.017314324342924E-002
  4.439606269170560E-002
  5.143543866360956E-002
  4.356101981428584E-002
  4.029508211437216E-002
  4.348630257937003E-002
  4.073346103314213E-002
  4.293041180734114E-002
  4.301899838204015E-002
  4.218866179020686E-002
  4.032238864143478E-002
  3.778620247971942E-002
  4.146191924167641E-002
  3.833896445171869E-002
  4.151414005349574E-002
  3.784102690727043E-002
  3.786223369781216E-002
  4.147186510644074E-002
  3.828557782245234E-002
  4.142860586769148E-002
  3.788056228767023E-002
  4.016611321727714E-002
  4.226830575403728E-002
  4.498907755000470E-002
  4.420237602531518E-002
  4.262490041540479E-002
  4.848343178341497E-002
