 -3.371700702972369E-002
 -2.321226063214787E-002
 -1.981548196253602E-002
  2.742379145183538E-002
  6.199596383082140E-002
 -0.184579975293988     
 -0.184216882422053     
  6.188517805381100E-002
  2.689074347420783E-002
 -3.896445602229015E-002
 -3.184228367292707E-002
 -1.175994563781479E-003
 -1.893630978400118E-003
 -3.175071615222969E-002
 -2.102966205782764E-002
  2.523164930600030E-002
  6.618174382179820E-002
 -0.223556600796761     
 -1.048620336568185E-002
  1.339687745344298E-002
 -2.849812248203509E-002
 -3.570405623329798E-002
 -4.088944354779223E-002
 -4.406245663961705E-002
 -1.208562930347945E-002
 -3.191240372296456E-003
 -4.040086779814089E-002
 -4.059260686726862E-002
 -3.730546941886193E-002
 -4.895165631559006E-002
  4.743407625656726E-003
  1.096564223468333E-002
 -8.115814958666245E-002
  6.822482345049474E-002
 -2.663197260474703E-002
 -2.596219922439236E-002
 -3.196732644735878E-002
 -2.572684963088090E-002
 -2.971261295690297E-002
 -3.791816718273022E-002
 -3.237456171915998E-002
 -2.899522191551185E-002
 -1.828256461162781E-002
 -8.301285995551222E-002
  6.418451150963778E-002
 -3.065499534930272E-002
 -2.478358793436808E-002
 -3.204486578592380E-002
 -2.501438329473693E-002
 -3.114454935917532E-002
 -4.157329021629330E-002
 -2.806412311569151E-002
  4.143800415514298E-002
  4.314366460141705E-002
  4.802687132778649E-002
  4.429689452733665E-002
  4.299781761033661E-002
  4.215879761704111E-002
  4.816939807866172E-002
  4.377931871121776E-002
  4.033165164854458E-002
  3.906929363640554E-002
  4.159104015782866E-002
  4.432274674511905E-002
  4.012718825401274E-002
  4.042627991960412E-002
  4.183485352215588E-002
  4.240776638595745E-002
  4.526374705829306E-002
  4.209477791858818E-002
  4.506135434969261E-002
  4.157517223820950E-002
  4.501847805329606E-002
  4.291550259507837E-002
  4.352411816938717E-002
  5.054931403973750E-002
  4.278197572520992E-002
  4.582610775020901E-002
  4.250707360976436E-002
  4.573506452849951E-002
  4.250440072217410E-002
  4.132918887729831E-002
  4.101279007332104E-002
