           2           1   1.42213429655343     
           3           2   1.44623357548708     
           4           3   1.35925444301803     
           5           4   1.02351320331198     
           6           5   1.60747125859883     
           7           6   1.14733698459910     
           8           7   1.60486040582487     
           9           8   1.02817852420350     
          10           9   1.35615482866736     
          11          10   1.45838791442098     
          12          11   1.36241531636302     
          13          12   1.00933546118746     
          14          13   1.35797302811133     
          15          14   1.46422188419386     
          16          15   1.34646100764805     
          17          16   1.03465997015615     
          18          17   1.54527703664592     
          19          18   1.17686890514747     
          20          19   1.13162437124466     
          21          20   1.30923288823067     
          22          21   1.49922316131181     
          23          22   1.35808792592006     
          24          23   1.49582767350830     
          25          20   1.26621023790502     
          25          24   1.31908950709961     
          26          25   1.10795960705148     
          27          26   1.32579053406093     
          28          27   1.49043353512881     
          29          28   1.36027622125015     
          30          29   1.49745873513982     
          31          26   1.24907054690055     
          31          30   1.30479424716231     
          32          19   1.38343935792809     
          32          31   1.15314295750607     
          33          17   1.12045776220035     
          33          32   1.08433976214086     
          34          33  0.947990117621740     
          35          34   1.38262656247223     
          36          35   1.43532687013293     
          37          36   1.42724221546145     
          38          37   1.43179474102794     
          39          34   1.39340996529390     
          39          38   1.43153383451224     
          40          16   1.35548719995764     
          41          13   1.36295219532255     
          41          40   1.45818459144172     
          42          12   1.36015315714764     
          43           9   1.35077814021300     
          43          42   1.46105244609032     
          44           5   1.10399395667859     
          44           8   1.10260858296459     
          45          44  0.951616717234826     
          46          45   1.38755454694196     
          47          46   1.43491374350734     
          48          47   1.42906237442854     
          49          48   1.42904559874142     
          50          45   1.38750749091018     
          50          49   1.43493879947298     
          51           4   1.36512176764054     
          52           1   1.42493692355119     
          52          51   1.44315173936426     
          53           1  0.946861578077728     
          54           2  0.945531002854101     
          55           3  0.946353241863026     
          56          10  0.942921269719869     
          57          11  0.944459352959123     
          58          14  0.944259923106013     
          59          15  0.944520581610409     
          60          21  0.944937805604396     
          61          22  0.945400788976261     
          62          23  0.945711627951366     
          63          24  0.942184015296055     
          64          27  0.941153795771051     
          65          28  0.945418730841324     
          66          29  0.945153220722128     
          67          30  0.938347161292024     
          68          35  0.947057397481181     
          69          36  0.944733135859254     
          70          37  0.945863703278081     
          71          38  0.944844261477646     
          72          39  0.947039794698684     
          73          40  0.941670184816870     
          74          41  0.944490525704192     
          75          42  0.944140817418652     
          76          43  0.944458065777045     
          77          46  0.946710359274801     
          78          47  0.944730444527056     
          79          48  0.945883870406130     
          80          49  0.944743889925657     
          81          50  0.946737310666546     
          82          51  0.944911543805968     
          83          52  0.945986771478179     
