 -2.820330432429241E-002
 -4.208352775729285E-002
  4.179224885220378E-003
 -2.518824001738196E-004
 -3.811208737043703E-002
 -4.069642565006237E-002
 -4.588725906606861E-003
 -3.847327156845992E-003
 -4.261629387370469E-002
 -3.496901892622795E-002
 -3.482901617218381E-002
 -4.248149975455284E-002
 -4.140132630717552E-003
 -4.198304754035931E-003
 -4.251060253032524E-002
 -3.487456428762492E-002
 -3.478103668596066E-002
 -4.267440664176103E-002
 -3.650596134680661E-003
 -2.359589755569935E-003
 -4.755097386570295E-002
 -4.105558839623225E-002
  6.245438940707704E-002
 -9.443518565639231E-002
  3.545488730389890E-002
 -4.469892809626597E-002
 -4.009967738535725E-002
 -4.925884612843134E-002
 -3.676051941047920E-002
 -2.886480756512366E-002
 -2.889777254901382E-002
 -3.680444933999460E-002
 -4.930046779935715E-002
 -4.042129510622505E-002
 -4.513750688320428E-002
  3.517570876092835E-002
 -3.610071368538836E-002
  4.592639799246201E-002
  4.095235744206138E-002
  4.121369062454827E-002
  4.594942595824647E-002
  4.282933451600501E-002
  4.006269028178999E-002
  4.002654803909189E-002
  4.315303991314134E-002
  4.315795132344236E-002
  4.002335706408056E-002
  4.006433116664776E-002
  4.326851705949997E-002
  4.450255535138081E-002
  4.092244578274173E-002
  4.019299026295342E-002
  4.301068918748907E-002
  3.996635561049233E-002
  4.196726911869952E-002
  4.197139745428735E-002
  3.992056489002138E-002
  4.284872797338002E-002
  4.020271181698920E-002
  4.185751539361626E-002
