           2           1  0.960008459826646     
           3           2   1.17951604195583     
           4           3   1.65787341564377     
           5           4   1.13236446109302     
           6           5   1.28239003279829     
           7           6   1.04991454885426     
           8           7   1.34942546726660     
           9           8   1.45775160987635     
          10           9   1.37307539818994     
          11          10  0.969879927303892     
          12          11   1.00926367668660     
          13          12   1.39022232556047     
          14          13   1.41803332508848     
          15          14   1.44053685815078     
          16          15   1.41122134975139     
          17          12   1.30486191008359     
          17          16   1.41131980432776     
          18          17   1.00627195361548     
          19          18   1.00636997570913     
          20          19   1.41103768825335     
          21          20   1.41138429530928     
          22          21   1.44031481345232     
          23          22   1.41834374539211     
          24          11   1.00939615731288     
          24          19   1.30514184910044     
          24          23   1.38992690687352     
          25          10   1.36955029756524     
          26           7   1.34370263921845     
          26          25   1.46182111414892     
          27           6   1.35184333601260     
          28          27   1.35096500884939     
          29          28   1.04385018871107     
          30          29   1.35291438057825     
          31          30   1.45732287757207     
          32          31   1.37358507749419     
          33          32  0.967960433015721     
          34          33   1.00941997958725     
          35          34   1.39045087507498     
          36          35   1.41769778275675     
          37          36   1.44102411082426     
          38          37   1.41074275273508     
          39          34   1.30473902820395     
          39          38   1.41175831870060     
          40          39   1.00598572737783     
          41          40   1.00630789654002     
          42          41   1.41177063680681     
          43          42   1.41073351262745     
          44          43   1.44096359939087     
          45          44   1.41767300431454     
          46          33   1.00978370327815     
          46          41   1.30447616804001     
          46          45   1.39039506836376     
          47          32   1.37353280169876     
          48          29   1.35316027948742     
          48          47   1.45732737361874     
          49          28   1.34616139573825     
          50           2   1.12722590216236     
          50           5   1.22287782126580     
          50          49   1.33459797369343     
          51           1  0.983693024013132     
          52           1  0.984102320085655     
          53           1  0.983918084138424     
          54           3  0.939660598750156     
          55           8  0.938076872489356     
          56           9  0.945023097965350     
          57          13  0.941113455015091     
          58          14  0.943851226371268     
          59          15  0.944618209767746     
          60          16  0.945753862113657     
          61          20  0.945765167733150     
          62          21  0.944630564333692     
          63          22  0.943857317952043     
          64          23  0.941337538570796     
          65          25  0.944771500787195     
          66          26  0.942413191655057     
          67          30  0.942365763079786     
          68          31  0.945034859027805     
          69          35  0.941407791889196     
          70          36  0.943819249011692     
          71          37  0.944600192661928     
          72          38  0.945752535108716     
          73          42  0.945738938902732     
          74          43  0.944618780914930     
          75          44  0.943867149377886     
          76          45  0.941394284556788     
          77          47  0.945091502460803     
          78          48  0.943012248926984     
