 -4.720953447119047E-002
 -3.477803091296128E-002
 -4.484654824557488E-002
  5.439487677097921E-002
 -0.125383989916445     
  5.474807040188656E-002
 -4.511286912182566E-002
 -3.519963498935397E-002
 -4.795657926912078E-002
 -3.468522770783800E-002
 -4.286708027184094E-002
  5.219507873882145E-002
 -4.427662001245114E-002
 -2.971119596764815E-002
 -6.028815572451940E-003
  5.857817015078481E-003
 -3.653330193531978E-002
 -3.658791041695153E-002
  5.780904277568055E-003
 -5.805701256357487E-003
 -2.968613031523670E-002
 -4.392344406073256E-002
  5.220112403576804E-002
 -0.125478772322003     
  5.437863259189424E-002
 -4.482556854136543E-002
 -3.480772242302876E-002
 -4.725519452614257E-002
 -3.456883363700847E-002
 -4.427119052937112E-002
  5.470814915857547E-002
 -4.538865609342313E-002
 -3.528266127463553E-002
 -4.816737866544152E-002
 -3.473076885825055E-002
 -4.314047692591316E-002
 -4.597548549638919E-002
 -3.983338157714478E-002
  4.494802432514167E-002
 -0.182475402068493     
  4.888166110490832E-002
  4.890032997061500E-002
 -0.182499225332379     
  4.492201715640931E-002
 -2.394781748251340E-002
  0.135021508723931     
 -6.113087721328370E-002
 -6.490784897388924E-002
 -4.173016216543424E-002
 -4.171940550355835E-002
 -6.490940041528148E-002
 -6.111309769748630E-002
  0.134989017650680     
 -2.397543778994482E-002
 -3.981514555232035E-002
 -4.636766735006326E-002
 -4.412490808410841E-002
 -3.456406739829099E-002
  3.817094269609311E-002
  4.131860253358766E-002
  3.788071839365004E-002
  3.774596360484850E-002
  4.119148142679907E-002
  3.771527353586890E-002
  4.103228759971644E-002
  3.961666576730605E-002
  3.949016139120942E-002
  4.598978749219562E-002
  4.487344903741741E-002
  4.492136644600930E-002
  4.611783711871309E-002
  3.951092867856243E-002
  3.789946817618450E-002
  4.131517325372891E-002
  3.816392748866027E-002
  4.141129652230069E-002
  3.819418636925487E-002
  3.774895595117622E-002
  4.116785698448866E-002
  3.768292597753142E-002
  4.103228491154376E-002
  3.956023174439105E-002
  3.908581640703246E-002
  4.110447878830137E-002
  6.137325960207063E-002
  5.160057515657734E-002
  5.160248787230326E-002
  6.137726245195796E-002
  4.103223239215059E-002
  3.910487953641151E-002
  3.822695930326592E-002
  4.141223180683107E-002
