           2           1   1.43124815473892     
           3           2   1.41853606929244     
           4           3   1.42755283747344     
           5           4   1.38695744459016     
           6           5  0.977471061487215     
           7           6  0.944412278478997     
           8           7  0.940460112561781     
           9           8   1.54321648742990     
          10           9   1.11382706713384     
          11          10   1.34657508627067     
          12          11   1.47038293570995     
          13          12   1.38672169064999     
          14          13   1.46003846939779     
          15          10   1.25630389479666     
          15          14   1.36273852925830     
          16           8   1.20905555808970     
          16          15   1.08819645737107     
          17           7  0.957788959013366     
          18          17  0.954863630078774     
          19          18  0.944921706007585     
          20          19  0.977803891722883     
          21          20   1.38141490505101     
          22          21   1.42537165730989     
          23          22   1.43120068620199     
          24          23   1.41847701672847     
          25          20   1.38895898375270     
          25          24   1.43149442815496     
          26          18  0.939323541442225     
          27          26   1.54161788911883     
          28          27   1.11569371309663     
          29          28   1.34644937328195     
          30          29   1.47082237151158     
          31          30   1.38653405557873     
          32          31   1.45971496340559     
          33          28   1.25305339024527     
          33          32   1.36328125009461     
          34          26   1.20701456502299     
          34          33   1.08915394205934     
          35          17  0.959851585774785     
          36          35  0.951273098527675     
          37          36  0.977118683940077     
          38          37   1.38293870163767     
          39          38   1.42683316755267     
          40          39   1.42975857262428     
          41          40   1.42054399269284     
          42          37   1.39030086936380     
          42          41   1.42682383583402     
          43          35  0.935593712984966     
          44          43   1.53921389268512     
          45          44   1.11274191334398     
          46          45   1.34753040134405     
          47          46   1.47075763947448     
          48          47   1.38716993597811     
          49          48   1.45989589242637     
          50          45   1.26100210813531     
          50          49   1.36366006914509     
          51          43   1.20973830589478     
          51          50   1.08245263555144     
          52           1   1.42524626582022     
          52           5   1.38295575574292     
          53           1  0.945448402808356     
          54           2  0.948769689207476     
          55           4  0.944855497705551     
          56           6  0.960985657767432     
          57           6  0.950828475895049     
          58           7  0.940449982503159     
          59          11  0.945305439867997     
          60          12  0.945059788707582     
          61          13  0.944743684079209     
          62          14  0.944141354436374     
          63          16  0.893461373255574     
          64          18  0.933868739948927     
          65          19  0.957109602952427     
          66          19  0.961134421831477     
          67          21  0.944422129118292     
          68          22  0.945991588063297     
          69          23  0.948727297742150     
          70          25  0.947764536058228     
          71          29  0.945280105495654     
          72          30  0.945154190846489     
          73          31  0.944902009916893     
          74          32  0.944061908515250     
          75          34  0.862691206456215     
          76          35  0.939993672863205     
          77          36  0.962129682006448     
          78          36  0.950828315352880     
          79          38  0.944735824445188     
          80          39  0.946062724437612     
          81          40  0.948552139595910     
          82          42  0.946906050916501     
          83          46  0.945172052115330     
          84          47  0.945033797021084     
          85          48  0.944739774559385     
          86          49  0.943783761138988     
          87          51  0.889254430316446     
          88          52  0.943693305935380     
