           2           1   1.75378655157577     
           3           2   1.08788674240289     
           4           3   1.33746465759920     
           5           4   1.46448485655903     
           6           5   1.36938826466930     
           7           6  0.976627366011783     
           8           7   1.05709914923346     
           9           8   1.36867170728076     
          10           9   1.45266398057614     
          11          10   1.39354982423714     
          12          11   1.46077154567537     
          13           8   1.26407505189302     
          13          12   1.35320307127289     
          14          13   1.08855542084483     
          15          14   1.35315600054220     
          16          15   1.46081864171137     
          17          16   1.39351152702957     
          18          17   1.45270362077514     
          19           7   1.05701657413023     
          19          14   1.26413451421721     
          19          18   1.36865174233843     
          20           6   1.37229274950569     
          21           3   1.34174738732092     
          21          20   1.46072519507407     
          22           1   1.08984431650585     
          23          22   1.33205241583668     
          24          23   1.47401328026770     
          25          24   1.34943458607788     
          26          25   1.00484438110168     
          27          26   1.68135466273778     
          28          27  0.997741865051795     
          29          28   1.36707660899954     
          30          29   1.44460550074690     
          31          30   1.42315955460679     
          32          31   1.42550679428656     
          33          28   1.37008119995315     
          33          32   1.44273284630759     
          34          27  0.997897267000466     
          35          34   1.36980938207450     
          36          35   1.44315760724856     
          37          36   1.42514519806246     
          38          37   1.42360291375022     
          39          34   1.36763898262040     
          39          38   1.44415155427201     
          40          26  0.996119359375831     
          41          40   1.37054790260171     
          42          41   1.44276042523908     
          43          42   1.42544164910273     
          44          43   1.42366535164135     
          45          40   1.36830326651883     
          45          44   1.44396532605486     
          46          25   1.35518845836951     
          47          22   1.33863608668754     
          47          46   1.46832009746468     
          48           1  0.940323598941368     
          49           2  0.940451117130556     
          50           4  0.942798106890889     
          51           5  0.944912268621038     
          52           9  0.943846611560291     
          53          10  0.944765617849551     
          54          11  0.945091702972266     
          55          12  0.944712707573820     
          56          15  0.944710347451674     
          57          16  0.945090268162484     
          58          17  0.944766361512890     
          59          18  0.943841669082618     
          60          20  0.944999361206008     
          61          21  0.943617295626200     
          62          23  0.943846132629467     
          63          24  0.943895403017935     
          64          29  0.945782786876416     
          65          30  0.946186715394164     
          66          31  0.947489350574498     
          67          32  0.946415796726313     
          68          33  0.946865779731815     
          69          35  0.946887036388747     
          70          36  0.946411403832412     
          71          37  0.947497558094175     
          72          38  0.946204242708617     
          73          39  0.945892968554075     
          74          41  0.946872267031119     
          75          42  0.946413645831240     
          76          43  0.947481560439974     
          77          44  0.946203443668215     
          78          45  0.945824350508453     
          79          46  0.945135734967639     
          80          47  0.944727330724497     
