 -0.219770680368929     
  9.977389017554561E-002
  9.045250660463910E-003
 -2.094221510177530E-002
 -2.773007374895009E-002
  8.682110639451679E-003
 -6.257944328676324E-003
 -3.693839850886249E-002
 -2.320968016468417E-002
  1.584441895746069E-002
 -8.428248137496652E-003
 -4.751117007669414E-002
  7.162541788341414E-005
 -4.406319217664745E-002
 -7.153454394251746E-003
  7.838170942052525E-003
 -2.863772105382445E-002
 -2.061270051626707E-002
  9.906752458948453E-003
  9.958267480805683E-002
 -0.218430516554387     
 -2.104734023729016E-002
 -2.911037195276656E-002
 -3.960082908881635E-002
 -4.443869881698248E-002
  6.581632473737109E-003
  1.281480772227805E-002
 -6.723713754642979E-003
 -0.223203252156245     
  7.044548247487814E-002
  2.175505569689218E-002
 -3.990266054967062E-002
 -3.521828421943329E-002
 -1.432013620439321E-004
 -1.408622135113990E-002
 -3.945272168888891E-002
 -4.347731550803324E-002
  5.508909498079140E-002
 -0.125489667208091     
  5.354021680560672E-002
 -4.476415961788494E-002
 -3.398786350663308E-002
 -4.583509091517879E-002
 -3.381509217155720E-002
 -4.430322808033349E-002
  5.368733159527350E-002
 -4.508630206251496E-002
 -3.439046539399193E-002
 -4.629160536830135E-002
 -3.392697904683839E-002
 -4.439652629441149E-002
 -4.240087121642233E-002
 -3.710488640769771E-002
 -3.140709757662297E-002
 -2.160599237552052E-002
 -8.091911633721871E-002
  6.791007083715295E-002
 -2.870375506756240E-002
 -2.499663757391524E-002
 -3.176718536193501E-002
 -2.619006487517428E-002
 -2.741467864196334E-002
 -2.952958328708366E-002
 -2.167892269690608E-002
  4.871405166440379E-002
  4.341632178242827E-002
  4.266681996266786E-002
  4.844107328154068E-002
  4.279429095741394E-002
  4.587461498213496E-002
  4.316192453878887E-002
  4.891649369218209E-002
  4.868416098070705E-002
  4.246303565686693E-002
  4.252067939421733E-002
  4.585246007428678E-002
  4.374329350653505E-002
  4.140032063247312E-002
  4.205311303426285E-002
  4.047543826521827E-002
  3.766437036485237E-002
  4.168812189036519E-002
  3.863934992857398E-002
  4.176936620424154E-002
  3.790600276243783E-002
  3.769668557743522E-002
  4.150341157512771E-002
  3.852896648417570E-002
  4.175302982168860E-002
  3.801020856112991E-002
  4.106476503226608E-002
  4.371935045640651E-002
  4.292985561865792E-002
  4.754633571930400E-002
  4.214688839407488E-002
  4.552282127789198E-002
  4.219410493453124E-002
  4.521734281051060E-002
  4.203218466679715E-002
  4.244101481446549E-002
  4.837552095351327E-002
