  7.028715352797921E-003
 -0.156733601625255     
  6.700895258748440E-002
 -5.582635169684291E-002
 -4.549721902984416E-002
  3.917391020584526E-002
 -0.123681976676299     
  3.891989514269856E-002
 -4.457548360501917E-002
 -5.520556649425412E-002
  6.745093391067503E-002
 -0.156667209596412     
  7.055449535269265E-003
 -4.696237729765507E-002
 -4.359066845872661E-002
  5.736463911648837E-002
 -4.449617494893054E-002
 -3.621613493760378E-002
 -1.672065312930293E-002
  1.342498442662388E-002
 -2.634125999066850E-002
 -1.918388872598253E-002
 -1.617580469660407E-002
 -1.272539753070401E-002
 -2.733312213113415E-002
  0.142263454868953     
 -0.236927575628168     
 -1.618050675453997E-002
 -1.918866993458579E-002
 -2.641027367752447E-002
  1.339934868224590E-002
 -1.656941422151448E-002
 -3.618412737974364E-002
 -4.423451678845325E-002
  5.738458564991555E-002
 -0.123754073331485     
  3.891356989854877E-002
 -4.361858939231134E-002
 -4.696906916208388E-002
  6.739748332863371E-002
 -0.156690485729119     
  7.049520798245723E-003
 -5.521205657805694E-002
 -4.470368275582981E-002
  3.916581286517573E-002
 -4.559528135626323E-002
 -5.583034311392066E-002
  6.694401760941826E-002
 -0.156761969890097     
  7.021960410406258E-003
 -4.674173087437072E-002
 -4.362256225195793E-002
 -4.529074744964223E-002
 -3.840373148749254E-002
 -2.741905557360269E-002
 -1.273550725757122E-002
  0.142265483818477     
 -0.236956024660874     
 -3.841176181188999E-002
 -4.550826871265290E-002
 -4.355341543431646E-002
 -4.672566702623726E-002
  4.099888742615465E-002
  4.077624587661099E-002
  4.380941705811747E-002
  4.128216424540232E-002
  4.220954642099506E-002
  4.261976689862379E-002
  4.166069129184558E-002
  4.113307787327891E-002
  4.104273471583175E-002
  4.372031842377688E-002
  4.071792987380018E-002
  4.161203708073580E-002
  4.141176958258752E-002
  4.487681189838100E-002
  4.467619956930180E-002
  5.072080355743058E-002
  4.933167175147957E-002
  5.071915643798197E-002
  4.471477520868627E-002
  4.498293338309567E-002
  4.141270230326122E-002
  4.162097417912036E-002
  4.071965413679768E-002
  4.371740015656367E-002
  4.113837211574678E-002
  4.103406961736644E-002
  4.165477501332593E-002
  4.258892998635189E-002
  4.218128891749950E-002
  4.128012396563552E-002
  4.099075982920941E-002
  4.380525918662725E-002
  4.077897310983647E-002
  4.082214611198776E-002
  4.186733269130549E-002
  4.098797381722830E-002
  4.314254889899871E-002
  4.939737939873012E-002
  4.307348748267881E-002
  4.098960430383913E-002
  4.185457554678751E-002
  4.082401125460300E-002
