           2           1  0.958316313308753     
           3           2  0.958855300299296     
           4           2  0.942564460586897     
           5           4   1.43554788459887     
           6           5   1.40672300469246     
           7           6   1.43428082499085     
           8           7   1.42929554303368     
           9           4   1.30378016399352     
           9           8   1.38051312261679     
          10           9   1.04059937687431     
          11          10   1.37488781883202     
          12          11   1.44412741851065     
          13          12   1.36579534927157     
          14          13   1.01337913328697     
          15          14  0.986446334038418     
          16          15   1.37854917754385     
          17          16   1.43958430775383     
          18          17   1.41949297912058     
          19          18   1.43356448307801     
          20          15   1.32762699331760     
          20          19   1.39048760332935     
          21          20  0.984872150754577     
          22          21   1.38011903019890     
          23          22   1.44052287429540     
          24          23   1.42494155644220     
          25          24   1.42613218955111     
          26          21   1.38081733761386     
          26          25   1.43911938342112     
          27          14  0.986778447719491     
          28          27   1.36795518813827     
          29          28   1.44829521480169     
          30          29   1.39997266430645     
          31          30   1.43084465336894     
          32          27   1.32608659211767     
          32          31   1.30970048571267     
          33          32   1.03806770718985     
          34          33   1.37718282286008     
          35          34   1.42988776896400     
          36          35   1.43290638943252     
          37          36   1.40868220202562     
          38          33   1.30440114279207     
          38          37   1.43355072181638     
          39          31  0.926446907012640     
          39          38  0.928663591414863     
          40          39  0.930829005481847     
          41          40   1.43255787558085     
          42          41   1.40967960912423     
          43          42   1.43248615612348     
          44          43   1.43067375862914     
          45          40   1.30683779638412     
          45          44   1.38062349806326     
          46          45   1.03648865142413     
          47          46   1.38006363562070     
          48          47   1.43092862870871     
          49          48   1.43225832528679     
          50          49   1.41008275563013     
          51          39  0.922092600024543     
          51          46   1.30777248368521     
          51          50   1.43243878112464     
          52          13   1.33427253022906     
          53           2  0.941423111079541     
          53          10   1.29370495818599     
          53          52   1.45429685838922     
          54           1  0.978521061352123     
          55           1  0.978609600756652     
          56           1  0.978541598767998     
          57           3  0.978575592748009     
          58           3  0.978563442593365     
          59           3  0.978616842692130     
          60           5  0.946008082752905     
          61           6  0.946081104970930     
          62           7  0.945593811939255     
          63           8  0.945847451909077     
          64          11  0.942540947323805     
          65          12  0.942056296356102     
          66          16  0.943821268850257     
          67          17  0.944189087654541     
          68          18  0.944666280746250     
          69          19  0.943899112099718     
          70          22  0.945774031559988     
          71          23  0.946239226019112     
          72          24  0.946112109046706     
          73          25  0.946619913939588     
          74          26  0.947349130345680     
          75          28  0.942614927368117     
          76          29  0.941585215622692     
          77          30  0.944041980801043     
          78          34  0.936270077951405     
          79          35  0.945142081715309     
          80          36  0.945520233249411     
          81          37  0.945936854614358     
          82          41  0.941325361401689     
          83          42  0.945671129193571     
          84          43  0.945400717204115     
          85          44  0.945494560315276     
          86          47  0.945440389351752     
          87          48  0.945372525847080     
          88          49  0.945589583510003     
          89          50  0.945818314137490     
          90          52  0.943153461629847     
