           2           1   1.42489648559774     
           3           2   1.44177620940441     
           4           3   1.36733212769761     
           5           4  0.999751091113382     
           6           5   1.30807204569892     
           7           6   1.21885375106014     
           8           7   1.59396457703652     
           9           8   1.26417728688886     
          10           9   1.59280855818354     
          11           6   1.16380803375845     
          11          10   1.22045773554386     
          12          11   1.30418134598081     
          13          12   1.01232283138905     
          14          13   1.35223820326383     
          15          14   1.46088356018082     
          16          15   1.35829396516387     
          17          16   1.00777528734930     
          18          17  0.996408485406858     
          19          18   1.37165036834768     
          20          19   1.44359825652438     
          21          20   1.42425085307975     
          22          21   1.42421412318784     
          23          18   1.37133398905712     
          23          22   1.44363710646914     
          24          17  0.995026188060569     
          25          24   1.37225783968752     
          26          25   1.44319423867074     
          27          26   1.42451544711542     
          28          27   1.42423938886182     
          29          24   1.37168658841104     
          29          28   1.44345927207748     
          30          16   1.35820772412833     
          31          13   1.35768630161520     
          31          30   1.46141971581649     
          32          12   1.27611429390642     
          33          32   1.32769770450275     
          34          33   1.36827296972286     
          35          34   1.37101233938819     
          36           5   1.28257796209025     
          36          32   1.08238252133309     
          36          35   1.32352422966297     
          37           4   1.37309401936390     
          38           1   1.42548182906585     
          38          37   1.44158961139553     
          39           1  0.947389969793549     
          40           2  0.946112976918504     
          41           3  0.946489140706455     
          42           7  0.939491920332840     
          43           8  0.944797447698977     
          44           9  0.944865398291965     
          45          10  0.939151485766764     
          46          14  0.943043018801341     
          47          15  0.943622765080762     
          48          19  0.946189249862846     
          49          20  0.945292559229668     
          50          21  0.946605670808358     
          51          22  0.945318051531719     
          52          23  0.946207892718729     
          53          25  0.946265686626478     
          54          26  0.945320700338722     
          55          27  0.946596292868540     
          56          28  0.945245132923590     
          57          29  0.946053394564412     
          58          30  0.943683517049329     
          59          31  0.943230826161482     
          60          37  0.946709745723415     
          61          38  0.946209272096797     
