 -0.236084842846073     
  0.138207489728064     
 -1.087559771456448E-002
 -1.787471383421746E-002
 -1.702406992424077E-002
 -1.741286499844374E-002
 -1.814154514229127E-002
 -1.085388034171597E-002
  0.143478183185302     
 -0.231080858098179     
 -9.183671378715452E-003
 -2.581836073769672E-002
  7.575858696800486E-002
 -9.342591435143177E-002
  3.641041396208600E-002
 -4.178574489108655E-002
 -3.643100105125274E-002
 -4.556296821422912E-002
 -3.499323664339560E-002
 -2.627276221218544E-002
 -2.558703923511274E-002
 -3.464248187661223E-002
 -4.567871213762409E-002
 -3.775709939083249E-002
 -4.379987646500716E-002
  3.565967835082073E-002
 -2.202635619291549E-002
 -1.488428915983864E-002
 -1.679198109225499E-002
  4.943919454682577E-002
  4.542185905004292E-002
  4.542175055748254E-002
  4.922310637373872E-002
  5.233696208049055E-002
  4.232799979887392E-002
  4.439394664167973E-002
  4.075196338485809E-002
  4.259282067154591E-002
  4.295686430817758E-002
  4.087586653870356E-002
  4.399855195740587E-002
  4.106800584026815E-002
  4.804774647787602E-002
  5.561887750772643E-002
