           2           1  0.957886951713891     
           3           2  0.956671876864659     
           4           2  0.945624818830121     
           5           4   1.43291618526939     
           6           5   1.40874404965517     
           7           6   1.43118581608592     
           8           7   1.43218502574726     
           9           4   1.30049130771712     
           9           8   1.37412662247604     
          10           9   1.04793611189732     
          11           2  0.941049750033671     
          11          10   1.29146179837162     
          12          11   1.43831878160850     
          13          12   1.34026033488218     
          14          13   1.06910299612001     
          15          14   1.38522378396944     
          16          15   1.38145572854920     
          17          16  0.990858796269668     
          18          17   1.00034258542498     
          19          18   1.36995868018693     
          20          19   1.44447255688112     
          21          20   1.42370946463576     
          22          21   1.42396081438706     
          23          18   1.36994904999526     
          23          22   1.44414361545896     
          24          17  0.999589928721410     
          25          24   1.37005203724793     
          26          25   1.44422402455811     
          27          26   1.42381974266347     
          28          27   1.42399030841499     
          29          24   1.37023624606267     
          29          28   1.44414922324733     
          30          16   1.35672292130354     
          31          30   1.43890711315251     
          32          14   1.24156428383334     
          32          31   1.39246139082528     
          33          32   1.03424384566376     
          34          33   1.03347011341609     
          35          34   1.39365083691570     
          36          35   1.43740738847919     
          37          36   1.35746807476140     
          38          37  0.995139672343081     
          39          38  0.998699104952447     
          40          39   1.37059780388029     
          41          40   1.44427045033542     
          42          41   1.42379160380674     
          43          42   1.42423385518431     
          44          39   1.37071436733419     
          44          43   1.44366344132834     
          45          38  0.997203451145450     
          46          45   1.36978607085543     
          47          46   1.44478626227427     
          48          47   1.42303913732931     
          49          48   1.42500483301184     
          50          45   1.37206339619425     
          50          49   1.44281385356720     
          51          37   1.37680498134333     
          52          34   1.24016686768982     
          52          51   1.38810402442960     
          53          10   1.31001037465919     
          53          52   1.06556478344575     
          54          13   1.27823975253784     
          54          33   1.08368195742925     
          54          53   1.27751787710682     
          55           1  0.978258278575717     
          56           1  0.978259250209541     
          57           1  0.978455813624495     
          58           3  0.978278842008555     
          59           3  0.978399574135240     
          60           3  0.978447700389265     
          61           5  0.945598648993306     
          62           6  0.945878264216739     
          63           7  0.945310166834144     
          64           8  0.939072581493181     
          65          12  0.941964479062482     
          66          15  0.941876224290418     
          67          19  0.946066347608757     
          68          20  0.945296067921374     
          69          21  0.946637517792031     
          70          22  0.945305222120846     
          71          23  0.946114020681351     
          72          25  0.946168974354396     
          73          26  0.945280280388349     
          74          27  0.946628173953738     
          75          28  0.945296367631138     
          76          29  0.946142731051522     
          77          30  0.942069520330361     
          78          31  0.941040290273665     
          79          35  0.940931097386767     
          80          36  0.941786280839697     
          81          40  0.946301067622866     
          82          41  0.945296634501275     
          83          42  0.946623887333375     
          84          43  0.945283556706457     
          85          44  0.946060491251691     
          86          46  0.946087640015921     
          87          47  0.945246310972479     
          88          48  0.946613521114912     
          89          49  0.945299817317548     
          90          50  0.946135956857756     
          91          51  0.934172296709816     
