           2           1  0.945726786842924     
           3           2  0.972781343502694     
           4           2  0.942801105594770     
           5           4   1.40466253144346     
           6           5   1.42763128844852     
           7           6   1.42091685529516     
           8           7   1.44367419607222     
           9           4   1.33158481814065     
           9           8   1.36948976369805     
          10           9   1.00845029834287     
          11          10  0.979721354089535     
          12          11   1.35850720724716     
          13          12   1.47028359435002     
          14          13   1.33725492344142     
          15          14   1.00262256415367     
          16          15   1.81455601533581     
          17          15  0.960004177154686     
          18          17   1.35493947956011     
          19          18   1.43002849516979     
          20          19   1.42097221041175     
          21          20   1.36416750126093     
          22          21  0.958796457250504     
          23          22   1.85424229334839     
          24          22  0.963644724011118     
          25          24   1.36657497165047     
          26          25   1.45105060670263     
          27          26   1.37405514750954     
          28          27  0.967608919703131     
          29          28   1.02481635527553     
          30          29   1.35504787758360     
          31          30   1.45140190879434     
          32          31   1.41315337442461     
          33          32   1.43281792695587     
          34          29   1.33499482491910     
          34          33   1.39991279594919     
          35          34  0.947899980039320     
          36          35  0.950335992679983     
          37          35  0.955398490296391     
          38          35  0.947917270408553     
          39          38   1.39963710473137     
          40          39   1.43346583664201     
          41          40   1.41415867438619     
          42          41   1.45190864354343     
          43          28   1.02559180755126     
          43          38   1.33411664874467     
          43          42   1.35567841051789     
          44          27   1.37651622921953     
          45          24   1.36743040187178     
          45          44   1.44564349060162     
          46          17   1.38088932020402     
          46          21   1.36636123481717     
          47          14   1.35835925532741     
          48          11   1.37329330961770     
          48          47   1.45015316297436     
          49          10   1.01635568591441     
          50          49   1.37440960499714     
          51          50   1.43726257998765     
          52          51   1.42320977220281     
          53          52   1.41877154027884     
          54           2  0.942224297325436     
          54          49   1.32009530267970     
          54          53   1.41395906772028     
          55           1  0.976692970217016     
          56           1  0.974144915238369     
          57           1  0.977032674091102     
          58           3  0.976814853604094     
          59           3  0.978658008108682     
          60           3  0.976858060894931     
          61           5  0.942526968280723     
          62           6  0.944591662466814     
          63           7  0.943945202890326     
          64           8  0.942627636675438     
          65          12  0.943456403405786     
          66          13  0.943281488617572     
          67          18  0.945746967185145     
          68          19  0.942279779651516     
          69          20  0.945899771249727     
          70          25  0.943886317396878     
          71          26  0.944348470194993     
          72          30  0.938819522596759     
          73          31  0.940259217787163     
          74          32  0.944238442178276     
          75          33  0.942161448873862     
          76          36  0.976105196239603     
          77          36  0.977382068772173     
          78          36  0.975590393507663     
          79          37  0.975392103034781     
          80          37  0.975985966324670     
          81          37  0.970721747973509     
          82          39  0.941864017542862     
          83          40  0.944657739579960     
          84          41  0.943822614382991     
          85          42  0.939564429789454     
          86          44  0.942296829128773     
          87          45  0.944458134619092     
          88          47  0.938755548157207     
          89          48  0.942093781998226     
          90          50  0.936194956786958     
          91          51  0.941143510275772     
          92          52  0.943256019452526     
          93          53  0.942189832712597     
