           2           1   2.78612601556886     
           3           2   1.08083589114948     
           4           3   1.26412893448482     
           5           4   1.01682257820570     
           6           5   1.36295743737828     
           7           6   1.44710247315294     
           8           7   1.42209858225947     
           9           8   1.42536908815008     
          10           5   1.36802598512617     
          10           9   1.44299829420049     
          11           4   1.38319988471098     
          12          11   1.33593807506285     
          13          12   1.05808533327136     
          14          13   1.34375878712857     
          15          14   1.46535375675865     
          16          15   1.36081776938766     
          17          16  0.983520666298304     
          18          17   1.03913800392694     
          19          18   1.37720044395045     
          20          19   1.44608593392496     
          21          20   1.39756059678843     
          22          21   1.45900045411917     
          23          18   1.26797695519974     
          23          22   1.35166933436894     
          24          23   1.08813917243052     
          25          24   1.32335271278096     
          26          25   1.48188495963453     
          27          26   1.33556804124137     
          28          27   1.27178951136205     
          29          28   1.09434668661837     
          30          29   1.34670989371797     
          31          30   1.46214284039258     
          32          31   1.39161989984896     
          33          32   1.45351390129961     
          34          29   1.25834908848568     
          34          33   1.36756501223166     
          35          27   1.06477429847928     
          35          34   1.06154574285215     
          36          35  0.966777224966196     
          37          36   1.38738383815421     
          38          37   1.43611598273519     
          39          38   1.42827870398343     
          40          39   1.42889415523574     
          41          36   1.38804007452643     
          41          40   1.43539844150327     
          42          17   1.05729753551341     
          42          24   1.28332495474533     
          42          28   1.29545518434062     
          43          16   1.36767365683207     
          44          13   1.34604512519182     
          44          43   1.46287704978017     
          45          12   1.33757345016247     
          46           3   1.26354969439797     
          46          45   1.38213348457109     
          47          46   1.01867785638224     
          48          47   1.36193555136959     
          49          48   1.44751128406927     
          50          49   1.42184059797020     
          51          50   1.42521526242961     
          52          47   1.36739113792750     
          52          51   1.44323071484442     
          53           6  0.946876083135929     
          54           7  0.946097998678345     
          55           8  0.947248624840225     
          56           9  0.946153621789174     
          57          10  0.944104186703265     
          58          14  0.942461829692484     
          59          15  0.944521650678482     
          60          19  0.943084403940995     
          61          20  0.944770072799757     
          62          21  0.944889094314892     
          63          22  0.944781987033808     
          64          25  0.940313425774021     
          65          26  0.940240766492981     
          66          30  0.938597700194963     
          67          31  0.944688227597585     
          68          32  0.944665160297109     
          69          33  0.943465819968039     
          70          37  0.946848397792112     
          71          38  0.945207125603581     
          72          39  0.946168876162524     
          73          40  0.945166867594571     
          74          41  0.946688777620556     
          75          43  0.944467824754960     
          76          44  0.942594567008497     
          77          48  0.946772638558568     
          78          49  0.946098517628428     
          79          50  0.947242555894037     
          80          51  0.946161960606593     
          81          52  0.943787309434719     
