 -4.282907934933800E-002
 -4.205485106700380E-002
 -4.413062944202739E-002
  4.638875544192089E-002
  7.756070002334026E-002
 -4.231830458149854E-002
 -0.141894279195017     
  7.210144924121709E-002
 -4.483126751806843E-002
 -4.389520692469606E-002
 -4.073663198458721E-002
 -4.038104724478764E-002
  5.242346824629474E-002
 -0.107155579704567     
  0.111308496749391     
 -3.030704728088374E-002
 -2.165706469083251E-002
 -9.481853140766106E-003
 -4.506659818169556E-002
 -3.339263629877021E-002
 -3.465410953498882E-002
 -2.403623859684778E-002
  3.810251397758968E-002
 -0.214101626940460     
  4.392292352896010E-002
  4.453386256852621E-002
  4.496454611896850E-002
  4.230386396524888E-002
  4.034871230474357E-002
  4.286485252341010E-002
  4.435062525102240E-002
  5.185802849797427E-002
  4.447683600957852E-002
  4.387561087344605E-002
  3.761532526768407E-002
  4.007439442905869E-002
  4.309151434678826E-002
  4.075757231163712E-002
