           2           1   1.42416468642330     
           3           2   1.44372415570005     
           4           3   1.37108659626666     
           5           4  0.997512337011851     
           6           5  0.995194169881355     
           7           6   1.37223676933503     
           8           7   1.44321064695121     
           9           8   1.42449210043872     
          10           9   1.42434131460623     
          11           6   1.37194882482487     
          11          10   1.44341830709245     
          12           5   1.00330826476551     
          13          12   1.36238913943690     
          14          13   1.45806211476046     
          15          14   1.36280998563723     
          16          15   1.00606769006039     
          17          16   1.36508543047764     
          18          17   1.43171502146336     
          19          18   1.44183667400274     
          20          19   1.34997276637548     
          21          20   1.02844576230174     
          22          21   1.55346013980927     
          23          22   1.17447450322177     
          24          23   1.13247364057331     
          25          24   1.30896049401248     
          26          25   1.49954413041270     
          27          26   1.35781575178366     
          28          27   1.49614645122613     
          29          24   1.26589783144902     
          29          28   1.31882174198689     
          30          29   1.10857262393590     
          31          30   1.32566409184052     
          32          31   1.49068518873935     
          33          32   1.36003766430626     
          34          33   1.49779806812023     
          35          30   1.24867844736024     
          35          34   1.30448088975870     
          36          23   1.38396179339696     
          36          35   1.15394871171651     
          37          21   1.11652842507939     
          37          36   1.08413386137714     
          38          37  0.951448744580500     
          39          38   1.38120970552770     
          40          39   1.43624063639556     
          41          40   1.42612973815097     
          42          41   1.42934760107279     
          43          38   1.39198242671741     
          43          42   1.43210712056478     
          44          16   1.38176462868883     
          44          20   1.37385903352341     
          45          15   1.36389041509349     
          46          12   1.36262150774340     
          46          45   1.45769042731053     
          47           4   1.37132076290658     
          48           1   1.42420073274146     
          48          47   1.44371910528101     
          49           1  0.946600453884681     
          50           2  0.945307324523362     
          51           3  0.946139954842389     
          52           7  0.946236964392882     
          53           8  0.945294143273080     
          54           9  0.946575516131167     
          55          10  0.945264549314510     
          56          11  0.946247591125511     
          57          13  0.944371782321101     
          58          14  0.940785516954933     
          59          17  0.945545018688851     
          60          18  0.943593909715497     
          61          19  0.945603163697188     
          62          25  0.944888428495070     
          63          26  0.945398913496296     
          64          27  0.945725521118771     
          65          28  0.942139554440136     
          66          31  0.941100214264888     
          67          32  0.945439256350071     
          68          33  0.945155433485200     
          69          34  0.938251853917541     
          70          39  0.946994546166998     
          71          40  0.944729291613497     
          72          41  0.945938589442446     
          73          42  0.944848005261167     
          74          43  0.946947857636919     
          75          44  0.941455424226026     
          76          45  0.943835792908599     
          77          46  0.944211130002483     
          78          47  0.946186344514104     
          79          48  0.945294307145483     
