           2           1   1.41500152600376     
           3           2   1.43507900055990     
           4           3   1.39179196001752     
           5           4  0.977867527459895     
           6           5   1.05814461778172     
           7           6   1.36812014621538     
           8           7   1.45293292966178     
           9           8   1.39313012217741     
          10           9   1.46101996658007     
          11           6   1.26273395843477     
          11          10   1.35183986935394     
          12          11   1.08646123325962     
          13          12   1.35264059486268     
          14          13   1.46089055732286     
          15          14   1.39340731612028     
          16          15   1.45242748873506     
          17           5   1.05624145545852     
          17          12   1.26458769935671     
          17          16   1.36900001145252     
          18           4   1.32626715179593     
          19          18   1.01868507821838     
          20          19   1.35598081806359     
          21          20   1.34394568787083     
          22          21   1.01146901188351     
          23          22   1.37368535403760     
          24          23   1.44173436048450     
          25          24   1.41952285584792     
          26          25   1.43144755973255     
          27          22   1.32455274621183     
          27          26   1.39650237257496     
          28          27  0.975443583534687     
          29          28   1.05750174671751     
          30          29   1.36711829388496     
          31          30   1.45371296984561     
          32          31   1.39304843441452     
          33          32   1.46084805938755     
          34          29   1.26504271403118     
          34          33   1.35301033445266     
          35          34   1.08765805324570     
          36          35   1.35355303220158     
          37          36   1.45950533604683     
          38          37   1.39437990204624     
          39          38   1.45136338684075     
          40          28   1.05635070438981     
          40          35   1.26271828855022     
          40          39   1.36968717938683     
          41          21   1.36896768064300     
          42          41   1.32783419809159     
          43          42   1.04761381050313     
          44          43   1.34890016435770     
          45          44   1.45768418699662     
          46          45   1.40858067967657     
          47          46   1.43457456869143     
          48          43   1.31769842757737     
          48          47   1.39678025790305     
          49          48  0.971697342248306     
          50          49   1.05868151477337     
          51          50   1.36875489180083     
          52          51   1.44978279010973     
          53          52   1.39319052845431     
          54          53   1.45992786252010     
          55          50   1.26203995956890     
          55          54   1.35431358947652     
          56          55   1.08750078109455     
          57          56   1.35379243983595     
          58          57   1.45956326689617     
          59          58   1.39412496664797     
          60          59   1.45210227164235     
          61          49   1.05901414545612     
          61          56   1.26169375406888     
          61          60   1.36876072456329     
          62          19   1.34799616127620     
          62          42   1.35095362229651     
          63           1   1.44705863892200     
          63          18   1.36559723690394     
          64           1  0.943999421837467     
          65           2  0.944126580220656     
          66           3  0.944691433417811     
          67           7  0.938604406696871     
          68           8  0.944687142369776     
          69           9  0.945259057638859     
          70          10  0.944985186666251     
          71          13  0.944891421142120     
          72          14  0.945198284586906     
          73          15  0.944940752828545     
          74          16  0.944024072679721     
          75          23  0.938225255563580     
          76          24  0.944193427459740     
          77          25  0.944172018788144     
          78          26  0.944721474656226     
          79          30  0.943250472899435     
          80          31  0.944753454773140     
          81          32  0.945308031267166     
          82          33  0.945026552203282     
          83          36  0.944828456420127     
          84          37  0.945258781944672     
          85          38  0.944973181508171     
          86          39  0.944189936431211     
          87          44  0.938620801764865     
          88          45  0.943648377000932     
          89          46  0.943930574495784     
          90          47  0.944960246268625     
          91          51  0.944586249004528     
          92          52  0.944498526196289     
          93          53  0.945240296979268     
          94          54  0.944904730361520     
          95          57  0.944870832641002     
          96          58  0.945290602444614     
          97          59  0.944991432989447     
          98          60  0.944698682134820     
          99          63  0.940310529381693     
