           2           1   2.82337609144589     
           3           2   1.05809931266391     
           4           3   1.33780459180151     
           5           4   1.45898224761123     
           6           5   1.36972170617238     
           7           6  0.986487365175563     
           8           7   1.39899542155104     
           9           8   1.34137571905473     
          10           9   1.05424562248461     
          11          10   2.82642183216142     
          12           9   1.34089701863035     
          13          12   1.39968595745705     
          14          13  0.986096606579075     
          15          14   1.36900087669419     
          16          15   1.45820863525863     
          17          16   1.33821637074641     
          18          17   1.05811977038166     
          19          18   2.82334943274436     
          20          17   1.33773507535490     
          21          14   1.36978890449734     
          21          20   1.45898525649585     
          22           7   1.32942342286624     
          22          13   1.32899891867324     
          23          22  0.972671966156179     
          24          23   1.00472160259953     
          25          24   1.39018300438894     
          26          25   1.41676010392198     
          27          26   1.44121756630914     
          28          27   1.41184956561109     
          29          24   1.30548479275968     
          29          28   1.41007422685042     
          30          29   1.00762550030772     
          31          30   1.00769972243575     
          32          31   1.40991055863474     
          33          32   1.41195753351675     
          34          33   1.44107733340922     
          35          34   1.41692160897159     
          36          23   1.00485834034437     
          36          31   1.30563122358102     
          36          35   1.38999368863935     
          37           6   1.36872759617818     
          38           3   1.33809732372746     
          38          37   1.45835937601037     
          39           4  0.944714064800100     
          40           5  0.943341841208446     
          41           8  0.941314135929363     
          42          12  0.941316275961408     
          43          15  0.944945176171495     
          44          16  0.944774564328028     
          45          20  0.944708256779573     
          46          21  0.943312040169536     
          47          25  0.942075572086944     
          48          26  0.943747301525530     
          49          27  0.944331315015305     
          50          28  0.945520576847012     
          51          32  0.945521262042629     
          52          33  0.944335366045096     
          53          34  0.943754938374427     
          54          35  0.942168564943212     
          55          37  0.944933242122446     
          56          38  0.944773347747734     
