           2           1  0.990280849637128     
           3           2   1.38770489512857     
           4           3   1.42934337079147     
           5           4   1.43975275066078     
           6           5   1.37157716698748     
           7           6  0.992521054090014     
           8           7  0.995604755345588     
           9           8   1.37312987833410     
          10           9   1.43717359744752     
          11          10   1.43268304299560     
          12          11   1.38385949750695     
          13          12  0.990347040187293     
          14           8   1.36937455395452     
          14          12   1.41443704065750     
          15           7   1.00316915979367     
          16          15   1.37907858348496     
          17          16   1.36588459862316     
          18          17   1.28017273015509     
          19          18   1.28020490102566     
          20          15   1.35835144331484     
          20          19   1.38613437202067     
          21          19   1.04579023228733     
          22          21  0.956593739057982     
          23          22   1.34772898829987     
          24          23  0.971144475902068     
          25          23   1.39814842697733     
          26          25   1.42655196563415     
          27          26   1.42843326718439     
          28          22   1.35165679316381     
          28          27   1.39662166458032     
          29          28  0.972551356967456     
          30          21   1.05159359384149     
          31          30   1.37800258413662     
          32          31   1.37938171964326     
          33          32   1.26516067626715     
          34          33   1.39219221248868     
          35          30   1.26581623803821     
          35          34   1.39125271760127     
          36          18   1.04779522506858     
          36          35  0.978214775601343     
          37          36  0.985568650603632     
          38          37   1.35051233689648     
          39          38   1.47838646378325     
          40          39   1.33971597535355     
          41          40  0.990303501647001     
          42          40   1.44501656912938     
          43          37   1.30794609007882     
          43          42   1.33414332629179     
          44          17   1.06650148816594     
          44          43   1.05837551045478     
          45          44  0.934864682935624     
          46          45   1.39319690537766     
          47          46   1.42734794091815     
          48          47   1.43793159401393     
          49          48   1.39087156198755     
          50          49  0.991132666323229     
          51          45   1.39507624583561     
          51          49   1.40101552870512     
          52          33  0.978103314507024     
          53          52  0.985947719595273     
          54          53   1.35039404711349     
          55          54   1.47858356354569     
          56          55   1.33956695753810     
          57          56  0.990296516492775     
          58          56   1.44510413770577     
          59          53   1.30787094051693     
          59          58   1.33417926303280     
          60          59   1.05831805657748     
          61          60  0.934917495114035     
          62          61   1.39278704162518     
          63          62   1.42770186384620     
          64          63   1.43752619811613     
          65          64   1.39127866540882     
          66          65  0.991126517949826     
          67          61   1.39565650225210     
          67          65   1.40059599981072     
          68          60   1.06631301727142     
          69          68   1.36561848138171     
          70          69   1.37971472319405     
          71          70   1.00261031151181     
          72          71  0.996156396225715     
          73          72   1.36986972532537     
          74          73   1.44076750810926     
          75          74   1.42815344788601     
          76          75   1.38785711266517     
          77          76  0.990383762571031     
          78          72   1.37307718505011     
          78          76   1.41013313145832     
          79          71  0.992605372278516     
          80          79   1.37483184370371     
          81          80   1.43633816556432     
          82          81   1.43358356327804     
          83          82   1.38375663339413     
          84          83  0.990328863398022     
          85          79   1.37017491330353     
          85          83   1.41416144679852     
          86          70   1.35799418282450     
          87          86   1.38659440384930     
          88          52   1.04720376911587     
          88          68   1.28040743188836     
          88          87   1.28071210226754     
          89          32   1.05106442901611     
          89          87   1.04465044699736     
          90          89  0.957590678274530     
          91          90   1.35060731736362     
          92          91  0.971795366233997     
          93          91   1.39789430056983     
          94          93   1.42735210719197     
          95          94   1.42730518852256     
          96          90   1.34823220334602     
          96          95   1.39739806185126     
          97          96  0.970921495633446     
          98           2   1.41016568684424     
          98           6   1.37411232764084     
          99           1  0.969261764037084     
         100           1  0.975975670820095     
         101           1  0.977754730422551     
         102           3  0.946255873871893     
         103           4  0.943315586643495     
         104           5  0.944852048591254     
         105           9  0.944494339381983     
         106          10  0.943201210230155     
         107          11  0.946551111858730     
         108          13  0.978564889658897     
         109          13  0.974022453311253     
         110          13  0.970310416957245     
         111          14  0.944514878273465     
         112          16  0.936948556354150     
         113          20  0.938051552711250     
         114          25  0.941931784391157     
         115          26  0.939224239637617     
         116          27  0.941952285548473     
         117          31  0.929627576810936     
         118          34  0.927936991463830     
         119          38  0.936516517282894     
         120          39  0.943637455796353     
         121          41  0.970331450103521     
         122          41  0.978636876255921     
         123          41  0.971992752829301     
         124          42  0.937573369274118     
         125          46  0.946151661105063     
         126          47  0.943135010334539     
         127          48  0.945997965265940     
         128          50  0.973675373196997     
         129          50  0.978504818709799     
         130          50  0.969774846651732     
         131          51  0.945847945183671     
         132          54  0.936853278164188     
         133          55  0.943655221988025     
         134          57  0.970885155446027     
         135          57  0.978716271653227     
         136          57  0.971399262564233     
         137          58  0.937613797102214     
         138          62  0.946155217634099     
         139          63  0.943136939279108     
         140          64  0.945976981265641     
         141          66  0.969657654992974     
         142          66  0.973854183060000     
         143          66  0.978444730122810     
         144          67  0.945863834597835     
         145          69  0.937127884905382     
         146          73  0.945050757716430     
         147          74  0.943407706152407     
         148          75  0.946132271813721     
         149          77  0.976164778857967     
         150          77  0.968899461628877     
         151          77  0.976794952340743     
         152          78  0.944329587280200     
         153          80  0.944899011168897     
         154          81  0.943279486144146     
         155          82  0.946583998083049     
         156          84  0.972433378222355     
         157          84  0.978867516299966     
         158          84  0.971604883631192     
         159          85  0.944489643587224     
         160          86  0.937997923694249     
         161          93  0.941620712611635     
         162          94  0.939218587183861     
         163          95  0.941906943757512     
         164          98  0.944825079024775     
