 -0.196243399295989     
  0.103354348188718     
  3.829127457293069E-002
  0.103344317582135     
 -0.196165408602628     
  2.314233181231540E-002
 -1.526025245705043E-002
 -2.414414798320408E-002
 -2.565951458536020E-002
 -2.368101862143313E-002
 -2.596149327631370E-002
 -1.319385468707157E-002
 -1.346122939146710E-002
 -3.187222739823437E-002
  1.036222774248641E-002
 -1.448832966033553E-002
 -3.644144006582994E-002
 -4.392968648261775E-002
  5.744835846046659E-002
 -0.122590346810507     
  5.354372603874014E-002
 -4.306067696753946E-002
 -3.328598772429725E-002
 -4.434104438282649E-002
 -3.318187929868355E-002
 -4.307565010711212E-002
  5.375755988562281E-002
 -4.281628812272498E-002
 -3.310918025279541E-002
 -4.466353118916278E-002
 -3.382294994039370E-002
 -4.351464146789841E-002
 -4.470655604815477E-002
 -3.797399934958179E-002
 -3.281643144426649E-002
 -2.272276919843197E-002
 -1.981464467959793E-002
  5.077184004129331E-002
  4.516256636453009E-002
  4.487053856112666E-002
  4.263589564240411E-002
  4.318744695442045E-002
  4.386711624413397E-002
  4.151133089248615E-002
  3.803927627886072E-002
  4.207569516401677E-002
  3.892827790115527E-002
  4.201874655381166E-002
  3.800959502063850E-002
  3.826837761616486E-002
  4.208841093230320E-002
  3.883683080673839E-002
  4.174203036466329E-002
  3.783661447917486E-002
  4.110243688552684E-002
  4.299560213836895E-002
  4.573839991523732E-002
  5.306740645098673E-002
