           2           1  0.989492245198455     
           3           2   1.37659216430610     
           4           3   1.42104075553550     
           5           4  0.990815352158805     
           6           4   1.33321248590737     
           7           6  0.925958831937774     
           8           7  0.910678927316950     
           9           8   1.37759222488745     
          10           9   1.43767690447283     
          11          10   1.38469088436110     
          12          11  0.926048652765674     
          13          12  0.960405506613024     
          14          12  0.943563176907714     
          15          12  0.945307970212394     
          16          11   1.39968730339509     
          17           8   1.33028926603119     
          17          16   1.38842498791414     
          18          17  0.978044923864025     
          19          18   1.05025080881253     
          20          19   1.36334855690450     
          21          20   1.45710298978630     
          22          21   1.35448212715119     
          23          22  0.937376128558799     
          24          23  0.976718775022830     
          25          23  0.966207984625836     
          26          23  0.966057357399398     
          27          22   1.42675165088181     
          28          19   1.26774986752426     
          28          27   1.35334556216992     
          29          28   1.08303986291587     
          30          29   1.35438327905300     
          31          30   1.42604890472609     
          32          31  0.937332781194330     
          33          32  0.976703610040287     
          34          32  0.966475974883488     
          35          32  0.965891473689202     
          36          31   1.35529214695631     
          37          36   1.45539990186674     
          38          18   1.05157676591313     
          38          29   1.26577808467264     
          38          37   1.36622128393525     
          39           7  0.918859983230242     
          40          39   1.36189758855346     
          41          40  0.990469159614090     
          42          40   1.39109435937931     
          43          42   1.40547558680182     
          44          43  0.989552941299173     
          45          43   1.37591269595327     
          46          39   1.33377528206818     
          46          45   1.42119792299903     
          47          46  0.991316671550287     
          48           6   1.35902897942853     
          49          48  0.990017206867618     
          50           2   1.40428506668887     
          50          48   1.39340805368177     
          51           1  0.974458677222206     
          52           1  0.968959111338952     
          53           1  0.978183743957217     
          54           3  0.940601120014944     
          55           5  0.967340214510082     
          56           5  0.967698449936672     
          57           5  0.977003751525858     
          58           9  0.936965931822869     
          59          10  0.942532259982426     
          60          16  0.942480861284958     
          61          20  0.941179529726539     
          62          21  0.941926320094556     
          63          24  0.977616255263504     
          64          24  0.977589595736563     
          65          24  0.978339881143357     
          66          25  0.976082739525536     
          67          25  0.977969695431413     
          68          25  0.978213008725348     
          69          26  0.976077564094401     
          70          26  0.978166386817815     
          71          26  0.977918168161834     
          72          27  0.942325604362926     
          73          30  0.942360759847617     
          74          33  0.978337968781313     
          75          33  0.977555505996039     
          76          33  0.977669079474186     
          77          34  0.977870912715129     
          78          34  0.975910241853797     
          79          34  0.977684801619359     
          80          35  0.976103308766981     
          81          35  0.978195944536426     
          82          35  0.977965463492499     
          83          36  0.941948541600971     
          84          37  0.939179196837637     
          85          41  0.966831364978791     
          86          41  0.965987580921142     
          87          41  0.975159635785445     
          88          42  0.940782761584461     
          89          44  0.973795536159891     
          90          44  0.969125172038242     
          91          44  0.978320518480595     
          92          45  0.940570639513525     
          93          47  0.970359919028852     
          94          47  0.965718733826915     
          95          47  0.977871389452644     
          96          49  0.969851443408184     
          97          49  0.970004126003287     
          98          49  0.968191653395856     
          99          50  0.940830333533542     
