           2           1   1.42419349064764     
           3           2   1.43834558584871     
           4           3   1.39825471692659     
           5           4  0.928142667261417     
           6           5  0.924964121118980     
           7           6   1.39916910383023     
           8           7   1.44033647895251     
           9           8   1.42294317317502     
          10           9   1.43348744573660     
          11           6   1.41294219964435     
          11          10   1.42861803964601     
          12           5  0.931080247999491     
          13          12   1.63122875238165     
          14          13   1.17978829382500     
          15          14   1.17535756061924     
          16          12   1.18754653593228     
          16          15   1.63346755434329     
          17          16  0.927642757073586     
          18          17  0.923549727170041     
          19          18   1.40244020268544     
          20          19   1.43857455699903     
          21          20   1.42357337853162     
          22          21   1.43336536386606     
          23          18   1.41051298009204     
          23          22   1.42814824713969     
          24          17  0.934057626716926     
          25          24   1.41110813038229     
          26          25   1.42975697895463     
          27          26   1.43260543985385     
          28          27   1.42334433807791     
          29          24   1.39915456243159     
          29          28   1.43960985852313     
          30           4   1.41280749163979     
          31           1   1.43261565212180     
          31          30   1.42927962767463     
          32           1  0.947291448571041     
          33           2  0.946383051929614     
          34           3  0.947095096062146     
          35           7  0.946980728626086     
          36           8  0.946426507075753     
          37           9  0.947237831786117     
          38          10  0.946598948582609     
          39          11  0.943642712044162     
          40          13  0.948771039754213     
          41          15  0.947891799713061     
          42          19  0.945698808709005     
          43          20  0.946749176220181     
          44          21  0.947281559238332     
          45          22  0.946184247635450     
          46          23  0.946706042506435     
          47          25  0.944206881805005     
          48          26  0.946626913265659     
          49          27  0.947292467115379     
          50          28  0.946500016151364     
          51          29  0.946611120365772     
          52          30  0.943380350867277     
          53          31  0.946658385008704     
