 -9.041709342197279E-002
  2.012901943196388E-002
 -9.025223837074048E-002
 -2.077386885649890E-002
 -3.814210749517510E-002
 -3.686416215419364E-002
 -3.523223827463084E-002
 -3.823210889371342E-002
 -5.569626861148258E-003
 -8.589334195403531E-003
 -2.922261956661476E-002
 -3.444014223505931E-002
 -1.746845198901692E-002
 -1.523887785612832E-002
 -4.198025849710607E-002
  4.560254207372383E-002
 -0.126796461073724     
  5.389627789124729E-002
 -4.611479750330982E-002
 -3.474709970786893E-002
 -4.815051386922864E-002
 -3.499816409784273E-002
 -4.635472452268008E-002
  5.389579589342430E-002
 -4.581603605558549E-002
 -3.475352540710919E-002
 -4.786962578910003E-002
 -3.478156965909918E-002
 -4.633042724311043E-002
 -4.383006178376458E-002
 -3.469232805205280E-002
  3.898590164977689E-002
 -8.107172196178603E-002
  3.854570896224985E-002
 -3.583873033802742E-002
 -4.433186713345716E-002
  4.508832917130956E-002
 -0.126308555691308     
  5.395701669079189E-002
 -4.545066537815146E-002
 -3.462506934424781E-002
 -4.763733518931534E-002
 -3.475070516706413E-002
 -4.594418274118262E-002
  5.397433689402398E-002
 -4.482274013156662E-002
 -3.461933705478071E-002
 -4.775463355444387E-002
 -3.495469365555959E-002
 -4.587327212576930E-002
 -4.641933689763800E-002
 -1.376368772909142E-002
 -1.533961147563812E-002
  4.972710438604810E-003
  3.478114211747729E-002
  3.495998905849529E-002
  3.698302806394804E-002
  3.455176213931188E-002
  3.705915532341553E-002
  3.458167541038693E-002
  3.861680000752965E-002
  3.989822242497498E-002
  4.092550146430407E-002
  4.522078912613270E-002
  4.923916768850667E-002
  4.441217081209914E-002
  3.790519040525442E-002
  4.145297128260272E-002
  3.810298073923069E-002
  4.128065934580294E-002
  3.781312064036380E-002
  3.793621001890324E-002
  4.143143264203608E-002
  3.822671376636100E-002
  4.143724721574271E-002
  3.780954141029769E-002
  4.726806156089780E-002
  4.749802449224083E-002
  4.741410225148901E-002
  4.728774424150717E-002
  3.781109670829330E-002
  4.145615010760317E-002
  3.825485578449139E-002
  4.144511612850510E-002
  3.805457787974664E-002
  3.834122334984147E-002
  4.182198204996468E-002
  3.814183060947052E-002
  4.133444281644194E-002
  3.790047526250828E-002
  4.946181555763629E-002
