 -0.102244178243427     
  2.098893559280013E-002
 -0.102250766647253     
 -2.090219490037803E-002
 -4.381584810109818E-002
 -5.008056660039895E-002
 -3.734240078050366E-002
 -5.827341447361789E-002
  4.992893883904470E-002
 -0.116771572798863     
  6.667205310452884E-002
 -2.345047849531134E-002
 -3.259099123047093E-002
 -1.534740366242282E-002
  0.151098212740103     
 -0.225022180128233     
 -4.678030669476030E-003
  4.402580093358921E-004
 -9.358933875681430E-003
  4.260704878865518E-002
  0.163764701884551     
 -0.224893006058132     
 -5.788878102867656E-003
 -2.287966046154821E-002
 -2.308331245653772E-002
  6.452319122867722E-002
 -0.116678259314943     
  5.032132733985284E-002
 -5.689804247246055E-002
 -3.685947452594984E-002
 -5.102127847502658E-002
 -4.464822164647853E-002
 -2.200107290189912E-002
  2.092803276228095E-002
 -0.102533184810877     
 -0.102520729430887     
 -2.156254419676618E-002
 -4.460712631365560E-002
 -5.143304315440478E-002
 -3.802757222518771E-002
 -5.732979936362437E-002
  5.044743922644646E-002
 -2.416042414515740E-002
 -2.532115582126604E-002
 -0.186711258123522     
  2.691617515147104E-002
 -2.168823733294722E-002
 -2.137364482046333E-002
  4.997111499276974E-002
 -5.706763650429014E-002
 -3.651010476232130E-002
 -5.005606046641198E-002
 -4.404406419651252E-002
 -2.137352410630111E-002
  3.418259107846289E-002
  3.368529969677203E-002
  3.387800796753682E-002
  3.380890741574438E-002
  3.410316805565461E-002
  3.390707272532101E-002
  4.364430646991857E-002
  3.942848994138592E-002
  4.265521136899719E-002
  3.880306278324219E-002
  4.368049506307670E-002
  4.875044064047507E-002
  4.944154657404887E-002
  5.119938593233442E-002
  4.942853632558986E-002
  4.278304015877132E-002
  4.002890990721031E-002
  4.262031960761814E-002
  3.911559971927359E-002
  4.316061051378595E-002
  3.413362436818379E-002
  3.367873082426254E-002
  3.349644857775669E-002
  3.349980072613234E-002
  3.426050710030570E-002
  3.373458005190477E-002
  4.321228421139545E-002
  3.884400611011463E-002
  4.206195687879155E-002
  4.059985783457898E-002
  4.224251882856367E-002
  4.960982940265179E-002
  5.635462207303854E-002
  5.110606368389614E-002
  4.396963514916141E-002
  3.971014269412254E-002
  4.281783852302656E-002
  3.944627354400476E-002
  4.350912460991530E-002
