 -0.101452981857752     
  2.699426615503864E-002
 -0.101535396694033     
 -0.100470374157276     
 -1.458087283499765E-002
 -3.716678438218946E-002
 -3.533278563941522E-002
  6.397154590634591E-002
 -6.619775250503679E-002
  2.784915962526835E-003
  1.395030721571677E-002
 -3.622572583890626E-002
 -3.168931364507088E-002
 -4.246567421744452E-003
  1.184512815897421E-002
 -3.619300686958926E-002
 -2.477635811246159E-002
 -2.055304096676203E-002
  2.296443236746004E-002
 -0.209537886138650     
  0.264640972637738     
 -0.212023532412662     
  2.036493601874634E-002
 -3.693133717175900E-002
 -3.625524487273957E-002
 -7.160627162808275E-002
 -1.934838840862874E-002
 -1.895508890896735E-002
 -7.122683121815054E-002
  2.931675989631177E-003
  1.409502545904084E-002
 -3.719966846042499E-002
 -3.722333489371632E-002
 -4.651416326836078E-003
  1.177955307545853E-002
 -3.671273667896457E-002
 -2.492090261569491E-002
 -2.085412354699478E-002
  2.290996983743465E-002
 -0.209736295161815     
  0.264393745860943     
 -0.211902442186924     
  2.049011749662899E-002
 -3.173099263773871E-002
 -3.703861939670450E-002
 -6.562079324401981E-002
  6.413295563428134E-002
 -3.707387700288844E-002
 -4.017534282432234E-002
 -1.501383595342087E-002
  2.699290102495766E-002
 -0.101354024503078     
 -0.100431369477336     
 -0.101670164510051     
 -3.744839516921505E-002
 -3.580061100978060E-002
 -3.658343306711398E-002
 -4.017817149342928E-002
  3.109927475145680E-002
  3.370123176202255E-002
  3.671487975316767E-002
  3.166860978023844E-002
  3.318007822631563E-002
  3.590682119692579E-002
  3.348652425883447E-002
  3.483517598830632E-002
  3.536825871459737E-002
  4.508966308722895E-002
  4.240332085400444E-002
  4.350953002566993E-002
  4.420424756262453E-002
  4.823272535502821E-002
  5.080232935722873E-002
  4.904850480742473E-002
  4.018601081094608E-002
  3.961773988153350E-002
  5.387478697580661E-002
  5.391421495305171E-002
  3.956386023610681E-002
  4.026131652630316E-002
  4.826969252773017E-002
  5.073387696907017E-002
  4.899807749426888E-002
  4.435993689040030E-002
  4.329870411892922E-002
  4.034913867066459E-002
  4.434801615770745E-002
  3.634110130904855E-002
  3.374329366919693E-002
  3.129488216240472E-002
  3.349987592625991E-002
  3.535795112648654E-002
  3.491781859715104E-002
  3.325442576350224E-002
  3.161431957741079E-002
  3.577413824986042E-002
  4.475805514438391E-002
  4.226394445593151E-002
  4.018889090422673E-002
  4.434839846496774E-002
