           2           1  0.976792367473579     
           3           2  0.965991085002011     
           4           2  0.966186697288447     
           5           2  0.937422205602332     
           6           5   1.35756981292629     
           7           6   1.45456788081034     
           8           7   1.36863084472367     
           9           8   1.26965326837479     
          10           5   1.42439614873623     
          10           9   1.35556180515821     
          11           9   1.07918962468234     
          12          11   1.35536896992543     
          13          12   1.42473633534069     
          14          13  0.937613648485182     
          15          14  0.966492047019314     
          16          14  0.965839008571048     
          17          14  0.976673177997229     
          18          13   1.35715642018916     
          19          18   1.45576440041422     
          20          11   1.27068276368909     
          20          19   1.36862781924187     
          21           8   1.04083746032787     
          21          20   1.04237670580121     
          22          21  0.984933621153856     
          23          22   1.38705106350205     
          24          23   1.38740983051133     
          25          24  0.985505785670877     
          26          25   1.04067558347192     
          27          26   1.36872763374199     
          28          27   1.45448324518853     
          29          28   1.35763676829257     
          30          29  0.937428149522440     
          31          30  0.976788223852632     
          32          30  0.966134304287768     
          33          30  0.966043314159284     
          34          29   1.42433852309853     
          35          26   1.26968751676288     
          35          34   1.35562608223008     
          36          35   1.07913300832404     
          37          36   1.35536688974490     
          38          37   1.42471442659916     
          39          38  0.937613109872969     
          40          39  0.965870158585669     
          41          39  0.976674751524473     
          42          39  0.966463404007540     
          43          38   1.35719400952806     
          44          43   1.45572234477135     
          45          25   1.04219326905153     
          45          36   1.27081051247851     
          45          44   1.36864518921712     
          46          24   1.33018184119974     
          47          46  0.991180287497411     
          48          47   1.04133368785377     
          49          48   1.37300130420776     
          50          49   1.44686965053632     
          51          50   1.39834456899298     
          52          51   1.45755643266457     
          53          48   1.26821813515114     
          53          52   1.35556722282595     
          54          53   1.08323978577752     
          55          54   1.35571658764695     
          56          55   1.45720919401728     
          57          56   1.39876760113107     
          58          57   1.44718896144710     
          59          47   1.04281432363773     
          59          54   1.26874743039409     
          59          58   1.37424748724150     
          60          46   1.30375531612446     
          61          60   1.05540834844175     
          62          61   2.82320555615273     
          63          22   1.33120963329097     
          63          60   1.30318173082711     
          64          63  0.990675624422648     
          65          64   1.04301090303306     
          66          65   1.37421152539373     
          67          66   1.44724901266263     
          68          67   1.39869137953352     
          69          68   1.45725906825204     
          70          65   1.26861735793577     
          70          69   1.35571336866854     
          71          70   1.08330525204010     
          72          71   1.35553144473549     
          73          72   1.45758685935725     
          74          73   1.39831021593179     
          75          74   1.44691988100655     
          76          64   1.04148389683331     
          76          71   1.26816652573754     
          76          75   1.37297037710704     
          77           1  0.977616352244292     
          78           1  0.977527210368059     
          79           1  0.978306589945766     
          80           3  0.977955834758858     
          81           3  0.976163646944633     
          82           3  0.978204233330473     
          83           4  0.977922348643938     
          84           4  0.976133579079990     
          85           4  0.978206813304081     
          86           6  0.941838460314141     
          87           7  0.940009154595325     
          88          10  0.942164094855448     
          89          12  0.942239310244309     
          90          15  0.975988280945852     
          91          15  0.977938844286368     
          92          15  0.978186421247244     
          93          16  0.978238315315047     
          94          16  0.978013705492335     
          95          16  0.976193716325534     
          96          17  0.977699562772232     
          97          17  0.977527659860873     
          98          17  0.978315379524605     
          99          18  0.941737002198279     
         100          19  0.941012756264235     
         101          23  0.937176461192634     
         102          27  0.939979543817806     
         103          28  0.941836094296053     
         104          31  0.977605956210083     
         105          31  0.977540323590394     
         106          31  0.978306034654888     
         107          32  0.976146495617744     
         108          32  0.978199115267819     
         109          32  0.977917203722022     
         110          33  0.978212685210729     
         111          33  0.976152283803500     
         112          33  0.977963715018642     
         113          34  0.942156752071871     
         114          37  0.942237277902060     
         115          40  0.978015797343395     
         116          40  0.976176554698276     
         117          40  0.978243256313647     
         118          41  0.978316273196466     
         119          41  0.977686438915041     
         120          41  0.977541705137399     
         121          42  0.976006256751941     
         122          42  0.978181991851921     
         123          42  0.977937275091889     
         124          43  0.941735948966186     
         125          44  0.940987294917135     
         126          49  0.941883554999348     
         127          50  0.944657522918507     
         128          51  0.944948910792000     
         129          52  0.944706079873388     
         130          55  0.944778501145026     
         131          56  0.945062469867163     
         132          57  0.944637781483202     
         133          58  0.943084217058805     
         134          66  0.943089278255757     
         135          67  0.944644228220353     
         136          68  0.945065879759419     
         137          69  0.944774329311393     
         138          72  0.944708264800833     
         139          73  0.944952292657083     
         140          74  0.944666578799568     
         141          75  0.941957795195924     
