 -0.219884761473693     
  9.979654742515942E-002
  8.922973720598026E-003
 -2.174982153962457E-002
 -2.970542389136011E-002
  8.734022338644287E-003
 -6.568757126330205E-003
 -3.729248005103702E-002
 -2.334037274335365E-002
  1.577619361929461E-002
 -8.527543243253000E-003
 -4.765116592059204E-002
 -4.848576613714073E-004
 -4.421808321789822E-002
 -7.667931889211665E-003
  7.867452683437470E-003
 -2.890548260056480E-002
 -2.099164205017168E-002
  9.794750526737950E-003
  9.958085219292956E-002
 -0.218549413947629     
 -2.072366383593049E-002
 -2.881039678267161E-002
 -3.973759498453067E-002
 -4.465247901885405E-002
  6.582945445998245E-003
  1.152232903754236E-002
 -7.144329076251843E-003
 -0.226022277826612     
  7.061683615863235E-002
  1.114940024002120E-002
 -3.904097766971404E-002
 -4.058052623518549E-002
  5.650043298278851E-002
 -0.124088663533305     
  5.357016495813083E-002
 -4.309367862931879E-002
 -3.278783369156457E-002
 -4.520125338549796E-002
 -3.432104638237110E-002
 -4.561889316877465E-002
  5.315776494547064E-002
 -4.368382166919016E-002
 -3.319674379134252E-002
 -4.415716069152253E-002
 -3.242832907489923E-002
 -4.301408945692131E-002
 -3.711926407361865E-002
 -2.130614140388776E-002
 -8.102199110619601E-002
  6.781097002014747E-002
 -2.924364689867254E-002
 -2.559118474874822E-002
 -3.223149676136217E-002
 -2.629752765856797E-002
 -2.770504622351933E-002
 -2.779295910291690E-002
 -2.102245713577311E-002
  4.833183614898107E-002
  4.240957648374888E-002
  4.259848595188243E-002
  4.839057375027744E-002
  4.273274891794310E-002
  4.548899942690499E-002
  4.276892849614311E-002
  4.875120969409785E-002
  4.885886856362176E-002
  4.287002923560990E-002
  4.249942665163120E-002
  4.586665069505436E-002
  4.695529295185186E-002
  4.238858535258849E-002
  3.854327203104990E-002
  4.225958922124062E-002
  3.884805063031405E-002
  4.134245165596862E-002
  3.727103262213627E-002
  3.775915569567512E-002
  4.194855520933605E-002
  3.900378107604341E-002
  4.242916411100450E-002
  3.838187629173018E-002
  4.380759542514190E-002
  5.064701269929661E-002
  4.201142136367542E-002
  4.514184035426572E-002
  4.205168325134978E-002
  4.522393353795817E-002
  4.205028416926537E-002
  4.351788735158491E-002
  4.863977606090608E-002
