 -3.810321126475902E-002
 -3.409344261329306E-002
 -4.238961550405662E-002
  3.417688178535272E-004
  1.309656219161726E-002
  3.495244373941109E-003
 -4.101470425512055E-002
 -3.409946824483434E-002
 -9.801873710684639E-002
  0.299214309917873     
 -9.509506594968453E-002
 -3.564578691938003E-002
 -3.470736592269397E-002
 -3.236473130540496E-002
 -3.404914491982236E-002
 -3.499439783168334E-002
 -9.514566737451169E-002
 -3.570817410238902E-002
 -3.471236244873310E-002
 -3.238568168601486E-002
 -3.416418968826029E-002
 -3.531430786701151E-002
 -9.490936399955441E-002
 -3.515453936562540E-002
 -3.414385622935345E-002
 -3.230089954991033E-002
 -3.443675536176727E-002
 -3.533311348272772E-002
 -3.390145775331455E-002
 -4.051003499204953E-002
 -1.454322507768158E-002
 -3.537458240042923E-002
 -3.517895661501225E-002
 -3.518967496207281E-002
 -3.548493931212260E-002
 -1.389077122079740E-002
 -1.380711583400096E-002
 -3.550961726435276E-002
 -3.520177816505932E-002
 -3.509434685743695E-002
 -3.513602210886013E-002
 -1.431128002481241E-002
 -4.120307398111489E-002
 -3.349168928677670E-002
  3.804710743994100E-002
  3.872046420694142E-002
  3.840550269839915E-002
  4.070176817595872E-002
  4.145403065688968E-002
  3.840279918287215E-002
  3.838495912583229E-002
  3.861764434679127E-002
  3.862111241213617E-002
  3.900088701099791E-002
  3.847567730735868E-002
  3.839390684234389E-002
  3.859120456591614E-002
  3.849532461074112E-002
  3.903963023324020E-002
  3.882385971407243E-002
  3.856730013345999E-002
  3.860186491443196E-002
  3.853148646754023E-002
  3.883079116919497E-002
  4.127590501253586E-002
  4.095088038487305E-002
  4.024179277138740E-002
  4.075872637651456E-002
  4.078398537287042E-002
  3.971255028644349E-002
  3.972906961009548E-002
  4.077533911038778E-002
  4.082853170713407E-002
  4.048141434631070E-002
  3.875489277380850E-002
  3.896485458059407E-002
