           2           1  0.953525463930620     
           3           2  0.953115661630920     
           4           2  0.947081623919023     
           5           4   1.40073907248452     
           6           5   1.43255765613769     
           7           6   1.41530458125653     
           8           7   1.45096240937992     
           9           4   1.33417573970616     
           9           8   1.35680329092174     
          10           9   1.02537537411191     
          11          10  0.960008112647317     
          12          11   1.37350918076957     
          13          12   1.45811656709875     
          14          13   1.34186283292604     
          15          14   1.00218500825023     
          16          15   1.86550914899163     
          17          15  0.854668935796615     
          18          17   1.85974693889570     
          19          17   1.00869140679669     
          20          19   1.34484174037954     
          21          20   1.46311561117477     
          22          21   1.36624242602615     
          23          22  0.971278798569967     
          24          23   1.02203353337912     
          25          24   1.35677520212680     
          26          25   1.45127819834213     
          27          26   1.41453050401794     
          28          27   1.43383491259501     
          29          24   1.33605319847996     
          29          28   1.39914039340795     
          30          29  0.947425439065523     
          31          30  0.953636322738327     
          32          30  0.952627219714124     
          33          30  0.947449908017798     
          34          33   1.39859448517627     
          35          34   1.43436084842691     
          36          35   1.41396151505264     
          37          36   1.45198006481649     
          38          23   1.02237262636448     
          38          33   1.33654403488149     
          38          37   1.35635954639376     
          39          22   1.36841720747185     
          40          19   1.33816864565658     
          40          39   1.46189382854189     
          41          14   1.34907596628928     
          42          11   1.37242095356384     
          42          41   1.45918065789212     
          43          10   1.02582654183504     
          44          43   1.35619918768007     
          45          44   1.45123501304411     
          46          45   1.41505276051089     
          47          46   1.43271558668257     
          48           2  0.947202939090273     
          48          43   1.33438151985279     
          48          47   1.40046315378920     
          49           1  0.977625454923464     
          50           1  0.975739666200414     
          51           1  0.975874268205229     
          52           3  0.975978426754826     
          53           3  0.975909252122994     
          54           3  0.977535130217389     
          55           5  0.942272307392178     
          56           6  0.944681471273617     
          57           7  0.943806829047996     
          58           8  0.941171469083104     
          59          12  0.944425773913151     
          60          13  0.943172006343790     
          61          20  0.940158709548174     
          62          21  0.944572816972567     
          63          25  0.940153139400899     
          64          26  0.943756806354465     
          65          27  0.944566720761639     
          66          28  0.942116002503808     
          67          31  0.975833883228991     
          68          31  0.975640154151108     
          69          31  0.977643152435274     
          70          32  0.977531300431762     
          71          32  0.975879385309343     
          72          32  0.976059201847713     
          73          34  0.942197850611832     
          74          35  0.944603705369550     
          75          36  0.943777495273326     
          76          37  0.940790081633201     
          77          39  0.944038531780800     
          78          40  0.943094995945705     
          79          41  0.940227557270487     
          80          42  0.944917190242419     
          81          44  0.941418365421811     
          82          45  0.943885083603267     
          83          46  0.944690243436066     
          84          47  0.942279204825949     
