           2           1   1.81211066716859     
           3           2  0.953123142469202     
           4           3  0.977818612138397     
           5           4   1.68322066588394     
           6           1   1.11078312261016     
           6           5   1.00503723173387     
           7           6   1.63512923324385     
           8           7   1.09018635692971     
           9           5   1.09434953116730     
           9           8   1.44023214432756     
          10           9  0.938930795218425     
          11          10  0.939732475260124     
          12          11   1.50182606805382     
          13          12   1.17419248843620     
          14          13   1.64864360597197     
          15          14   1.20041946833635     
          16          15   1.64403422318725     
          17          12   1.03940560000301     
          17          16   1.18000601527750     
          18          17   1.50703999513097     
          19          11   1.06356922725113     
          19          18   1.15887078478359     
          20           8   1.20229097840639     
          20          19   1.50358078077068     
          21          10  0.911170073131399     
          22          21   1.38325244584760     
          23          22   1.44699295994935     
          24          23   1.40473860893835     
          25          24   1.45714525188320     
          26          21   1.36517273967892     
          26          25   1.36193193279373     
          27          26   1.02023383819599     
          28          27   1.02024840540253     
          29          28   1.36191179251775     
          30          29   1.45716945169317     
          31          30   1.40473103842872     
          32          31   1.44703271977428     
          33          10  0.911191154051720     
          33          28   1.36523126986267     
          33          32   1.38323802878261     
          34           3  0.905159216398600     
          35          34   1.39369110351763     
          36          35   1.43480058093638     
          37          36   1.41714586485644     
          38          37   1.44363409926435     
          39          34   1.35966993879850     
          39          38   1.37880281471438     
          40          39   1.01146824598848     
          41          40   1.01143582578760     
          42          41   1.37882514249213     
          43          42   1.44364062672651     
          44          43   1.41714113285098     
          45          44   1.43481681366104     
          46           3  0.905768938558193     
          46          41   1.35970295768563     
          46          45   1.39368660608034     
          47           1  0.932529924335451     
          48           2  0.939896349156981     
          49           4  0.931836379115719     
          50           7  0.946112064481426     
          51          13  0.942442555587107     
          52          14  0.946406360249359     
          53          15  0.946747811017189     
          54          16  0.942706940960636     
          55          18  0.946473851311987     
          56          20  0.939957648051263     
          57          22  0.943706512284429     
          58          23  0.944708462078477     
          59          24  0.943962888569468     
          60          25  0.944307330073289     
          61          29  0.944310303024438     
          62          30  0.943965537150936     
          63          31  0.944707437544951     
          64          32  0.943703201066312     
          65          35  0.939338631465412     
          66          36  0.944330364357011     
          67          37  0.943970678140560     
          68          38  0.944284249124971     
          69          42  0.944289013741031     
          70          43  0.943972210093809     
          71          44  0.944343238392197     
          72          45  0.939370458797360     
