 -0.347688383428650     
  0.399094229358155     
 -0.347365343737477     
  4.328716373821262E-003
 -9.902334083017550E-003
 -2.092598755637276E-002
 -2.178377127440090E-002
 -2.213398138396805E-002
 -1.427284737953194E-002
  2.732348053045008E-004
 -1.452084009800636E-002
 -2.881950839516989E-002
  1.137717349206380E-002
 -2.464246347170018E-003
 -3.854600408449294E-002
 -3.290801902458185E-002
 -1.155581549940354E-002
 -1.162435514507187E-002
 -3.737139275341406E-002
  1.421031748568735E-002
 -1.704042943719841E-004
 -4.176585693752699E-002
 -3.372727308722290E-002
 -3.783204328173895E-002
 -3.378374511090598E-002
 -4.228929612827237E-002
  1.144980804035356E-004
 -4.202335386712974E-002
 -3.367154724784083E-002
 -3.733897891238414E-002
 -3.299302502602064E-002
 -4.170299575868519E-002
 -1.295399259216801E-002
 -3.461599150339012E-002
 -3.383593563292209E-002
 -3.486585775214657E-002
 -3.504392912712984E-002
 -1.346053121265900E-002
 -2.659058650302004E-002
 -8.767046278046919E-003
  5.020061036903856E-002
  4.749359592734059E-002
  4.490160834689194E-002
  4.690949607143524E-002
  4.724733699334605E-002
  4.896121272983134E-002
  4.712268372967099E-002
  4.155496886880206E-002
  4.298925527452135E-002
  4.229415807769887E-002
  3.844262691341582E-002
  3.906181028801403E-002
  3.837475243409016E-002
  3.928299981251437E-002
  3.866948021128780E-002
  3.813803863001131E-002
  3.891833118079624E-002
  3.841650877882230E-002
  3.926351956625496E-002
  3.812415672072866E-002
  4.064981795270239E-002
  4.109087698269909E-002
  4.104540377797761E-002
  3.952206364864697E-002
  4.886364876899107E-002
  5.237808879329608E-002
