 -9.975573119399339E-002
  2.657297335614661E-002
 -0.100976772537613     
 -0.101205177724318     
 -7.256148097094517E-003
 -3.959651355874882E-002
 -3.685785209547898E-002
  2.489182669243029E-004
  1.646009723106623E-002
 -3.647087877530453E-002
  7.466321762538763E-002
 -9.122855395282681E-002
  3.587193120555687E-002
 -4.297893546580323E-002
 -4.198680958006928E-002
 -1.214392018925903E-002
 -5.377166206930184E-004
 -4.174736957995773E-002
 -3.524849527265506E-002
 -3.761287969304661E-002
 -3.422097671477520E-002
 -3.942396435133499E-002
 -3.757783971053730E-002
 -2.081540686419459E-002
 -2.140291781251769E-002
 -3.743316336159364E-002
 -1.055990128689022E-002
 -7.378521947121186E-005
 -4.132179840498296E-002
 -3.560611714630202E-002
 -3.825218541578224E-002
 -3.468806567236804E-002
 -3.949989422829958E-002
 -3.810431409589654E-002
 -3.990922542083908E-002
  3.768608191595213E-002
  4.456395876489161E-003
  9.519135626688069E-002
 -0.210436736117191     
  7.444317325668726E-002
 -9.113716926216675E-002
  3.588514094942852E-002
 -4.339990159844387E-002
 -4.217435517196133E-002
 -1.213268825419256E-002
 -5.091765418505645E-004
 -4.174504561555192E-002
 -3.521010974009453E-002
 -3.755077386024741E-002
 -3.417676888247900E-002
 -3.940294032842218E-002
 -3.746988468161305E-002
 -2.077630986533663E-002
 -2.134351788513467E-002
 -3.741413897867218E-002
 -1.060764644123591E-002
  2.388195495863776E-004
 -3.931255426118252E-002
 -3.463005592413193E-002
 -3.805094435430423E-002
 -3.544911028314246E-002
 -4.123048604419033E-002
 -3.805038091243063E-002
 -3.984112877585400E-002
  3.797491642553474E-002
 -3.607379245236686E-002
 -3.644762145290059E-002
 -3.827561915869371E-002
  3.535474676485828E-002
  3.545878352862486E-002
  3.417158695343869E-002
  3.545420720932402E-002
  3.365925384424828E-002
  3.239568937499038E-002
  3.537178163424270E-002
  3.349123424619282E-002
  3.235260171949061E-002
  4.260103535002024E-002
  3.976109268264527E-002
  4.910279129106132E-002
  4.225795254537323E-002
  4.500864576734243E-002
  3.600145132245314E-002
  3.816559677304876E-002
  3.771143198972970E-002
  3.870976076721966E-002
  3.761603207161424E-002
  4.435725918760181E-002
  4.360683854161818E-002
  3.641422462317190E-002
  3.798029725996332E-002
  3.743518742413166E-002
  3.853605256125647E-002
  3.802217258322760E-002
  4.538203026483323E-002
  4.255631325450371E-002
  4.167501658178896E-002
  4.483369695310546E-002
  3.589879352008063E-002
  3.817278269507252E-002
  3.774040021959235E-002
  3.870477179788800E-002
  3.753182243977227E-002
  4.440873814668678E-002
  4.337558819462084E-002
  3.742631308233446E-002
  3.838381067180729E-002
  3.747208371173960E-002
  3.802778061664602E-002
  3.609462119628259E-002
  4.532945126165011E-002
  4.262497694044987E-002
  4.889666388465974E-002
  4.039604491837823E-002
  4.171973659203376E-002
