           2           1   1.44179117548491     
           3           2   1.41726686498290     
           4           3   1.39014199505658     
           5           4   1.30321406198250     
           6           1   1.40931647763874     
           6           5   1.41332930639870     
           7           5   1.00569169337057     
           8           7   1.00537621145717     
           9           8   1.41333828911385     
          10           9   1.40935149699687     
          11          10   1.44187993013601     
          12          11   1.41717218522715     
          13           8   1.30351627355172     
          13          12   1.39051771177735     
          14           4   1.01236590665573     
          14          13   1.01127975524275     
          15          14  0.962673317734102     
          16          15   1.38634685081152     
          17          16   1.43728617270459     
          18          17   1.37445363988074     
          19          18   1.30102220884655     
          20          15   1.36485268545943     
          20          19   1.43817193037580     
          21          19  0.925341205260710     
          22          21  0.925702352299487     
          23          22   1.43294249792316     
          24          23   1.40928566747848     
          25          24   1.43292761447161     
          26          25   1.43039774993307     
          27          22   1.30781603757927     
          27          26   1.38055675354333     
          28          27   1.03555839300360     
          29          28   1.38063448162539     
          30          29   1.43034192720039     
          31          30   1.43299351438002     
          32          31   1.40919387104007     
          33          21  0.926038076991915     
          33          28   1.30771705996905     
          33          32   1.43303136920565     
          34          21  0.925444549871612     
          35          34   1.43770927651602     
          36          35   1.36520651095000     
          37          36  0.962743566607631     
          38          37   1.01105249417345     
          39          38   1.39061445604989     
          40          39   1.41709538443201     
          41          40   1.44192863580413     
          42          41   1.40934722355344     
          43          38   1.30352151735721     
          43          42   1.41333083369025     
          44          43   1.00539336846337     
          45          44   1.00572420042219     
          46          45   1.41321677209159     
          47          46   1.40941138207503     
          48          47   1.44171417308421     
          49          48   1.41733940576776     
          50          37   1.01239234770242     
          50          45   1.30329058829886     
          50          49   1.39009599218325     
          51          36   1.38593381369318     
          52          51   1.43771748658356     
          53          18   1.04090003617868     
          53          34   1.30128781822489     
          53          52   1.37414093102495     
          54           1  0.944674628427299     
          55           2  0.943910935570259     
          56           3  0.941833516095918     
          57           6  0.945742734140435     
          58           9  0.945756152775844     
          59          10  0.944663839542024     
          60          11  0.943863941696131     
          61          12  0.941191323313329     
          62          16  0.944117478046780     
          63          17  0.942129389394874     
          64          20  0.944518038042008     
          65          23  0.946220193442138     
          66          24  0.945537734639555     
          67          25  0.945266142774450     
          68          26  0.945398399432305     
          69          29  0.945394578368616     
          70          30  0.945261636218580     
          71          31  0.945534386764174     
          72          32  0.946228786737840     
          73          35  0.944484934820356     
          74          39  0.941066611102577     
          75          40  0.943857846787445     
          76          41  0.944654402336535     
          77          42  0.945752907970343     
          78          46  0.945747125335176     
          79          47  0.944675756304794     
          80          48  0.943915946286722     
          81          49  0.941908612569464     
          82          51  0.944121846074847     
          83          52  0.942122602603295     
