 -0.227803463263372     
  2.155096496764264E-002
 -5.386332310775011E-003
 -4.790025774211060E-002
 -3.720438720139363E-002
 -3.673533062221068E-003
 -1.304922188877633E-002
 -3.561747272813776E-003
 -3.980961584669807E-002
 -3.590830994753880E-002
 -3.591338234260544E-002
 -3.981653096071458E-002
 -3.564648769082801E-003
 -1.304590262354743E-002
 -3.692306839769621E-003
 -3.748703015101107E-002
 -4.452425370619206E-002
 -5.366268829384957E-003
  2.157923152072572E-002
 -0.227787472032627     
 -4.790419220506958E-002
 -3.720548681932279E-002
 -3.011982909597144E-003
 -3.947255361560664E-002
 -3.522466606961050E-002
 -3.522752595390877E-002
 -3.948211615059183E-002
 -3.012085864789071E-003
 -3.747601746346252E-002
 -4.447235697877705E-002
  0.145766904153483     
  4.673546412321761E-002
  4.039820259181870E-002
  3.639497569554417E-002
  3.957741113369051E-002
  4.153976705432805E-002
  4.041923768133115E-002
  4.041863132594836E-002
  4.154826190791050E-002
  3.902071380471228E-002
  3.991876321530641E-002
  4.673619422313635E-002
  4.041930973341212E-002
  0.145787146297695     
  3.638930685076203E-002
  3.958100993240354E-002
  4.195423583905367E-002
  4.067366499269476E-002
  4.067331130917606E-002
  4.195805569596278E-002
  3.902167377469123E-002
  3.992121099674750E-002
