           2           1  0.953320344211741     
           3           2  0.953589597659926     
           4           2  0.947124395483464     
           5           4   1.40230685423666     
           6           5   1.43153093969250     
           7           6   1.41531839981450     
           8           7   1.45160899913212     
           9           4   1.33179166185848     
           9           8   1.35530050965969     
          10           9   1.03094824105793     
          11          10  0.949654984007471     
          12          11   1.34367157289669     
          13          12   1.47209982686857     
          14          13   1.35488493991291     
          15          14   1.31584577555847     
          16          11   1.42785179371898     
          16          15   1.35486071040266     
          17          15   1.04490727117641     
          18          17   1.04904968771499     
          19          18   1.37718367572501     
          20          19   1.43067658193410     
          21          20   1.43301614987640     
          22          21   1.37527573223259     
          23          18   1.29873697088152     
          23          22   1.29790155967069     
          24          14  0.971528396850916     
          24          23   1.02360382512895     
          25          24  0.970758454799055     
          26          25   1.35815542627152     
          27          26   1.43328374621131     
          28          27  0.919822202921841     
          29          28  0.920341624941683     
          30          29   1.34620543397196     
          31          30   1.47538657011985     
          32          31   1.34793796565652     
          33          32   1.31834392829611     
          34          29   1.43376610555406     
          34          33   1.35770656779007     
          35          33  0.970595467107711     
          36          35  0.971339387033663     
          37          36   1.35500170701971     
          38          37   1.47204885376998     
          39          38   1.34363128884213     
          40          39  0.949675071857908     
          41          40   1.03078420978784     
          42          41   1.35526611141534     
          43          42   1.45185369265352     
          44          43   1.41505355521461     
          45          44   1.43181689471836     
          46          41   1.33207018579511     
          46          45   1.40202048701663     
          47          46  0.947114096945570     
          48          47  0.953376798362424     
          49          47  0.953540042586582     
          50          47  0.947120743302609     
          51          50   1.40237429067746     
          52          51   1.43149298041647     
          53          52   1.41528215842099     
          54          53   1.45166086470455     
          55          40   1.03121000659464     
          55          50   1.33167442289278     
          55          54   1.35515878755707     
          56          39   1.42788548975411     
          57          36   1.31563799969668     
          57          56   1.35504171144787     
          58          57   1.04487120002340     
          59          58   1.04923060472826     
          60          59   1.37705165510969     
          61          60   1.43076654092371     
          62          61   1.43299148511604     
          63          62   1.37525204045864     
          64          35   1.02372415904631     
          64          59   1.29864967577947     
          64          63   1.29772927906472     
          65          32   1.04353363613404     
          65          63   1.05213119670948     
          66          28  0.926942163974520     
          67          66   1.42856745222856     
          68          67   1.41114447759098     
          69          68   1.43128661968227     
          70          69   1.43178998461365     
          71          66   1.30874745126484     
          71          70   1.37940831173528     
          72          71   1.03657787017464     
          73          72   1.37916665716185     
          74          73   1.43200168051325     
          75          74   1.43104027653732     
          76          75   1.41139947189654     
          77          28  0.926897729995206     
          77          72   1.30909304647429     
          77          76   1.42805725907707     
          78          27   1.34662989122970     
          79          78   1.47490420332663     
          80          25   1.31807341227977     
          80          79   1.34844419769867     
          81          22   1.05196358822327     
          81          80   1.04332448922025     
          82          10   1.03099316392502     
          83          82   1.35514344781130     
          84          83   1.45191186131498     
          85          84   1.41500528881914     
          86          85   1.43180088095320     
          87           2  0.947121372215762     
          87          82   1.33197983130870     
          87          86   1.40206333218397     
          88           1  0.977514017899984     
          89           1  0.975835904915285     
          90           1  0.975916178925960     
          91           3  0.977557993454890     
          92           3  0.975846191642886     
          93           3  0.975755408222520     
          94           5  0.942309323029994     
          95           6  0.944832606479407     
          96           7  0.943907560502141     
          97           8  0.940981054476503     
          98          12  0.943154099680040     
          99          13  0.934826757874614     
         100          16  0.944554219138927     
         101          19  0.945200490290220     
         102          20  0.943233430578667     
         103          21  0.945197480708874     
         104          26  0.934658172852290     
         105          30  0.941676918731852     
         106          31  0.943068244452164     
         107          34  0.934165852436245     
         108          37  0.934431219157706     
         109          38  0.943122440861035     
         110          42  0.941313555547026     
         111          43  0.943906130013205     
         112          44  0.944831165891604     
         113          45  0.942314415053898     
         114          48  0.975906214724223     
         115          48  0.977522302578234     
         116          48  0.975810539001222     
         117          49  0.975865504161598     
         118          49  0.975772481375026     
         119          49  0.977549919709206     
         120          51  0.942296734539216     
         121          52  0.944832760768513     
         122          53  0.943930237494518     
         123          54  0.941042714963890     
         124          56  0.944588704974620     
         125          60  0.945198084011127     
         126          61  0.943221121571708     
         127          62  0.945196500278912     
         128          67  0.945124695742361     
         129          68  0.945564039963048     
         130          69  0.945291004226951     
         131          70  0.945391970923452     
         132          73  0.945395537218047     
         133          74  0.945297652680902     
         134          75  0.945572088016812     
         135          76  0.945187613557209     
         136          78  0.941659437693205     
         137          79  0.943069392852708     
         138          83  0.941354504555703     
         139          84  0.943925971393121     
         140          85  0.944832220340705     
         141          86  0.942298277944396     
