           2           1   1.00625883333429     
           3           2  0.990346458603562     
           4           3  0.987721256454187     
           5           4  0.970976493169529     
           6           5  0.970466340148436     
           7           6   1.00536531943784     
           8           5  0.958961657696457     
           9           8  0.961362797391297     
          10           9   1.08178009796692     
          11          10   1.35718067875701     
          12          11   1.46316092180463     
          13          12   1.34655309518063     
          14          13  0.965838096133038     
          15          14   1.06178466502966     
          16          15   1.36676596866714     
          17          16   1.45422402213997     
          18          17   1.39219761403863     
          19          18   1.46152539905047     
          20          15   1.26208955712269     
          20          19   1.35268077075199     
          21          20   1.09020103805721     
          22          21   1.35247157324551     
          23          22   1.46171482189603     
          24          23   1.39212873058161     
          25          24   1.45427966657393     
          26          14   1.06120967541973     
          26          21   1.26236313421719     
          26          25   1.36701982993075     
          27          13   1.41911621562526     
          28          10   1.25260796678684     
          28          27   1.35577607889451     
          29          28   1.09178312638476     
          30          29   1.35549558057271     
          31          30   1.41902806709748     
          32          31  0.966103856317070     
          33          32   1.06118783643183     
          34          33   1.36695116221977     
          35          34   1.45430301031114     
          36          35   1.39212163160365     
          37          36   1.46172013134951     
          38          33   1.26241802988455     
          38          37   1.35247330718185     
          39          38   1.09017431944636     
          40          39   1.35265225626238     
          41          40   1.46156558164432     
          42          41   1.39216922915116     
          43          42   1.45423656803437     
          44          32   1.06172410324633     
          44          39   1.26214788215753     
          44          43   1.36677074182422     
          45          31   1.34669354728671     
          46          45   1.46332972383686     
          47           9   1.07990599706611     
          47          29   1.25317471987590     
          47          46   1.35809876174981     
          48           1  0.984528915818684     
          49           1  0.984846468031920     
          50           1  0.978840950694388     
          51           2  0.971439112644129     
          52           2  0.971132170363964     
          53           3  0.966818583595005     
          54           3  0.969833936216463     
          55           4  0.963694037154205     
          56           4  0.964408399972790     
          57           5  0.950353680394642     
          58           6  0.969689232905717     
          59           6  0.965720285011385     
          60           7  0.984297629352303     
          61           7  0.978262346759150     
          62           7  0.983113932294467     
          63           8  0.967135507519440     
          64           8  0.963178623928616     
          65          11  0.940100562512512     
          66          12  0.943364435711944     
          67          16  0.943990006142340     
          68          17  0.944835717743815     
          69          18  0.945166534763826     
          70          19  0.944694294081272     
          71          22  0.944709046095414     
          72          23  0.945163093723877     
          73          24  0.944826448615682     
          74          25  0.943906009865772     
          75          27  0.943194468685434     
          76          30  0.943229971877914     
          77          34  0.943875713349517     
          78          35  0.944820728504009     
          79          36  0.945158566261300     
          80          37  0.944708980658157     
          81          40  0.944690858631044     
          82          41  0.945166064997019     
          83          42  0.944835601198689     
          84          43  0.943981387463209     
          85          45  0.943448854692232     
          86          46  0.941362529071552     
