           2           1   2.81320632451304     
           3           2   1.06437717549023     
           4           3   1.29042508396740     
           5           4  0.992111312434908     
           6           5   1.04388627220197     
           7           6   1.37455673396255     
           8           7   1.44736671195352     
           9           8   1.39813076197112     
          10           9   1.45788938693929     
          11           6   1.26810311574169     
          11          10   1.35547410999074     
          12          11   1.08389037302624     
          13          12   1.35475392800287     
          14          13   1.45870354850750     
          15          14   1.39751107461478     
          16          15   1.44800111064663     
          17           5   1.04296873706571     
          17          12   1.26907138679796     
          17          16   1.37367364444318     
          18           4   1.40552627315686     
          19          18   1.37093816388353     
          20          19  0.994073973432178     
          21          20   1.04556786747707     
          22          21   1.37403866152619     
          23          22   1.44794024443355     
          24          23   1.39769957263864     
          25          24   1.45822542799290     
          26          21   1.26802523010304     
          26          25   1.35527054618480     
          27          26   1.08437875554864     
          28          27   1.35474925566397     
          29          28   1.45866848634682     
          30          29   1.39742690733199     
          31          30   1.44817413550578     
          32          20   1.04394679282631     
          32          27   1.26879373727005     
          32          31   1.37374944468744     
          33          19   1.37054878121976     
          34           3   1.28988313262032     
          34          33   1.40820769949710     
          35          34  0.989599538992636     
          36          35   1.04577152858809     
          37          36   1.37440121241224     
          38          37   1.44757434494334     
          39          38   1.39796274034573     
          40          39   1.45781334095946     
          41          36   1.26719054118126     
          41          40   1.35563997434719     
          42          41   1.08423212306655     
          43          42   1.35451841913285     
          44          43   1.45896498445101     
          45          44   1.39726122802954     
          46          45   1.44824983820747     
          47          35   1.04291725157651     
          47          42   1.26884748387491     
          47          46   1.37364594025672     
          48           7  0.943689924731197     
          49           8  0.944643900156600     
          50           9  0.944907896101523     
          51          10  0.944584495836749     
          52          13  0.944672152920461     
          53          14  0.944899846780310     
          54          15  0.944584965838216     
          55          16  0.941764457317256     
          56          18  0.939879531741074     
          57          22  0.941458759993053     
          58          23  0.944574428209562     
          59          24  0.944866675089467     
          60          25  0.944603053880569     
          61          28  0.944572598216281     
          62          29  0.944828425769655     
          63          30  0.944506195075216     
          64          31  0.943122936991106     
          65          33  0.940989127776643     
          66          37  0.941999888545159     
          67          38  0.944724773573411     
          68          39  0.944941046712745     
          69          40  0.944605497406362     
          70          43  0.944661869688474     
          71          44  0.944899819995200     
          72          45  0.944602794400078     
          73          46  0.941915444597062     
