 -0.102527461478614     
  2.090237829097852E-002
 -0.102532416990971     
 -2.183543698700952E-002
 -4.513876595260502E-002
 -5.185430417648451E-002
 -3.842608030379058E-002
 -5.977091125861733E-002
  5.026731310715471E-002
 -0.115786886389191     
  6.537954432145865E-002
 -2.401197925585752E-002
 -2.327576477217885E-002
 -1.216968062951906E-002
  0.150652230483657     
 -0.237746769026481     
 -1.658213141585207E-002
 -2.751855200893516E-002
 -2.602889923577223E-002
 -2.518374553246350E-002
 -2.601540077315434E-002
 -1.660860747193116E-002
  0.141734202649130     
 -0.250752923717844     
 -3.282444018359154E-002
 -3.329965819953706E-002
 -4.677055901633675E-002
  6.626038815859525E-002
 -0.114224982695857     
  4.704406078922707E-002
 -3.410991232824312E-002
 -3.261807150807616E-002
 -3.881396514477586E-002
 -4.181822799822754E-002
 -1.616298757386314E-002
  2.189388243360524E-002
 -9.759431693377696E-002
 -9.515867253212207E-002
 -1.564519202718451E-002
 -4.145615523898449E-002
 -3.886396197415820E-002
 -3.369727239876941E-002
 -3.721390044304140E-002
  4.668274432968111E-002
 -5.176628606951184E-002
 -2.880233682074351E-002
 -2.744848626534502E-002
 -1.964828263432850E-002
  5.071184434929510E-002
 -5.700505765959019E-002
 -3.704096802095069E-002
 -5.094138594980535E-002
 -4.467061491514190E-002
 -2.164093040936077E-002
  3.374560153200246E-002
  3.347594572396251E-002
  3.399867321326522E-002
  3.357240183271226E-002
  3.464484238461552E-002
  3.342124703375038E-002
  4.307579784520632E-002
  3.887421426867865E-002
  4.341515328375178E-002
  4.317889412830811E-002
  4.252469137336146E-002
  5.091629465701686E-002
  4.480104643352911E-002
  4.266539268906921E-002
  4.257070185802936E-002
  4.603111350725086E-002
  4.911377469727563E-002
  4.418088924667940E-002
  4.490093070313561E-002
  4.471121831151592E-002
  4.088239199540755E-002
  4.382838144898604E-002
  3.209033586849286E-002
  3.830562492249745E-002
  3.224577684103125E-002
  3.757591333993682E-002
  3.652172137343168E-002
  3.747069944969539E-002
  4.397763063792293E-002
  4.085213015448375E-002
  4.591899796992616E-002
  4.386969163301568E-002
  4.417430953658130E-002
  5.090379737898465E-002
  5.049706694932599E-002
  4.384990950325007E-002
  4.006654507301377E-002
  4.240876686277739E-002
  3.907875660402405E-002
  4.313748113990989E-002
