           2           1  0.980542300510764     
           3           2  0.962153049028798     
           4           3   1.39636087860471     
           5           4   1.43063676474462     
           6           5   1.43159223303766     
           7           6   1.42565655889149     
           8           3   1.38863142072485     
           8           7   1.43894231789614     
           9           2  0.920965874892481     
          10           9   1.01315352825478     
          11          10   1.37686644810927     
          12          11   1.36484721486766     
          13          12   1.05439006579558     
          14          13  0.971763192788779     
          15          14   1.38907113312121     
          16          15   1.43099341385280     
          17          16   1.42769837223645     
          18          17   1.42743711773964     
          19          14   1.34325284156754     
          19          18   1.40286352476530     
          20          19  0.937364294446529     
          21          20  0.951536311205886     
          22          20  0.973639386717084     
          23          20  0.937348196845125     
          24          23   1.40358117532113     
          25          24   1.42663581905549     
          26          25   1.42881575437455     
          27          26   1.42931496999056     
          28          13  0.971950849227248     
          28          23   1.34253170921232     
          28          27   1.39019111555243     
          29          12   1.32628637400650     
          30          29   1.45559925016209     
          31          10   1.33554425169945     
          31          30   1.39049249881779     
          32          31  0.776469843202342     
          33          32   1.73885554432226     
          34          32   1.72431392293004     
          35          32  0.764572270138536     
          36          35   1.41186268076441     
          37          36   1.42614910875010     
          38          37   1.37161132717826     
          39          38  0.947802672533150     
          40          39   1.02909670969119     
          41          40   1.35656307345363     
          42          41   1.45054666856999     
          43          42   1.41594350900631     
          44          43   1.43139664779575     
          45          40   1.33206950122978     
          45          44   1.40221152711384     
          46          45  0.946866721053132     
          47          46  0.953445052050995     
          48          46  0.953421568671118     
          49          46  0.946884855084557     
          50          49   1.40200648634901     
          51          50   1.43140116991082     
          52          51   1.41596274909981     
          53          52   1.45049096620172     
          54          39   1.02889243702975     
          54          49   1.33238265986448     
          54          53   1.35626186446306     
          55          38   1.41257377075516     
          56           9   1.02981303724613     
          56          35   1.34154251272362     
          56          55   1.34756163754391     
          57           1  0.981259517365090     
          58           1  0.973419275255961     
          59           1  0.973496098097233     
          60           2  0.949107214279042     
          61           4  0.946708018731664     
          62           5  0.946127832885385     
          63           6  0.946564308883412     
          64           7  0.946320335995279     
          65           8  0.943170985779841     
          66          11  0.932539034426234     
          67          15  0.944065349041756     
          68          16  0.943662879233130     
          69          17  0.944212474604799     
          70          18  0.942982098430629     
          71          21  0.974994062644450     
          72          21  0.978210879600221     
          73          21  0.977229317785106     
          74          22  0.977495664569743     
          75          22  0.977493157253040     
          76          22  0.978399356244285     
          77          24  0.942940085472564     
          78          25  0.944225290426843     
          79          26  0.943754154364098     
          80          27  0.943555406161325     
          81          29  0.934994036786828     
          82          30  0.938695557489246     
          83          36  0.938158965371111     
          84          37  0.940727856233225     
          85          41  0.941625553398825     
          86          42  0.943902008391803     
          87          43  0.944749363453319     
          88          44  0.942325709894201     
          89          47  0.975975572678823     
          90          47  0.977623304447408     
          91          47  0.975879361315936     
          92          48  0.975898027657908     
          93          48  0.975826941389816     
          94          48  0.977537323915265     
          95          50  0.942344802835168     
          96          51  0.944743599073408     
          97          52  0.943829108697096     
          98          53  0.940892668530801     
          99          55  0.939927899879382     
