 -0.132608605339495     
  0.285688052525956     
 -0.140533663124289     
 -0.130794413845133     
  2.706552172719778E-002
 -1.324058071308443E-002
 -1.970957857166766E-002
  7.574353471104756E-002
 -8.309337906023018E-002
  6.919143839458020E-002
  2.323316783167062E-002
 -3.875611181704741E-002
 -3.246738905563351E-002
 -1.620119260801189E-004
 -3.633182058894846E-003
 -3.132451343260190E-002
 -2.125683885240193E-002
  2.544693491390770E-002
  6.185599725875690E-002
 -0.226067663660401     
 -1.666309091154083E-002
  1.946045787479456E-002
 -3.075967326011142E-002
 -3.525977104456235E-002
 -4.257726304638343E-002
 -3.777787043574499E-002
 -4.499978010330175E-002
 -1.010515302869663E-003
  1.244728590450705E-002
 -3.113245938125608E-002
 -3.168439938631806E-002
 -3.724841692706438E-002
 -3.367801986021490E-002
 -3.951177040111720E-002
 -7.579637391590399E-002
  6.785858074529560E-002
 -3.259631356695358E-002
 -2.735783575568540E-002
 -3.465653448197603E-002
 -2.666053383976585E-002
 -3.064010302305586E-002
 -3.941193434261780E-002
 -3.358601887446255E-002
 -3.097417921410361E-002
 -2.084689586042554E-002
 -0.218378026175928     
 -8.469839320583539E-003
  1.339265262452871E-002
 -2.812425780173644E-002
 -3.488177494357636E-002
 -3.997010000952361E-002
 -4.340950046233605E-002
 -1.147411133821752E-002
 -2.519466744460352E-003
 -3.960945388895443E-002
 -3.943343427275892E-002
 -3.627263687711846E-002
 -4.947179128384871E-002
  4.260075800476493E-003
  1.121256862051601E-002
 -1.681086595224990E-002
 -1.352544804981992E-002
  5.191685701423931E-002
  4.852597059140462E-002
  4.401629071611635E-002
  4.313452940574836E-002
  4.232848071518636E-002
  4.868419375233668E-002
  4.117505006618460E-002
  3.838299824759006E-002
  3.666259445352882E-002
  3.764742527113429E-002
  3.756836729386193E-002
  4.085186124350071E-002
  4.067175214225971E-002
  3.877161731243306E-002
  3.959107461633660E-002
  3.887822649758621E-002
  4.134456290320787E-002
  4.428052088972290E-002
  4.114907010166124E-002
  4.461199903447954E-002
  4.243323809442456E-002
  4.444110091065956E-002
  4.212873905181158E-002
  4.269332283525651E-002
  4.820875008972247E-002
  4.401614751256178E-002
  4.049877383346268E-002
  3.925072344645431E-002
  4.182458889250007E-002
  4.461297249289831E-002
  4.049665332062369E-002
  4.098706704843724E-002
  4.102291140680936E-002
  4.927136528488751E-002
  5.189232609122074E-002
