           2           1  0.950175929654743     
           3           2  0.950374703507932     
           4           2  0.946780479279864     
           5           4   1.39623635163006     
           6           5   1.43393784340384     
           7           6   1.41427336784687     
           8           7   1.45216215207125     
           9           4   1.33638118500530     
           9           8   1.35377591568952     
          10           9   1.02830882000571     
          11          10  0.939436644374853     
          12          11   1.39469645064632     
          13          12   1.43221874379628     
          14          13   1.43097109517883     
          15          14   1.42976911698914     
          16          11   1.39233781424745     
          16          15   1.43349237910295     
          17          10   1.05216754340979     
          18          17   1.23707003415102     
          19          18   1.58579250387983     
          20          19   1.23485818558175     
          21          20   1.28659947056001     
          22          21   1.44057723979614     
          23          22   1.06293922191129     
          24          23   2.81531380143535     
          25          22   1.22800117941786     
          26          25   1.57784447157462     
          27          20   1.20892440844843     
          27          26   1.24038586607932     
          28           2  0.945707082836500     
          28          17   1.42307566521088     
          28          27   1.24102578433259     
          29           1  0.973917125149176     
          30           1  0.975912000367891     
          31           1  0.974520097610823     
          32           3  0.974733738066557     
          33           3  0.976425416068486     
          34           3  0.971456348882859     
          35           5  0.943946145803113     
          36           6  0.944773286941909     
          37           7  0.943969417574395     
          38           8  0.941816747573590     
          39          12  0.947439229280829     
          40          13  0.945073788559384     
          41          14  0.946063074978686     
          42          15  0.945043024410058     
          43          16  0.947412584414703     
          44          18  0.936852875967517     
          45          19  0.939376149648404     
          46          21  0.942387124136385     
          47          25  0.944019085307572     
          48          26  0.935272217066534     
