 -0.330205016709090     
  0.418541854616771     
 -0.330086659634923     
 -4.053030039912642E-003
  1.939623674048541E-003
 -1.752852316966891E-002
 -1.898061074250368E-002
 -2.603122285622383E-002
  4.717566413553254E-003
  4.681936268324804E-003
 -2.578439705947577E-002
  7.173112599489651E-002
 -0.120279508996759     
  4.901072568756826E-002
 -5.679090883064930E-002
 -3.684781504380741E-002
 -4.679986126825497E-002
 -3.882607352725298E-002
 -1.173465800502438E-002
  1.124855163347549E-002
 -1.711217940425769E-002
 -3.503007961519522E-002
 -3.493094371004624E-002
 -3.570711327028153E-002
 -3.614562639435714E-002
 -1.516698102264957E-002
 -1.462840165521584E-002
 -3.604398450329693E-002
 -3.577450410654848E-002
 -3.570836231826657E-002
 -3.569503925987494E-002
 -1.693006408761288E-002
 -1.184330922102284E-002
 -3.884855212841476E-002
 -4.645274341296268E-002
 -3.613518068319976E-002
 -5.587287490894877E-002
  4.891393693371082E-002
 -1.623188187239588E-002
  4.699200434599593E-003
 -1.040772679586333E-002
  5.246905221436104E-002
  5.038572659672236E-002
  4.757410819939389E-002
  4.732885074666937E-002
  4.836425787145149E-002
  3.960274161544097E-002
  4.331905295390637E-002
  4.089669708333143E-002
  4.419199989543843E-002
  3.954925046337776E-002
  4.063666129018240E-002
  4.055808005405637E-002
  3.920699552943718E-002
  3.941054474724570E-002
  4.054405901725944E-002
  4.031341502711905E-002
  3.900704523143927E-002
  4.409868635949798E-002
  4.094358508070295E-002
  4.364563801224075E-002
  3.984813925006858E-002
  5.255497587973268E-002
  5.867974947787857E-002
