 -9.547978620181574E-002
  2.078672855656505E-002
 -9.862663883045286E-002
 -1.591706725757369E-002
 -4.204874828857985E-002
 -4.155245635761151E-002
 -3.504102304371859E-002
 -3.906172606778302E-002
  4.953918046250516E-002
 -9.821006377304631E-002
  0.116311208487182     
 -4.028804509190209E-002
 -2.628498420449787E-002
 -2.319223256654723E-002
 -2.625325617844698E-002
 -4.069217989795870E-002
  0.116537069629626     
 -9.754917070607938E-002
  5.615575055861166E-002
 -2.884398119372467E-002
 -3.254385577533636E-002
 -4.254632568921313E-002
 -4.581060984145946E-002
 -2.036667594859498E-002
  2.082569705784065E-002
 -9.844076220515863E-002
 -9.543655419400121E-002
 -1.559141714130785E-002
 -4.184638701006005E-002
 -4.119610003565732E-002
 -3.495379519542929E-002
 -3.880116855489568E-002
  4.966764536397905E-002
 -0.215220873489160     
  7.900334829229516E-002
 -0.213596072761711     
  5.582041152753181E-002
 -2.974703525011879E-002
 -3.277480069648409E-002
 -4.291195166467165E-002
 -4.604346694160188E-002
 -2.068700778002608E-002
  3.840357952943874E-002
  3.693905913114870E-002
  3.659424872457595E-002
  3.291808470451740E-002
  3.023496650262725E-002
  3.819644435456981E-002
  4.455756481102180E-002
  4.079254221522188E-002
  4.367707130206833E-002
  4.175885991062311E-002
  4.332442584724816E-002
  4.257243526325716E-002
  4.258181596112820E-002
  4.354247412057544E-002
  5.065229645751423E-002
  4.379771133423715E-002
  3.934245404824654E-002
  4.220698601820183E-002
  3.303512313838985E-002
  3.835249644721272E-002
  3.024328552485644E-002
  3.655871883213579E-002
  3.695459658734457E-002
  3.844206628547031E-002
  4.461783171520073E-002
  4.088033834103788E-002
  4.373209490196395E-002
  4.180834189718186E-002
  5.095281364367932E-002
  4.375865941967438E-002
  3.930210200750606E-002
  4.217769092061485E-002
