 -0.119916736722556     
  0.105366480933046     
 -1.577114259362045E-002
  4.745606044055650E-002
 -0.177657126578655     
  6.225193856179567E-002
  4.478558199162652E-003
 -3.308335581475319E-002
 -3.087427021408029E-002
  5.838045118516932E-002
 -0.128951559451900     
  4.624233839396297E-002
 -5.589239129092238E-002
 -4.488061208535576E-002
 -4.946357171317750E-002
 -4.699286181918261E-002
  7.393241237073678E-002
 -0.140209065306931     
  7.506790400181407E-002
 -4.587650917363728E-002
 -4.665121282999074E-002
 -4.413844355729868E-002
 -5.874631928920415E-002
  4.631002966853570E-002
 -2.744744839013613E-002
 -2.743051620278170E-002
  6.225314920733416E-002
  4.470234100807602E-003
 -2.742841069246271E-002
 -2.744822201897268E-002
  5.837136574021429E-002
 -0.128944089550250     
  4.623355482684355E-002
 -5.588871100505699E-002
 -4.488427594676114E-002
 -4.945949845239017E-002
 -4.699289954849828E-002
  7.393913822547171E-002
 -0.140198764627843     
  7.507643855477397E-002
 -4.587043667429036E-002
 -4.664097500012243E-002
 -4.413426695431077E-002
 -5.873170046075060E-002
  4.630158196287759E-002
 -3.089387200896709E-002
 -3.309575334871528E-002
 -0.177654745622118     
  4.745697728872145E-002
 -1.577056866138360E-002
  0.105366396777679     
 -0.119916729359399     
  5.511912439593791E-002
  4.451646181491875E-002
  4.513842495398934E-002
  4.232510563950087E-002
  4.338047322023308E-002
  4.248039163286632E-002
  4.075371409377071E-002
  4.001514741393397E-002
  4.292901402465954E-002
  4.334759197998506E-002
  4.383237538276941E-002
  4.424759588287241E-002
  4.639915707883202E-002
  4.640067267875581E-002
  4.424903276373393E-002
  4.233101493872726E-002
  4.338048217472279E-002
  4.248104930403274E-002
  4.075372398289612E-002
  4.001614157218414E-002
  4.293138088411008E-002
  4.334401102045871E-002
  4.382840736970883E-002
  4.514618235955514E-002
  4.451617111252038E-002
  5.511920485129951E-002
