 -0.100228063101627     
  2.748826094218115E-002
 -0.102149073881438     
 -0.102109988021122     
 -2.394674454025925E-002
 -4.760291449214460E-002
 -4.411764235922977E-002
  3.350413467835933E-002
 -2.743194433284390E-002
 -4.612560114415842E-002
 -2.694274170400490E-002
 -4.587216285527607E-002
 -2.417182098649562E-002
  2.749677765617164E-002
 -0.102290255666509     
 -0.100025158633585     
 -0.102046593655431     
 -4.848334121936393E-002
 -4.503259166625995E-002
  3.331878070715000E-002
 -9.306457232167631E-002
  5.153843623538945E-002
 -3.802525302524273E-002
 -3.897813577244680E-002
  3.288028221952333E-002
 -1.853785426961618E-002
 -3.494029506291429E-002
 -1.957830226255020E-002
 -3.569473141935742E-002
  5.184071893968811E-002
 -9.266533007484057E-002
  3.353174835968264E-002
 -4.449390802872077E-002
 -4.795549850353087E-002
 -2.409556325364726E-002
  2.748343759151117E-002
 -0.100201410666495     
 -0.102101112286336     
 -0.102174821948579     
 -4.615241181859187E-002
 -2.719766457491879E-002
 -2.728706968176819E-002
 -4.624165719632245E-002
 -2.415238598052216E-002
  2.747332074694642E-002
 -0.102192475077136     
 -0.102180075126614     
 -0.100209996239772     
 -4.804866191471646E-002
 -4.426120398801370E-002
  3.361060564265772E-002
 -3.576892147395583E-002
 -3.660806889836721E-002
  3.376909701582509E-002
 -9.212465098162159E-002
  7.160435698275069E-002
 -2.652914261123218E-002
 -1.163292021836515E-002
 -3.599488045590959E-003
  0.402019481388995     
 -0.345102018355786     
 -0.345384258207852     
  5.131652760464345E-003
 -1.488760069238104E-002
 -2.183578275633646E-002
 -2.110974501692819E-002
 -2.001586027732838E-002
 -9.010063386337031E-003
 -4.942079356321294E-003
 -2.468281242592241E-002
  3.543717979076755E-002
  3.310413824568337E-002
  3.539975336982626E-002
  3.373942359928295E-002
  3.504273390470536E-002
  3.147206782408440E-002
  3.140384555285747E-002
  3.360767623292515E-002
  3.496500690970805E-002
  4.451520192105474E-002
  4.209127093323295E-002
  4.390037446121564E-002
  4.411083569844232E-002
  3.150523553334572E-002
  3.354747720971596E-002
  3.465253783749589E-002
  3.564286857004428E-002
  3.537881280709487E-002
  3.310364970371238E-002
  3.490630113862248E-002
  3.391247516920504E-002
  3.147198305815335E-002
  4.422966172996101E-002
  4.153280868183684E-002
  4.777502520241850E-002
  4.717499277570192E-002
  4.688256160615734E-002
  4.662807218427623E-002
  4.161004306324889E-002
  4.442970237310451E-002
  3.546709540494353E-002
  3.544672981440133E-002
  3.306436419448311E-002
  3.139253088830563E-002
  3.370746010423908E-002
  3.500015127910894E-002
  3.496260635885762E-002
  3.369149993877230E-002
  3.144120387357552E-002
  4.397587990822460E-002
  4.392908354631009E-002
  3.372358689014054E-002
  3.135748207844224E-002
  3.487685023686427E-002
  3.379507879897736E-002
  3.135367154152058E-002
  3.498553033359086E-002
  3.301102596982752E-002
  3.544118004991925E-002
  3.554484279337300E-002
  4.428408999349676E-002
  4.207457471033504E-002
  4.852834599137512E-002
  4.876934686499601E-002
  4.935589092734849E-002
  5.261874100013231E-002
  4.682250428684154E-002
  4.715881597480598E-002
  4.531808469786580E-002
  4.803780245415534E-002
  5.064549607225610E-002
  5.669236179291148E-002
  4.990172373275592E-002
