 -0.217498908834004     
  0.101131316916386     
  8.817856938627688E-003
 -1.852031501682649E-002
 -2.144247188065584E-002
  6.694755808003494E-002
 -0.127961940726669     
  4.632410433516965E-002
 -5.838589149687667E-002
 -4.733099101694282E-002
 -4.736450673184400E-002
 -5.829297974998049E-002
  4.622330753210946E-002
 -0.127895123145047     
  6.693335617382479E-002
 -2.154248959666916E-002
 -1.853349381155578E-002
  8.766796190120107E-003
  0.101138903074934     
 -0.217540572659746     
 -1.853432665993626E-002
 -2.148748103759779E-002
  4.631662415531457E-002
 -5.837968438082619E-002
 -4.733993736597597E-002
 -4.733640203195844E-002
 -5.831175732813154E-002
  4.624395465830444E-002
 -2.147984834834826E-002
 -1.851064567318250E-002
  5.223056366924106E-002
  4.500001070019255E-002
  4.258160269802436E-002
  4.394605080738434E-002
  4.394387687844437E-002
  4.253691359229739E-002
  4.494483219007228E-002
  5.221683365511698E-002
  5.223149396487103E-002
  4.500913608422463E-002
  4.260403429889215E-002
  4.394488727798651E-002
  4.394721291669212E-002
  4.252773780991814E-002
  4.494905453156595E-002
  5.223174836306377E-002
