           2           1   1.00587857655998     
           3           2  0.993779952615424     
           4           3  0.979301698032715     
           5           4  0.965775370234087     
           6           5  0.967532642343770     
           7           6  0.976125269026083     
           8           7  0.990826074318488     
           9           8   1.00565075284700     
          10           5   1.13975385062046     
          11          10   1.26765805961134     
          12          11   1.53529429729180     
          13          12   1.28645897542481     
          14          13   1.19174659225808     
          15          14   1.65508573122671     
          16          15   1.09038970285202     
          17          16   1.38754051858519     
          18          17   1.35693561621025     
          19          18   1.06672167821655     
          20          19   2.81389955006686     
          21          18   1.24167343799263     
          22          21   1.06703308761520     
          23          22   2.81353704073336     
          24          21   1.35552934043235     
          25          16   1.21567341001837     
          25          24   1.38947091218514     
          26          25   1.08659425376061     
          27          26   1.66109321406293     
          28          27   1.18873660830284     
          29          28   1.28808627925195     
          30          29   1.53371928632599     
          31          30   1.27087702316512     
          32          31   1.13159530753246     
          33          32  0.967047982042472     
          34          33  0.976054545492639     
          35          34  0.990423384068346     
          36          35   1.00558357899727     
          37          32  0.967969718524162     
          38          37  0.977220421520383     
          39          38  0.988709428064087     
          40          39   1.00915992087207     
          41          31   1.33707990654643     
          42          28   1.21901945609418     
          42          41   1.41803787190889     
          43          42   1.09573729645201     
          44          13   1.21758989618432     
          45          44   1.09619343834554     
          46          10   1.33314647113635     
          46          44   1.41997236122108     
          47           1  0.984723410495532     
          48           1  0.978883208698044     
          49           1  0.984496036983555     
          50           2  0.970509676484476     
          51           2  0.970382300170536     
          52           3  0.961913886433534     
          53           3  0.967135070087935     
          54           4  0.962161684381751     
          55           4  0.963300758581822     
          56           6  0.967422387614382     
          57           6  0.964082697732770     
          58           7  0.968030655740318     
          59           7  0.969382953286758     
          60           8  0.971659720586994     
          61           8  0.971539076929530     
          62           9  0.978355628357019     
          63           9  0.984734242511930     
          64           9  0.984688934651994     
          65          11  0.939314792777035     
          66          12  0.940075526442457     
          67          14  0.921472938169696     
          68          17  0.941221646065990     
          69          24  0.941144222453386     
          70          27  0.921523350342178     
          71          29  0.940183778018021     
          72          30  0.940733219363399     
          73          33  0.963353664788502     
          74          33  0.966460746897619     
          75          34  0.967605682028498     
          76          34  0.967205871354193     
          77          35  0.971419073178434     
          78          35  0.971756984187834     
          79          36  0.984665326360074     
          80          36  0.984787678759661     
          81          36  0.978356527946270     
          82          37  0.962275336210996     
          83          37  0.965719686665260     
          84          38  0.964731053795048     
          85          38  0.966666954100437     
          86          39  0.970495290229725     
          87          39  0.966764677296122     
          88          40  0.984332125383414     
          89          40  0.979720302501064     
          90          40  0.983669776766234     
          91          41  0.941745066646962     
          92          43  0.889700018603543     
          93          45  0.889567404039014     
          94          46  0.941695963058468     
