           2           1   1.82894283227516     
           3           2  0.953067192473536     
           4           3   1.36933625820179     
           5           4   1.44626560660893     
           6           5   1.37335075473794     
           7           6  0.978095120081629     
           8           7   1.04438058576552     
           9           8   1.37709859391337     
          10           9   1.44540092825269     
          11          10   1.39697352811339     
          12          11   1.45822372210618     
          13           8   1.26121115215272     
          13          12   1.34702442835929     
          14          13   1.09161649897802     
          15          14   1.27087017377201     
          16          15   1.29037509245224     
          17          16   1.09456026050525     
          18          17   1.34469038010177     
          19          18   1.46103910486715     
          20          19   1.39456270405999     
          21          20   1.44872960340424     
          22          17   1.26191035527610     
          22          21   1.37420723416922     
          23          15   1.07105586064863     
          23          22   1.04683044407563     
          24          23  0.962034387183924     
          25          24   1.38291504781940     
          26          25   1.43643278659134     
          27          26   1.42774368211145     
          28          27   1.42985046405362     
          29          24   1.38812931863533     
          29          28   1.43321964706375     
          30          16   1.26749681934197     
          31          30   1.29044399894962     
          32          31   1.09278474477463     
          33          32   1.34507354949450     
          34          33   1.46089946487385     
          35          34   1.39451031470278     
          36          35   1.44944711137532     
          37          32   1.26243171281334     
          37          36   1.37299495770463     
          38          30   1.07097814126119     
          38          37   1.04800813841804     
          39          38  0.965278937183460     
          40          39   1.38182617621880     
          41          40   1.43722760574849     
          42          41   1.42732138198683     
          43          42   1.42956816042184     
          44          39   1.38565419277221     
          44          43   1.43381509801113     
          45           7   1.06088006588950     
          45          14   1.29338508583471     
          45          31   1.27160100742389     
          46           6   1.37094660301448     
          47           3   1.36931220333416     
          47          46   1.44868582606140     
          48           2  0.993130431492184     
          49          48   1.35097320405180     
          50          49   1.46045230722090     
          51          50   1.36024675820865     
          52          51  0.989692008688522     
          53          52   1.03937989396730     
          54          53   1.37927546548502     
          55          54   1.44354715286131     
          56          55   1.39857546790389     
          57          56   1.45709863888949     
          58          53   1.26268801824201     
          58          57   1.34802490528073     
          59          58   1.08982181729567     
          60          59   1.27162734143375     
          61          60   1.28925700829176     
          62          61   1.09422324996187     
          63          62   1.34469705354773     
          64          63   1.46119517327553     
          65          64   1.39450486337639     
          66          65   1.44891978154690     
          67          62   1.26236072496641     
          67          66   1.37408102553946     
          68          60   1.07135757158330     
          68          67   1.04642012927092     
          69          68  0.961761102655189     
          70          69   1.38819429420752     
          71          70   1.43313538223329     
          72          71   1.42989797366542     
          73          72   1.42774812689556     
          74          69   1.38291703085865     
          74          73   1.43644036900225     
          75          61   1.26913239271412     
          76          75   1.28831725358139     
          77          76   1.09291846861816     
          78          77   1.34467897508156     
          79          78   1.46027078666774     
          80          79   1.39449652554793     
          81          80   1.44682305534435     
          82          77   1.26226714064735     
          82          81   1.37388671842955     
          83          75   1.07146470115738     
          83          82   1.04742964787574     
          84          83  0.964311864128651     
          85          84   1.38202521224937     
          86          85   1.43715179549322     
          87          86   1.42730512315337     
          88          87   1.42974982426121     
          89          84   1.38595678230621     
          89          88   1.43359281605842     
          90          52   1.05635241889729     
          90          59   1.29524616740192     
          90          76   1.27347746326396     
          91          51   1.36356041502971     
          92          48   1.34710960920450     
          92          91   1.46111759639697     
          93           4  0.943471476224398     
          94           5  0.943802397764723     
          95           9  0.942552850482647     
          96          10  0.944716781194453     
          97          11  0.944587933617895     
          98          12  0.938515971543619     
          99          18  0.937477198317926     
         100          19  0.944642795375243     
         101          20  0.944777719732528     
         102          21  0.942838088523247     
         103          25  0.946621402399413     
         104          26  0.945051702008177     
         105          27  0.946243148332259     
         106          28  0.945278301104754     
         107          29  0.946945998260909     
         108          33  0.936465438675208     
         109          34  0.943033837510865     
         110          35  0.941770725142198     
         111          36  0.942557523636088     
         112          40  0.946635806189861     
         113          41  0.945097213426595     
         114          42  0.946287729629914     
         115          43  0.945261838696285     
         116          44  0.946734554027946     
         117          46  0.944093646726862     
         118          47  0.944022572904906     
         119          49  0.937964884732988     
         120          50  0.943818069173770     
         121          54  0.941953294986643     
         122          55  0.944604202973276     
         123          56  0.944480911334569     
         124          57  0.938408110431588     
         125          63  0.937391382136125     
         126          64  0.944617389549141     
         127          65  0.944754269292718     
         128          66  0.942828112307515     
         129          70  0.946930856510096     
         130          71  0.945253740142330     
         131          72  0.946225223655225     
         132          73  0.945064529095198     
         133          74  0.946669097029597     
         134          78  0.937379386153100     
         135          79  0.944332375068029     
         136          80  0.944278735188789     
         137          81  0.942461846521085     
         138          85  0.946666745224485     
         139          86  0.945074056128426     
         140          87  0.946262739408850     
         141          88  0.945238289308339     
         142          89  0.946775072013180     
         143          91  0.943288831208902     
         144          92  0.943140069943104     
