 -9.981352536150556E-002
  2.712705457189823E-002
 -0.101151514234798     
 -0.101076185674912     
 -1.138705602610290E-002
 -3.737811681668379E-002
 -3.192446647632341E-002
  6.457609614937931E-002
 -7.370068939141294E-002
  6.383672358813453E-002
  1.829525447021174E-002
 -2.123423776006206E-002
 -3.400987418178847E-002
 -1.540241175809420E-003
 -3.422087711484867E-002
 -3.598745986538798E-002
 -1.161961165334624E-003
 -4.049813516073719E-002
 -3.018384013540309E-002
 -4.068216453006457E-002
 -1.395410935423058E-003
 -3.614686350906116E-002
 -3.461851661856752E-002
 -1.091112327567423E-003
 -6.036787330899962E-003
 -8.634435214190717E-003
 -0.227660907941307     
 -1.871117864237437E-002
  1.951702567253788E-002
 -3.076194991826320E-002
 -3.535534629188319E-002
 -4.277156044350150E-002
 -3.797501212169863E-002
 -4.509993335560925E-002
 -2.923399279130656E-003
  1.280200183622160E-002
 -3.888094571556699E-002
 -3.354551289465757E-002
 -3.756020326998666E-002
 -3.196977950765767E-002
 -3.170722906012902E-002
 -3.277370796921097E-002
 -3.516272372682039E-002
  3.545626284731396E-002
  3.532741769693104E-002
  3.393257833332752E-002
  3.340101006162310E-002
  3.555166122755016E-002
  3.217848997172035E-002
  3.403995357435929E-002
  3.181457194813286E-002
  3.591826987756419E-002
  4.578867746867166E-002
  4.312839905454557E-002
  4.933950985832536E-002
  4.395014040413747E-002
  4.171266559932951E-002
  4.174489853097363E-002
  3.943015785237236E-002
  4.199318048592593E-002
  3.937920981615761E-002
  4.173264319223502E-002
  4.642009545842063E-002
  4.109091645776564E-002
  3.852531264494785E-002
  3.670440106230022E-002
  3.769697375864123E-002
  3.730654071296913E-002
  3.909342826265449E-002
  3.974212022217860E-002
  3.877945336508326E-002
  4.068083942222922E-002
  4.057924471765062E-002
  4.290874392015720E-002
  4.523093705007719E-002
