           2           1  0.976717397005429     
           3           2  0.966116501414672     
           4           2  0.966047848121024     
           5           2  0.939019888379240     
           6           5   1.39627672421675     
           7           6   1.43468026255180     
           8           7   1.38819095133224     
           9           8  0.956871814939754     
          10           9   1.13053196130888     
          11          10   1.00971444050630     
          12          11   1.36367847798079     
          13          12   1.45598574215901     
          14          13   1.32882537993841     
          15          14   1.17540767715149     
          16          15   1.65844980028710     
          17          16   1.17215207485835     
          18          17   1.34003267525496     
          19          18   1.43502886442923     
          20          19   1.43567953470869     
          21          20   1.33898979827667     
          22          21   1.17315766686643     
          23          22   1.65667823582406     
          24          11   1.28435554735370     
          24          23   1.17802632232705     
          25          14   1.22172389565399     
          25          24   1.22798445270415     
          26          17   1.22302466645302     
          26          21   1.22411653873625     
          26          25   1.21702901464837     
          27          10   1.55830558485113     
          28          27   1.17484184916131     
          29          28   1.03103618813582     
          30          29   1.36096216072944     
          31          30   1.44680474705741     
          32          31   1.42266845652542     
          33          32   1.42268500721844     
          34          29   1.36303501160208     
          34          33   1.44632137210137     
          35           9   1.09108780209171     
          35          28   1.50402776937973     
          36          35   1.01329455759690     
          37          36   1.36752864553209     
          38          37   1.44066944010702     
          39          38   1.42646459048910     
          40          39   1.42246005093677     
          41          36   1.36318762777945     
          41          40   1.44453797776039     
          42           8   1.38161639274005     
          43           5   1.38547019026401     
          43          42   1.44507987553732     
          44           1  0.977574149756691     
          45           1  0.977655561769483     
          46           1  0.978369430246245     
          47           3  0.978367428825055     
          48           3  0.976300939396320     
          49           3  0.978146476419981     
          50           4  0.978238748991542     
          51           4  0.978144462244387     
          52           4  0.976212687689581     
          53           6  0.942474102730706     
          54           7  0.943931751933980     
          55          12  0.942634968484462     
          56          13  0.941994737319417     
          57          15  0.942330538240250     
          58          16  0.942156784121936     
          59          18  0.944852331118721     
          60          19  0.944854283536458     
          61          20  0.944880469645660     
          62          22  0.942015304194132     
          63          23  0.939650135369212     
          64          30  0.946940253258215     
          65          31  0.946330735870355     
          66          32  0.947452089682433     
          67          33  0.946472695791702     
          68          34  0.945035693225732     
          69          37  0.946130779248269     
          70          38  0.945898520936467     
          71          39  0.947163576959323     
          72          40  0.945683482193655     
          73          41  0.946525545587663     
          74          42  0.943912471580398     
          75          43  0.942335711977655     
