 -0.225270426600831     
  0.161308158845862     
 -8.304952020533651E-002
  0.148495243706437     
 -0.232148471520854     
 -4.414045935877819E-002
 -3.866788691111012E-002
 -4.470228551151934E-002
 -2.571085444741605E-002
 -4.591409054358397E-002
  9.028891649547610E-002
 -0.177618713501617     
 -1.773976547072564E-002
 -2.357737466741749E-002
 -2.621878310829828E-002
  6.461024468005849E-002
 -0.126988713159597     
  4.604880637250774E-002
 -5.558758010704512E-002
 -4.409821865117269E-002
 -4.829249341720931E-002
 -4.665956038733565E-002
  7.464558151361267E-002
 -0.138555857186730     
  7.407582903744636E-002
 -4.697145680982118E-002
 -4.826790028405537E-002
 -4.312130081714649E-002
 -5.592432945049719E-002
  4.517264135618326E-002
 -2.496499551066567E-002
 -3.047487817460670E-002
  5.291570722621119E-002
  5.392689732094436E-002
  4.905374765281545E-002
  4.126272340402615E-002
  4.503322673491172E-002
  3.870742134217731E-002
  0.177889172992740     
  4.926456801460088E-002
  4.294443495288058E-002
  4.313325087972908E-002
  4.363168876742796E-002
  4.261798858247645E-002
  4.083092055591186E-002
  4.058304195597651E-002
  4.243879484492075E-002
  4.528480844389982E-002
  4.569577958622884E-002
  4.413077688609079E-002
  5.067554365180293E-002
