 -9.489501216912455E-002
  2.204718427630237E-002
 -9.727105165836125E-002
 -1.473972385683719E-002
 -4.073509740006198E-002
 -3.772013505788330E-002
 -3.353009077470404E-002
 -3.507594618788357E-002
  4.687137877792580E-002
 -0.117010784394249     
  6.637810318222037E-002
 -5.605791078987732E-002
 -2.165032980181714E-002
 -3.835541131966558E-002
  0.120737125413701     
 -0.289518848035634     
 -2.045342692536423E-002
 -2.180037904302079E-002
 -3.506148450352153E-002
 -2.900160063726798E-002
 -4.232665972002003E-002
  8.530670489607139E-002
 -0.102857953963869     
  8.672537137831737E-002
 -6.910128626914158E-002
  4.754320862385919E-002
 -3.377218678613936E-002
 -3.236953805495979E-002
 -3.722826734553841E-002
 -4.084935678644452E-002
 -1.501477036491838E-002
  3.798090760844686E-002
  3.658805561687140E-002
  3.765683450085278E-002
  3.822542440480559E-002
  3.219363593980318E-002
  3.280596469123420E-002
  4.439909683689525E-002
  4.137193981193421E-002
  4.426837574843301E-002
  4.233345454195869E-002
  4.531189976003058E-002
  5.911513918025846E-002
  5.237495545157511E-002
  4.183730019165055E-002
  4.516908950743559E-002
  3.746581915566416E-002
  3.845930565825550E-002
  4.280511110245500E-002
  4.467999293902869E-002
  4.146258328453090E-002
  4.428328936577364E-002
