 -3.279260693505037E-002
 -2.872562057240557E-002
 -3.836349896544355E-002
  2.654154754378224E-002
  7.748873672133216E-002
 -0.222567255018272     
 -8.745081482786077E-005
 -2.629998244306897E-002
 -4.988356648411774E-002
 -4.220309980885872E-002
 -4.631445650403698E-002
  2.489477232654203E-002
 -9.150065285248665E-002
  6.305174966448801E-002
 -3.301040613929018E-002
 -3.072187211965893E-002
  1.215456435724072E-003
 -1.267211500402610E-002
 -2.221918933853928E-003
 -4.036454199821904E-002
 -3.337533512370339E-002
 -3.337281850075957E-002
 -4.035570730283222E-002
 -2.219356379844051E-003
 -1.267085651197775E-002
  1.213625491469195E-003
 -3.072633589311202E-002
 -3.302074870505312E-002
  6.303993626046589E-002
 -9.148460015525561E-002
  7.749911461739689E-002
  2.652722704717814E-002
 -2.110287277892997E-002
 -2.443420379410721E-002
 -3.278315461205050E-002
 -2.873102580899722E-002
 -3.830478558093464E-002
 -0.222575814957526     
 -9.671291492452383E-005
 -2.629911541012930E-002
 -4.987764082352797E-002
 -4.220334069996756E-002
 -4.629560732393134E-002
  2.490633229595707E-002
 -3.209719315577342E-002
 -3.060306469073826E-002
 -2.874781874131038E-003
 -4.108510307601421E-002
 -3.470438872609449E-002
 -3.470493165535959E-002
 -4.109263628948145E-002
 -2.874064835357792E-003
 -3.060060605037673E-002
 -3.209275960810931E-002
 -2.109176182728500E-002
 -2.442006065463076E-002
  4.086526579127991E-002
  4.045079756706527E-002
  4.207567659986422E-002
  4.486959876349750E-002
  4.147179220393704E-002
  4.286128249253818E-002
  3.969877025113067E-002
  4.392909956556212E-002
  4.518975998169461E-002
  4.174442137178758E-002
  4.126530135057815E-002
  4.126392095835918E-002
  4.173764408049618E-002
  4.517876613541560E-002
  4.392846903646375E-002
  4.622832821563072E-002
  4.243429510361896E-002
  4.085870354910448E-002
  4.045392951357352E-002
  4.206593562310201E-002
  4.487214873332335E-002
  4.147620198425739E-002
  4.286282187178148E-002
  3.969568959340475E-002
  4.384344261144801E-002
  4.528068829305121E-002
  4.182693862440467E-002
  4.071687799364532E-002
  4.071955395397964E-002
  4.183254682132498E-002
  4.528862844478665E-002
  4.385298245674718E-002
  4.624591454347660E-002
  4.243573782979726E-002
