 -9.689670717550225E-002
 -4.187503381800095E-002
 -8.563206359649023E-002
 -8.543245804264998E-002
 -4.170889204971484E-002
 -9.675608641968481E-002
 -3.882764481504974E-002
 -3.512908126184300E-002
  3.138175017453726E-003
  7.115226026418497E-002
  4.602442476836721E-003
 -3.559496561986730E-002
 -3.864201548482882E-002
 -3.319480663742080E-002
 -3.892047645688734E-002
 -3.522451955037109E-002
  3.086141347198978E-003
  7.108604328964674E-002
  4.497955981065171E-003
 -3.562629519689953E-002
 -3.863875658331040E-002
 -3.290870227721321E-002
 -3.782927207548870E-002
 -3.280956719734807E-002
 -9.041678222953120E-002
 -3.863974013840199E-002
 -3.379189107873160E-002
 -9.067053811074022E-002
 -8.540226868543765E-002
 -4.171774103671666E-002
 -9.676236345248235E-002
 -8.568800284405054E-002
 -4.187901683833672E-002
 -9.690844531707299E-002
 -3.785272460772493E-002
 -3.278875381613844E-002
 -9.042849454404234E-002
 -3.856318145321325E-002
 -3.378793562153160E-002
 -9.066935483653360E-002
 -0.213748512441684     
  2.989885829577688E-002
  2.992036002910503E-002
  2.960207384958757E-002
  3.881234039451942E-002
  3.862250869848172E-002
  3.862747136852140E-002
  3.888044537174828E-002
  2.962894937810345E-002
  2.988827378326375E-002
  2.995547624970130E-002
  6.059141732466378E-002
  0.163305310767404     
  6.071009857872678E-002
  6.056312787332785E-002
  0.163265211970673     
  6.068125279218894E-002
  4.426058386534226E-002
  4.158542365107587E-002
  3.488085035254462E-002
  2.964930263946330E-002
  3.222921660952283E-002
  4.211358061330472E-002
  4.148237721543402E-002
  3.024420705029696E-002
  3.360134021490313E-002
  3.345550829423283E-002
  3.888547932134656E-002
  3.862851705800152E-002
  2.987233861331229E-002
  2.961516157225486E-002
  2.996759128047866E-002
  3.860770890867871E-002
  3.880272175393473E-002
  2.991526781063192E-002
  2.960800966979948E-002
  2.990474169474477E-002
  4.158827300220025E-002
  4.425798212865018E-002
  3.489134118064241E-002
  2.964512426620269E-002
  3.224104918686421E-002
  4.211025846582617E-002
  4.148757684979765E-002
  3.025115468277484E-002
  3.360450525604908E-002
  3.345970300046774E-002
