 -3.833191256050039E-002
 -4.202953991890457E-002
 -3.881789082872800E-002
 -2.356954348465123E-002
  6.566875061714939E-002
 -3.825957274929070E-002
 -0.106844325499447     
  6.514516719166430E-002
 -4.339906197791787E-002
 -3.499340444107002E-002
 -3.072428633319024E-002
 -2.422967830213008E-002
 -3.697179135189010E-002
 -4.455762482347048E-002
 -3.762309116849494E-002
 -3.493215749466216E-002
  4.068903274644864E-002
 -8.054594356758393E-002
  0.110730861808595     
  2.935595712664130E-002
 -0.171279526795065     
  0.110721327182236     
 -8.053737214830026E-002
  4.068555952278974E-002
 -3.493504393684699E-002
 -3.762423815721760E-002
 -4.455647312450761E-002
 -3.697050736637486E-002
 -2.423321112683041E-002
 -3.072894451882746E-002
 -3.499303925818342E-002
 -4.339908581519314E-002
  6.514849624191088E-002
 -0.106847621171504     
  6.567007802553171E-002
 -3.825906650853206E-002
 -3.833000613742232E-002
 -4.202615459906944E-002
 -3.880623499981883E-002
 -2.356976293028001E-002
 -2.743385351680061E-002
  3.685891616144765E-002
  2.934493275175498E-002
 -0.171283488069750     
  3.685387932336148E-002
 -2.743182451379678E-002
  4.322577347312129E-002
  4.252027762618249E-002
  4.783116425711886E-002
  4.025089135691839E-002
  4.635866246022535E-002
  5.230474146493458E-002
  4.185023446836078E-002
  4.096359149470752E-002
  4.400158809500554E-002
  4.516351769480731E-002
  6.162752294386542E-002
  4.516552692064946E-002
  4.400171132219588E-002
  4.096297812354399E-002
  4.185209392065115E-002
  5.230522855458741E-002
  4.635748441710430E-002
  4.025167452717382E-002
  4.322705148528350E-002
  4.252253398320827E-002
  4.782540967738647E-002
  6.163266222971453E-002
