 -3.750308046769213E-002
 -2.966445891492864E-002
 -3.580502436104371E-002
  6.082497169244805E-002
 -9.234811018833167E-002
  3.611491724624161E-002
 -4.339881553661051E-002
 -3.911746724394405E-002
 -4.815523702036373E-002
 -3.659479196619486E-002
 -2.794255943368640E-002
 -2.737261652921053E-002
 -4.111376123230492E-002
 -1.779507767428878E-002
 -1.865220477138330E-003
  1.440694079553229E-002
 -0.183733534597933     
  0.126675057616983     
 -6.476229803485811E-002
  0.128645579362910     
 -0.189915089895998     
  1.888347894676556E-002
 -3.512672625543001E-002
 -1.398898811020999E-002
 -1.921658547633776E-002
 -1.865269585638174E-002
 -2.066209174759326E-002
 -4.140585433703148E-002
 -4.116640899925006E-002
  3.707905525683231E-002
 -3.556370816565479E-002
 -2.939797821246337E-002
  3.999908709767619E-002
  4.281972546244150E-002
  3.964035493129969E-002
  4.101224921719648E-002
  4.344128161612670E-002
  4.027841524409725E-002
  4.177000155165467E-002
  4.216089036051984E-002
  5.638062197097282E-002
  5.544802264950133E-002
  4.294328556693972E-002
  4.552173281038085E-002
  4.551433021287921E-002
  4.568703912978223E-002
  4.421785033709003E-002
  3.979433819756717E-002
  4.300895346104694E-002
