           2           1   1.87113202027594     
           3           2  0.844322190011747     
           4           3   1.85519479046836     
           5           3   1.02292044209469     
           6           5   1.43677535602498     
           7           6   1.35440253808758     
           8           7   1.45529312456506     
           9           8   1.01677386017094     
          10           9   1.35392909888938     
          11          10   1.46487764932430     
          12          11   1.35320929178865     
          13          12   1.02083594502271     
          14          13  0.989014084516187     
          15          14   1.37502426120348     
          16          15   1.44198003474314     
          17          16   1.42520924065098     
          18          17   1.42475913649279     
          19          14   1.37373838536170     
          19          18   1.44231309900281     
          20          13  0.989340716303867     
          21          20   1.37485520152571     
          22          21   1.44206144001577     
          23          22   1.42512956223997     
          24          23   1.42479241115170     
          25          20   1.37370979653523     
          25          24   1.44230930981820     
          26          12   1.35318921456616     
          27           9   1.35439466436997     
          27          26   1.46510064278650     
          28           8   1.19325075194384     
          29          28   1.25506050946596     
          30          29   1.53377514259605     
          31          30   1.32774491455688     
          32           2   1.00596420527486     
          32          31   1.45893272265108     
          33           5   1.19114249439590     
          33          28   1.25523206479080     
          33          32   1.19679390000950     
          34           6  0.942928566409823     
          35           7  0.942295992431386     
          36          10  0.942918521728974     
          37          11  0.943598675665015     
          38          15  0.946454303301101     
          39          16  0.945262051843332     
          40          17  0.946494076518736     
          41          18  0.945236331936873     
          42          19  0.946444339894823     
          43          21  0.946431099111805     
          44          22  0.945259911301070     
          45          23  0.946492521629366     
          46          24  0.945267683716513     
          47          25  0.946478178271845     
          48          26  0.943462440946660     
          49          27  0.943686318371854     
          50          29  0.941936161477614     
          51          30  0.944118906289232     
          52          31  0.944676562318548     
