           2           1   1.70790810943550     
           3           2  0.809689748990157     
           4           3   1.41360428109721     
           5           4   1.42335441309800     
           6           5   1.43139319422951     
           7           6   1.42921040470793     
           8           3   1.41113445452936     
           8           7   1.42459379499395     
           9           2  0.812982277723040     
          10           9   1.40666072625355     
          11          10   1.42822405670284     
          12          11   1.42609981676536     
          13          12   1.43399287150656     
          14           9   1.41542453791974     
          14          13   1.42084517458949     
          15           2  0.801253002922511     
          16          15   1.41764467936831     
          17          16   1.41333093066543     
          18          17   1.42019010084770     
          19          18  0.871848534317978     
          20          19  0.882083830456660     
          21          20   1.41513935675369     
          22          21   1.42814477645021     
          23          22   1.42965770368595     
          24          23   1.42698545386254     
          25          20   1.41064352076495     
          25          24   1.43097499396763     
          26          19  0.881296054834381     
          27          26   1.41494307708947     
          28          27   1.42870710776415     
          29          28   1.42928919234057     
          30          29   1.42740227678461     
          31          26   1.41131790014938     
          31          30   1.43056625742799     
          32          19  0.882987030157169     
          33          32   1.41489078678104     
          34          33   1.42836446787504     
          35          34   1.42937815533056     
          36          35   1.42730039180928     
          37          32   1.41085549652816     
          37          36   1.43066757714887     
          38          18   1.40736548438260     
          39          15   1.40464902676352     
          39          38   1.42579725811569     
          40           4  0.945834917369451     
          41           5  0.943969831078721     
          42           6  0.944322810635784     
          43           7  0.943839284239560     
          44           8  0.945038940278809     
          45          10  0.945872329158220     
          46          11  0.943852029705696     
          47          12  0.944334838699918     
          48          13  0.943885438816407     
          49          14  0.945334896292926     
          50          16  0.941319515902977     
          51          17  0.941044552657705     
          52          21  0.946082692838336     
          53          22  0.945042368646325     
          54          23  0.945672658033271     
          55          24  0.945096587103573     
          56          25  0.947063535726146     
          57          27  0.945993826352676     
          58          28  0.945146007262217     
          59          29  0.945703153868846     
          60          30  0.945068233318270     
          61          31  0.946925049719621     
          62          33  0.946328551924706     
          63          34  0.945067137867817     
          64          35  0.945639650409494     
          65          36  0.944939724011662     
          66          37  0.946824131640552     
          67          38  0.942199096148877     
          68          39  0.942777191516279     
