 -8.227565751616694E-002
 -8.243475496064079E-003
 -4.980237461356385E-002
 -5.452588603258413E-002
  4.341671244176526E-002
 -2.003928786043652E-002
 -5.502821919193313E-002
  2.355005124612175E-002
 -5.123980347062407E-003
 -3.144262931854325E-002
 -3.275788144419955E-002
  4.018148664529431E-003
 -1.495842984578388E-003
 -3.654872137795095E-002
 -3.289571520711743E-002
 -3.598464786664479E-002
 -3.454305047551021E-002
 -4.061451459228582E-002
 -2.977161300118691E-002
 -1.374723773681463E-002
  0.131233308611052     
 -0.253443085106327     
 -1.550838747910888E-002
 -2.295285923167434E-002
 -3.190174297896498E-002
  4.768123996604423E-003
  9.639563894676684E-004
 -3.804356049279090E-002
 -3.216031164172684E-002
 -3.559741665198413E-002
 -3.313521001336461E-002
 -3.912084123064297E-002
 -3.975807922851526E-002
 -4.898360445414696E-003
 -2.145326934345171E-002
 -5.573698249460879E-002
 -8.555071324179764E-003
 -8.222563696044016E-002
 -5.000311292629878E-002
 -5.517900171676704E-002
  4.315266930406114E-002
 -0.123393704935140     
  5.558040027786726E-002
 -2.945754089114949E-002
 -3.873560778823304E-002
 -1.051886260113655E-002
  2.674152335593272E-002
 -9.978412904522393E-002
 -0.101292966856962     
 -0.101098875469784     
 -3.983777908427477E-002
 -3.081999995025075E-002
  3.941037615583731E-002
  4.198053031377813E-002
  4.178974839467575E-002
  3.999165827910567E-002
  4.237866574148075E-002
  3.934075806105364E-002
  4.244623823539118E-002
  4.451877373268276E-002
  3.905080190723420E-002
  3.901876036182972E-002
  3.789496248618196E-002
  3.827387643650548E-002
  3.658901399229186E-002
  4.971886993545649E-002
  5.111238426456177E-002
  4.210555379219638E-002
  3.839001640341977E-002
  3.919077388464298E-002
  3.840500751242426E-002
  3.865756033821521E-002
  3.935613788209624E-002
  4.236379299345450E-002
  3.999527525830859E-002
  4.169806720461022E-002
  4.102174468035580E-002
  4.057317850945463E-002
  3.962024822233956E-002
  4.263464283514384E-002
  4.099019157221662E-002
  4.397583076541811E-002
  3.543014450159709E-002
  3.397711194843245E-002
  3.563427815440423E-002
  3.546015067464725E-002
  3.219519949895322E-002
  3.357565870793511E-002
  3.370451981922695E-002
  3.542773756916306E-002
  3.215040339626252E-002
  4.494797872235901E-002
  4.103161351837259E-002
