           2           1  0.990365001553128     
           3           2   1.41038773991979     
           4           3   1.38267024039482     
           5           4  0.979755766649762     
           6           5   1.37703658502852     
           7           6   1.43552243883955     
           8           7   1.43164145224608     
           9           8   1.38263492960488     
          10           9  0.969650184333975     
          11          10   1.05850836146639     
          12          11   1.36823623900086     
          13          12   1.45303923061450     
          14          13   1.39317054497100     
          15          14   1.46108705773311     
          16          11   1.26367211265415     
          16          15   1.35294522226704     
          17          16   1.08910755113727     
          18          17   1.35293027120760     
          19          18   1.46116640851285     
          20          19   1.39304127579997     
          21          20   1.45325203580695     
          22          10   1.05885577411224     
          22          17   1.26363249373121     
          22          21   1.36801407429431     
          23           5   1.38502980662108     
          23           9   1.39271575494822     
          24           4   1.34206843380063     
          25          24  0.990254055437640     
          26          24   1.41025963704161     
          27           2   1.34175973539599     
          27          26   1.38285102700818     
          28          27  0.980237032186005     
          29          28   1.37496057542111     
          30          29   1.42553133829564     
          31          30   1.44582833777729     
          32          31   1.34924241406216     
          33          32   1.03255407200566     
          34          33   1.54727181067655     
          35          34   1.17585277820584     
          36          35   1.13210365727179     
          37          36   1.30897283044343     
          38          37   1.49946105688185     
          39          38   1.35791757950730     
          40          39   1.49598785867699     
          41          36   1.26599782649030     
          41          40   1.31893723930127     
          42          41   1.10822001298133     
          43          42   1.32544451027031     
          44          43   1.49075828526255     
          45          44   1.35997868898403     
          46          45   1.49777666809389     
          47          42   1.24912003805874     
          47          46   1.30451094787498     
          48          35   1.38363458957184     
          48          47   1.15356291341836     
          49          33   1.11968669556691     
          49          48   1.08496455067522     
          50          49  0.946866614230822     
          51          50   1.39286321784079     
          52          51   1.43156563355671     
          53          52   1.43184241264404     
          54          53   1.42709632705222     
          55          50   1.38196789786950     
          55          54   1.43555735329986     
          56          28   1.39115325955253     
          56          32   1.36871001328294     
          57           1  0.969187129802029     
          58           1  0.974457882587458     
          59           1  0.976420748666277     
          60           3  0.941855431829097     
          61           6  0.945140465397534     
          62           7  0.942978807745503     
          63           8  0.945775544608360     
          64          12  0.943707496448675     
          65          13  0.944846405300020     
          66          14  0.945102813508040     
          67          15  0.944697966623298     
          68          18  0.944706424569307     
          69          19  0.945107372887612     
          70          20  0.944783029400405     
          71          21  0.943946358006667     
          72          23  0.945230688871260     
          73          25  0.969146239271664     
          74          25  0.974778951775343     
          75          25  0.976389447535424     
          76          26  0.941753317093202     
          77          29  0.945830287484691     
          78          30  0.943552790641739     
          79          31  0.945414457847538     
          80          37  0.944910507677522     
          81          38  0.945387168961972     
          82          39  0.945719394052668     
          83          40  0.942196724247562     
          84          43  0.941181176273744     
          85          44  0.945438668246933     
          86          45  0.945178287349725     
          87          46  0.938454065455481     
          88          51  0.947099912588533     
          89          52  0.944829966033573     
          90          53  0.945844686707886     
          91          54  0.944763041115773     
          92          55  0.947128304422623     
          93          56  0.940326774357691     
