           2           1  0.952760720780446     
           3           2  0.953851199027753     
           4           2  0.947211287530192     
           5           4   1.39989825063286     
           6           5   1.43319510098793     
           7           6   1.41485723152449     
           8           7   1.45129795802693     
           9           4   1.33504623174091     
           9           8   1.35650664453007     
          10           9   1.02507115066471     
          11          10  0.961051098588807     
          12          11   1.38322961455168     
          13          12   1.42769730888597     
          14          13   1.40299452810279     
          15          14  0.749085008117684     
          16          15   1.75356715190196     
          17          15   1.75521553415667     
          18          15  0.729705479269787     
          19          18   1.41948964518666     
          20          19   1.35840156626628     
          21          20  0.986258063786584     
          22          21   1.04569214326924     
          23          22   1.37305154844833     
          24          23   1.44910666373452     
          25          24   1.39648488624843     
          26          25   1.45935228816018     
          27          22   1.26841073257688     
          27          26   1.35414723875598     
          28          27   1.08471708121510     
          29          28   1.35466829881930     
          30          29   1.45871393711225     
          31          30   1.39672254798023     
          32          31   1.44880676828703     
          33          21   1.04788009028769     
          33          28   1.26737780983249     
          33          32   1.37279505283601     
          34          20   1.38765617500842     
          35          34   1.39082762694167     
          36          35  0.986585994093459     
          37          36   1.04430256896755     
          38          37   1.37292043990712     
          39          38   1.44780014100684     
          40          39   1.39687203547799     
          41          40   1.45903547168656     
          42          37   1.26933127409607     
          42          41   1.35355189580586     
          43          42   1.08440632354707     
          44          43   1.35492173630640     
          45          44   1.45849799514126     
          46          45   1.39727997762440     
          47          46   1.44815286767775     
          48          36   1.04647676516053     
          48          43   1.26755512963501     
          48          47   1.37366157143575     
          49          18   1.41984766622540     
          49          35   1.35452905001046     
          50          14   1.40475305812357     
          51          11   1.38413938629000     
          51          50   1.42497746613351     
          52          10   1.02291578292364     
          53          52   1.35757617146319     
          54          53   1.44993410188128     
          55          54   1.41560737216915     
          56          55   1.43266283594833     
          57           2  0.947099893437699     
          57          52   1.33496262177702     
          57          56   1.40027829828945     
          58           1  0.977572752448842     
          59           1  0.976075709997391     
          60           1  0.975884269611427     
          61           3  0.975842195728026     
          62           3  0.977614932305808     
          63           3  0.975619440847785     
          64           5  0.942240562114764     
          65           6  0.944638456945664     
          66           7  0.943804433986458     
          67           8  0.941338652178675     
          68          12  0.941116055140191     
          69          13  0.943112905271728     
          70          19  0.942559711307573     
          71          23  0.943290486603336     
          72          24  0.944548794328638     
          73          25  0.944925941818387     
          74          26  0.944691817745405     
          75          29  0.944660006608527     
          76          30  0.944934804827518     
          77          31  0.944730365271768     
          78          32  0.942030825425161     
          79          34  0.940439166572397     
          80          38  0.941858415553310     
          81          39  0.944140055427810     
          82          40  0.944562918269048     
          83          41  0.944603832815723     
          84          44  0.944636821014142     
          85          45  0.944855912677116     
          86          46  0.944600300898227     
          87          47  0.941981788282521     
          88          49  0.939216588655585     
          89          50  0.942116813642261     
          90          51  0.940985842520435     
          91          53  0.939702941655775     
          92          54  0.943178419237230     
          93          55  0.944603409739741     
          94          56  0.942188699428049     
