           2           1  0.953664631324962     
           3           2  0.953922652626961     
           4           2  0.946691049701198     
           5           4   1.40158620427723     
           6           5   1.43181472581132     
           7           6   1.41582656939469     
           8           7   1.45061686076357     
           9           4   1.33306163399306     
           9           8   1.35703621767620     
          10           9   1.02796447010802     
          11          10  0.949816163194243     
          12          11   1.38977305064855     
          13          12   1.43535180274322     
          14          13   1.41392270720277     
          15          14   1.41198325289133     
          16          15  0.738119012469304     
          17          16   1.76677988207261     
          18          16   1.77085141040487     
          19          16  0.729067673806791     
          20          19   1.42209474968504     
          21          20   1.35586421803113     
          22          21  0.987641131808235     
          23          22   1.04729915920400     
          24          23   1.37265998194059     
          25          24   1.44872182675155     
          26          25   1.39691681784945     
          27          26   1.45862862398812     
          28          23   1.26745784192285     
          28          27   1.35488899793123     
          29          28   1.08484805181195     
          30          29   1.35434020003117     
          31          30   1.45923852944427     
          32          31   1.39651466068662     
          33          32   1.44917942936108     
          34          22   1.04663568895421     
          34          29   1.26843439128667     
          34          33   1.37286737412773     
          35          21   1.38891972004939     
          36          35   1.38573756739836     
          37          36  0.988909728936478     
          38          37   1.04796491163121     
          39          38   1.37296189961595     
          40          39   1.44782186808469     
          41          40   1.39767092050369     
          42          41   1.45772203141922     
          43          38   1.26607196741369     
          43          42   1.35535940645147     
          44          43   1.08443300967194     
          45          44   1.35318355618067     
          46          45   1.45981459079037     
          47          46   1.39553468266135     
          48          47   1.44911491094205     
          49          37   1.04374476169494     
          49          44   1.27002220899803     
          49          48   1.37251034337492     
          50          19   1.41599055380017     
          50          36   1.35842660835030     
          51          11   1.37332955154894     
          51          15   1.41128478072142     
          52          10   1.02582551543891     
          53          52   1.35614509244420     
          54          53   1.45033014216999     
          55          54   1.41585617642796     
          56          55   1.43152855744844     
          57           2  0.946642172698972     
          57          52   1.33349215619105     
          57          56   1.40156001584653     
          58           1  0.977629969365200     
          59           1  0.975889406567299     
          60           1  0.975816552852694     
          61           3  0.975521674655172     
          62           3  0.975823261774697     
          63           3  0.976122899461510     
          64           5  0.942426403028024     
          65           6  0.944792660234632     
          66           7  0.943934644933154     
          67           8  0.941933319640430     
          68          12  0.942588610212585     
          69          13  0.937699617163399     
          70          14  0.943781863427464     
          71          20  0.941943097921381     
          72          24  0.943207882934451     
          73          25  0.944621078281390     
          74          26  0.944930290294578     
          75          27  0.944624815363141     
          76          30  0.944679680749695     
          77          31  0.944959487826185     
          78          32  0.944650472258858     
          79          33  0.943176399446563     
          80          35  0.938921966098644     
          81          39  0.943218052981287     
          82          40  0.944619246181261     
          83          41  0.944912733257154     
          84          42  0.944499190652265     
          85          45  0.944549507016484     
          86          46  0.944519347859293     
          87          47  0.943985616794130     
          88          48  0.942292664921234     
          89          50  0.935135067541495     
          90          51  0.942373351031199     
          91          53  0.941453300744750     
          92          54  0.942619846643277     
          93          55  0.944078147962155     
          94          56  0.942267933108566     
