           2           1   2.81829284781316     
           3           2   1.06513829313993     
           4           3   1.28460431267398     
           5           4  0.981667829079235     
           6           5   1.07395852486852     
           7           6   1.02866480567361     
           8           7   1.36221360052334     
           9           8   1.44160993760429     
          10           9   1.42258840798297     
          11          10   1.42163633462459     
          12           7   1.35672762162732     
          12          11   1.44721852765851     
          13           6   1.60689902675797     
          14          13   1.12824664627506     
          15          14   1.34495525916898     
          16          15   1.46974356044985     
          17          16   1.39106105746142     
          18          17   1.45121171260411     
          19           5   1.04553014767809     
          19          14   1.25739590349355     
          19          18   1.37356742745583     
          20           4   1.41473420122360     
          21          20   1.36216163890714     
          22          21  0.992753546250895     
          23          22   1.07192791698212     
          24          23   1.01425988476221     
          25          24   1.36522006258716     
          26          25   1.44215453056877     
          27          26   1.42539201656127     
          28          27   1.42268618221551     
          29          24   1.36458072836535     
          29          28   1.44429329698880     
          30          23   1.62163935935371     
          31          30   1.12308791950718     
          32          31   1.34784119444886     
          33          32   1.46757963993126     
          34          33   1.39297174874724     
          35          34   1.44994798575878     
          36          22   1.04457068936297     
          36          31   1.25923585430376     
          36          35   1.37442895701196     
          37          21   1.37613209770649     
          38           3   1.29696554897381     
          38          37   1.40186554248707     
          39          38  0.982249728006718     
          40          39   1.07590164385999     
          41          40   1.02253235558510     
          42          41   1.36362973333433     
          43          42   1.44259066860305     
          44          43   1.42264458629313     
          45          44   1.42274882662225     
          46          41   1.36086394928462     
          46          45   1.44520238596744     
          47          40   1.61118934332509     
          48          47   1.12672592357349     
          49          48   1.34555915222287     
          50          49   1.46971433491716     
          51          50   1.39101533399615     
          52          51   1.45139125531493     
          53          39   1.04534358449924     
          53          48   1.25771203918795     
          53          52   1.37331920992355     
          54           8  0.943304730100839     
          55           9  0.945922545708649     
          56          10  0.946815865899134     
          57          11  0.945393576760440     
          58          12  0.946312932329223     
          59          15  0.944513239457299     
          60          16  0.944574303821918     
          61          17  0.944250469131981     
          62          18  0.943562605428238     
          63          20  0.939272036294537     
          64          25  0.946780857708901     
          65          26  0.945336224819214     
          66          27  0.946656665328056     
          67          28  0.945299279064177     
          68          29  0.946082308513428     
          69          32  0.944538028059220     
          70          33  0.944527877900342     
          71          34  0.943900155259329     
          72          35  0.939690754995394     
          73          37  0.940168676818377     
          74          42  0.945389775840780     
          75          43  0.945839064304666     
          76          44  0.946784712907172     
          77          45  0.945476788983783     
          78          46  0.946646314152963     
          79          49  0.944573568231718     
          80          50  0.944628156795562     
          81          51  0.944184598376952     
          82          52  0.938735492729964     
