 -4.817300905176936E-002
 -3.502393264048909E-002
 -4.585874065911799E-002
  5.398034410470798E-002
 -0.127905941743405     
  5.399169034632267E-002
 -4.665171071950880E-002
 -3.521153887494854E-002
 -4.856493808560369E-002
 -3.499141868420708E-002
 -4.625350346948398E-002
  4.278730965696198E-002
 -4.518223026112889E-002
 -4.148621427576504E-002
  2.782163188281883E-002
 -2.277797384576274E-002
 -4.396602566002894E-002
 -2.255982215197427E-002
 -4.400266445506418E-002
  4.280250675716601E-002
 -0.127837537622102     
  5.396119991712611E-002
 -4.619162623483852E-002
 -3.509321681700950E-002
 -4.858039930049074E-002
 -3.531118272731248E-002
 -4.683233507607643E-002
  5.402795464643440E-002
 -4.597065502876063E-002
 -3.484968988330817E-002
 -4.826521258486594E-002
 -3.509714215657311E-002
 -4.636737663001611E-002
 -4.481941406119905E-002
 -4.171641135390303E-002
  2.789432453856389E-002
 -9.297657001181925E-002
  6.186374163008290E-002
 -3.358812045491710E-002
 -3.187707063155543E-002
 -3.623385388584310E-003
  7.423146014446491E-003
 -2.871812408178975E-002
 -2.120835091483375E-002
  4.365563331338951E-002
 -0.178016047956158     
  3.604294177189926E-002
  3.554976114023001E-002
 -0.176792984453662     
  4.473902622593506E-002
 -2.868494473323224E-002
 -3.373381106384610E-002
 -3.403554822761290E-002
 -4.612175794533968E-002
 -3.502574553755355E-002
  3.815067307475850E-002
  4.135302430508636E-002
  3.777384370420156E-002
  3.761149162007171E-002
  4.117621106023317E-002
  3.794954259703442E-002
  4.119199042313193E-002
  3.761406445076276E-002
  4.606188720471815E-002
  4.726188544033949E-002
  4.448920283305269E-002
  4.465712007610523E-002
  3.784644982898022E-002
  4.136447001866450E-002
  3.810070887687123E-002
  4.118893936547552E-002
  3.758782042077591E-002
  3.766839236063768E-002
  4.124183381351987E-002
  3.801463447184794E-002
  4.121668374889109E-002
  3.763395326580865E-002
  4.585596403218040E-002
  4.683317818570432E-002
  4.318160544833771E-002
  4.557475689512458E-002
  4.610600748517835E-002
  4.677098321050888E-002
  5.591037442640656E-002
  5.607117277909301E-002
  4.346159388002924E-002
  4.447305640595067E-002
  4.288474290024158E-002
  3.778112740389450E-002
  4.134372749589244E-002
