           2           1   2.82744450981932     
           3           2   1.05415279459863     
           4           3   1.24287012461674     
           5           4   1.55657417923989     
           6           5   1.27139897254628     
           7           6   1.22181794246964     
           8           7   1.54585575678893     
           9           8  0.978514744327469     
          10           9   1.36775854906721     
          11          10   1.45400332266745     
          12          11   1.37071808657003     
          13          12  0.969287834359766     
          14          13   1.00173602703982     
          15          14   1.39351328088439     
          16          15   1.41587661550511     
          17          16   1.44086028495025     
          18          17   1.41285788547299     
          19          14   1.30619882730799     
          19          18   1.40813701667282     
          20          19   1.00863805120580     
          21          20   1.00958691553051     
          22          21   1.40903518377216     
          23          22   1.41254594430147     
          24          23   1.43989773024978     
          25          24   1.41819698069382     
          26          13   1.00941625576729     
          26          21   1.30466213296309     
          26          25   1.39089873456119     
          27          12   1.38629267331060     
          28           9   1.38408170600798     
          28          27   1.43588929263908     
          29           8   1.14193695333501     
          30          29  0.977827413048802     
          31          30   1.38426286725131     
          32          31   1.43585556767293     
          33          32   1.38624348084104     
          34          33  0.969315534447255     
          35          34   1.00190274977776     
          36          35   1.39349592839686     
          37          36   1.41583931021111     
          38          37   1.44091329260345     
          39          38   1.41277750297758     
          40          35   1.30609753678001     
          40          39   1.40821752800182     
          41          40   1.00865799256945     
          42          41   1.00952339135089     
          43          42   1.40905446890887     
          44          43   1.41252109031870     
          45          44   1.43993568580173     
          46          45   1.41815926103246     
          47          34   1.00930780021623     
          47          42   1.30469298024787     
          47          46   1.39094756901097     
          48          33   1.37083419584368     
          49          30   1.36808220113740     
          49          48   1.45383022954357     
          50          29   1.55168622890289     
          51           6   1.20814832010675     
          51          50   1.21147309414576     
          52           3   1.43758016381921     
          52          51   1.29728011801433     
          53           4  0.943815626589172     
          54           5  0.941315148069636     
          55          10  0.943520494662223     
          56          11  0.941676946065056     
          57          15  0.936604742887651     
          58          16  0.943077631838211     
          59          17  0.944200586078004     
          60          18  0.945512021666070     
          61          22  0.945800608900739     
          62          23  0.944663339163351     
          63          24  0.943992697231454     
          64          25  0.942287902364576     
          65          27  0.944220254841881     
          66          28  0.944227767095606     
          67          31  0.944214089486520     
          68          32  0.944218089798613     
          69          36  0.936585593820668     
          70          37  0.943092343371307     
          71          38  0.944209205553483     
          72          39  0.945513520935705     
          73          43  0.945803531116330     
          74          44  0.944660676231143     
          75          45  0.943983213590365     
          76          46  0.942264955640085     
          77          48  0.941686904275548     
          78          49  0.943541306189977     
          79          52  0.942066692989864     
