 -8.978859747917323E-002
  2.108453883108696E-002
 -8.918789953702788E-002
 -2.345201092123173E-002
 -3.846617792674945E-002
 -3.814417658089386E-002
 -3.619836682303568E-002
 -3.765206027196921E-002
 -1.287213285617295E-002
 -2.458872665776290E-002
 -3.399154090586354E-002
 -4.500308232113337E-002
  5.400860389785533E-002
 -0.120453942963322     
  5.449088242901512E-002
 -4.483956229629715E-002
 -3.402914430394510E-002
 -4.659418725092124E-002
 -3.403167582795774E-002
 -4.484503399968087E-002
  5.401313009956832E-002
 -4.497951873263606E-002
 -3.398016282747029E-002
 -2.455982372094034E-002
 -2.215180575173559E-002
 -4.628248842511695E-002
  2.108152626106286E-002
 -8.920090541834380E-002
 -8.977411999320317E-002
 -2.345179968826727E-002
 -3.846452637942210E-002
 -3.813396184007178E-002
 -3.619723110420470E-002
 -3.764685236836751E-002
 -1.286766948483287E-002
 -4.634029018708130E-002
 -2.215944184528862E-002
  3.460278411140361E-002
  3.568542190302415E-002
  3.659152834853963E-002
  3.479259993458583E-002
  3.527636746203111E-002
  3.700079472273343E-002
  3.802069962827992E-002
  3.957646644534418E-002
  4.016601661649877E-002
  3.863486277381656E-002
  4.535653317150135E-002
  4.231082571402489E-002
  3.820844679111268E-002
  4.171348356929250E-002
  3.847698979119296E-002
  4.171417496596019E-002
  3.822145442372893E-002
  4.230981720867322E-002
  4.535794503867163E-002
  4.063609952273861E-002
  3.699834927410994E-002
  3.478178102343321E-002
  3.525936732380541E-002
  3.569916332168599E-002
  3.659152244724939E-002
  3.461849145867424E-002
  3.802241440783094E-002
  3.958027245487372E-002
  4.016615664467327E-002
  3.863565937500646E-002
  4.064374529704662E-002
