 -4.752789553994763E-002
 -3.903697700200315E-002
 -4.558336545222996E-002
  3.583562613174340E-002
 -2.741986472079017E-002
 -3.566458403698469E-002
 -2.742195445073836E-002
 -3.566485124257213E-002
 -4.752867600387489E-002
 -3.903297953698726E-002
 -4.557748727350752E-002
  3.584615406263714E-002
 -9.137596807093740E-002
  7.024306309479522E-002
 -4.127519515825906E-002
  7.025108941469860E-002
 -9.130781533302290E-002
  3.571813375193900E-002
 -4.577353361338155E-002
 -3.909502845449797E-002
 -4.754708614966496E-002
 -3.571006334645777E-002
 -2.744528318338801E-002
 -2.747398309715443E-002
 -3.573387058049615E-002
 -4.738337384563884E-002
 -3.853941800075233E-002
 -4.399439337445443E-002
  3.570692998206626E-002
 -4.288916802893805E-002
  7.023346394475727E-002
 -9.136488184745950E-002
  3.569163837840339E-002
 -4.577694776760843E-002
 -3.910354683966943E-002
 -4.756286691140588E-002
 -3.571301860909593E-002
 -2.745961860120261E-002
 -2.748583336232535E-002
 -3.573494939722810E-002
 -4.740038073842801E-002
 -3.853817080564070E-002
 -4.398996599842420E-002
  3.571959623734200E-002
 -4.129060129893602E-002
  4.025840434029571E-002
  4.329517358127866E-002
  4.125049216311538E-002
  4.239137915009639E-002
  4.239018230534830E-002
  4.025785442036089E-002
  4.329599506559589E-002
  4.125429774553890E-002
  4.584218402674778E-002
  4.135129929680426E-002
  4.333324289930240E-002
  4.027261063650178E-002
  4.242159835282011E-002
  4.232660705676761E-002
  4.033308702300187E-002
  4.366748926295039E-002
  4.117731713813400E-002
  4.640889101791013E-002
  4.133244537426961E-002
  4.332981626709276E-002
  4.026880765530483E-002
  4.242015638556107E-002
  4.232419794823583E-002
  4.033077644422045E-002
  4.366280109576370E-002
  4.114897145281027E-002
  4.583182456983215E-002
