 -0.192309613165084     
  0.108753568331967     
  2.098318172773483E-002
  7.198654627568990E-002
 -9.795922485525121E-002
  3.693252913894973E-002
 -4.382063293123739E-002
 -3.534380338187315E-002
 -4.331126146410913E-002
 -3.222402123136447E-002
 -2.047619538071377E-002
 -2.075747493420899E-002
 -3.216360290288378E-002
 -4.303359220560132E-002
 -3.461577701553242E-002
 -4.318270739392371E-002
  3.632570433711280E-002
  7.197335894837975E-002
 -9.794779043323487E-002
  3.633648520559873E-002
 -4.320512120850228E-002
 -3.462757574921760E-002
 -4.305466046881534E-002
 -3.217107589019808E-002
 -2.077048122185499E-002
 -2.048948822216801E-002
 -3.222622698746491E-002
 -4.332414550225128E-002
 -3.534730776354422E-002
 -4.383069210949042E-002
  3.694768566905759E-002
  2.096136556693695E-002
  0.108773409084751     
 -0.192315040451598     
  7.201255074051360E-002
 -9.787549338768109E-002
  3.694099736067669E-002
 -4.384590997006921E-002
 -3.532465931955819E-002
 -4.331557071969083E-002
 -3.222525355355188E-002
 -2.051281114330195E-002
 -2.078839596695392E-002
 -3.216874312118190E-002
 -4.305438178361065E-002
 -3.462532030172483E-002
 -4.322920497927196E-002
  3.635568002156919E-002
  7.201477932163858E-002
 -9.789226929137307E-002
  3.694612515871443E-002
 -4.383318257798408E-002
 -3.532788172073698E-002
 -4.331072329615981E-002
 -3.222384280236490E-002
 -2.051123933887666E-002
 -2.078427630132840E-002
 -3.216594128597094E-002
 -4.304206017181844E-002
 -3.462043552472771E-002
 -4.322202693345467E-002
  3.633978284679751E-002
  3.889096916810952E-002
  4.402244936268529E-002
  4.087206315430858E-002
  4.310374617297152E-002
  4.277861853373222E-002
  4.040299403487568E-002
  4.418460198193841E-002
  3.869894953267872E-002
  3.869745750904796E-002
  4.418118041436192E-002
  4.039877532269998E-002
  4.277705251284714E-002
  4.310114861321368E-002
  4.086845461834832E-002
  4.401858669243197E-002
  3.887479541006700E-002
  3.888437460765126E-002
  4.402706223643982E-002
  4.087195589888848E-002
  4.310435282776159E-002
  4.278301040308941E-002
  4.040532985202050E-002
  4.418490398568753E-002
  3.870859065508359E-002
  3.888376513198644E-002
  4.402600949057933E-002
  4.087495219272486E-002
  4.310765986082854E-002
  4.278585346962316E-002
  4.040773250801433E-002
  4.418602196665222E-002
  3.870996850405106E-002
