           2           1   1.00647147450652     
           3           2   1.26394433392150     
           4           3   1.56767338753433     
           5           4   1.25150915838282     
           6           5   1.27923395555493     
           7           6   1.43109504278875     
           8           7   1.09350659754672     
           9           8   1.32717868405170     
          10           9   1.48247157646454     
          11          10   1.34673214200129     
          12          11   1.00240146389238     
          13          11   1.43261260173577     
          14           8   1.28179620192586     
          14          13   1.34588023917398     
          15          14   1.07300286457957     
          16          15   1.34312809547479     
          17          16   1.47009186988153     
          18          17   1.38176842155655     
          19          18   1.47458057715714     
          20          15   1.28414935361910     
          20          19   1.33244745878959     
          21           7   1.15933427912499     
          21          20   1.09037908320074     
          22          21   1.43566205088765     
          23           5   1.17835062886953     
          23          22   1.27266315599137     
          24           2   1.51547159883453     
          24          23   1.26223243581404     
          25           3  0.941277758215610     
          26           4  0.941497993896823     
          27           9  0.941606136150157     
          28          10  0.941650358889907     
          29          13  0.938576419684763     
          30          16  0.942767564627427     
          31          17  0.945544970157518     
          32          18  0.945324857930534     
          33          19  0.943731508442438     
          34          24  0.940364367151514     
