           2           1   1.81375529631959     
           3           2  0.955445227787658     
           4           3   1.36734422710481     
           5           4   1.45062796438761     
           6           5   1.36436725699820     
           7           6  0.962838693272979     
           8           7   1.81127630203432     
           9           7  0.999491247812241     
          10           9   1.34048429285240     
          11          10   1.47502487497124     
          12          11   1.34538994735195     
          13          12   1.02901050578962     
          14          13  0.988210005690587     
          15          14   1.37524383598380     
          16          15   1.44187471695980     
          17          16   1.42531992464668     
          18          17   1.42488182784544     
          19          14   1.37388995006398     
          19          18   1.44220371280522     
          20          13  0.987411719153537     
          21          20   1.37428650157174     
          22          21   1.44198047859897     
          23          22   1.42499168983367     
          24          23   1.42536554685875     
          25          20   1.37547899457078     
          25          24   1.44177766524441     
          26          12   1.34721144912988     
          27           9   1.34526110406062     
          27          26   1.47172905951166     
          28           6   1.36301136242221     
          29           3   1.36495336290260     
          29          28   1.45266153554279     
          30           2   1.00413813270242     
          31          30   1.34336567428288     
          32          31   1.47318749877226     
          33          32   1.34645852971399     
          34          33   1.03026333457523     
          35          34  0.987312744009062     
          36          35   1.37417965153850     
          37          36   1.44204196843490     
          38          37   1.42495709472472     
          39          38   1.42540738716028     
          40          35   1.37559793528241     
          40          39   1.44171189397477     
          41          34  0.987746435238150     
          42          41   1.37406057321784     
          43          42   1.44216713093160     
          44          43   1.42488258610784     
          45          44   1.42542567239535     
          46          41   1.37542359505451     
          46          45   1.44172066224931     
          47          33   1.34377696413584     
          48          30   1.33746169269129     
          48          47   1.47724264155259     
          49           4  0.945218172134483     
          50           5  0.943160879962057     
          51          10  0.943561471906347     
          52          11  0.943073384569675     
          53          15  0.946348154190106     
          54          16  0.945257405911083     
          55          17  0.946461750592221     
          56          18  0.945188834802342     
          57          19  0.946281288760175     
          58          21  0.946287306159350     
          59          22  0.945183589929568     
          60          23  0.946474515903438     
          61          24  0.945262436016368     
          62          25  0.946351293300400     
          63          26  0.943476588868270     
          64          27  0.941538899553529     
          65          28  0.945016939961702     
          66          29  0.943867890664499     
          67          31  0.941063055319336     
          68          32  0.943421765788905     
          69          36  0.946224633590311     
          70          37  0.945172553497565     
          71          38  0.946468437490179     
          72          39  0.945263911153282     
          73          40  0.946382483544819     
          74          42  0.946342126021620     
          75          43  0.945186378408911     
          76          44  0.946453699374795     
          77          45  0.945248153558704     
          78          46  0.946319484974752     
          79          47  0.943146782004875     
          80          48  0.943496060734200     
