 -8.860829607213372E-002
  6.938182974222773E-003
 -0.113190066188757     
  6.569487809270136E-003
 -8.862743716530819E-002
  6.127300394064550E-002
 -6.331127492458233E-002
 -4.160367881523275E-002
 -3.133449728232574E-002
  9.405465218924958E-002
 -7.192724818691687E-002
 -0.115284409407494     
  0.223775701774422     
 -0.282587684026867     
 -3.881681181421381E-002
  0.223867479349046     
 -0.280579169055078     
 -0.115375543008914     
  9.672702031159419E-002
 -6.244931775517060E-002
  6.727474290203217E-002
 -0.119181862218960     
  4.554501921792431E-002
 -3.718456620441302E-002
 -3.379294575035452E-002
 -3.578968315607600E-002
 -3.124467469152492E-002
 -2.508125912284775E-003
 -9.441222414968919E-003
 -2.774008014577944E-003
 -3.103641528598633E-002
 -3.420764030030998E-002
 -3.081191770511360E-002
 -3.457753536105734E-002
  4.516191424851002E-002
 -5.750352036819795E-002
 -3.814788463945273E-002
 -2.385249369768161E-002
  1.304287682290184E-002
  3.951729205408649E-002
  3.259444679204115E-002
  2.880440067521917E-002
  4.963711470586374E-002
  4.522281899870551E-002
  4.707357437836612E-002
  4.589376570030268E-002
  3.063973056213287E-002
  3.115383864766652E-002
  3.873308608007242E-002
  4.432534026609969E-002
  5.419478646750020E-002
  4.200062551657668E-002
  4.320456423019403E-002
  4.179627689125742E-002
  4.493081714144587E-002
  4.413769156169856E-002
  4.647244709352616E-002
  4.603383363588587E-002
  4.438962468466345E-002
  4.611524003254630E-002
  4.285677410603717E-002
  4.556112304135851E-002
  5.623063462087186E-002
