           2           1   2.81830629156940     
           3           2   1.06229606091122     
           4           3   1.33263706877320     
           5           4   1.46465755437753     
           6           5   1.36205003932717     
           7           6  0.996747510869937     
           8           7   1.38584104445163     
           9           8   1.39247810489190     
          10           9  0.989456544130729     
          11          10   1.37848710462778     
          12          11   1.43824638101145     
          13          12   1.42871610197684     
          14          13   1.42453784460921     
          15          10   1.37559980760659     
          15          14   1.44252617790987     
          16           9   1.31488769965946     
          17          16  0.997215275685054     
          18          17   1.36388501380183     
          19          18   1.45863084470289     
          20          19   1.36117054406126     
          21          20   1.00247196984298     
          22          21  0.995774426880246     
          23          22   1.37167464307541     
          24          23   1.44361872508983     
          25          24   1.42414541314417     
          26          25   1.42449366485543     
          27          22   1.37213082713168     
          27          26   1.44320095453364     
          28          21  0.996257106469931     
          29          28   1.37161692273324     
          30          29   1.44347914170806     
          31          30   1.42428509231405     
          32          31   1.42432209502043     
          33          28   1.37186074578935     
          33          32   1.44341050877947     
          34          20   1.36511586505129     
          35          17   1.36719721187778     
          35          34   1.45417417312012     
          36          16   1.38561558548837     
          37           7   1.31469105957171     
          37          36   1.39183396511164     
          38          37  0.991220709945887     
          39          38   1.37504941552570     
          40          39   1.44242790705554     
          41          40   1.42476833214870     
          42          41   1.42816641044320     
          43          38   1.37764619579274     
          43          42   1.43893134010946     
          44           6   1.36506215356814     
          45           3   1.33627099322797     
          45          44   1.46056967456606     
          46           4  0.944857880817919     
          47           5  0.943507295165009     
          48           8  0.941249620282278     
          49          11  0.947241064127240     
          50          12  0.946470622945892     
          51          13  0.947456991978117     
          52          14  0.946411206460811     
          53          15  0.946311886612526     
          54          18  0.942685107117549     
          55          19  0.944203100318391     
          56          23  0.946281611110836     
          57          24  0.945313727050764     
          58          25  0.946598002678437     
          59          26  0.945300434141694     
          60          27  0.946313048416638     
          61          29  0.946278818955147     
          62          30  0.945296817348779     
          63          31  0.946587134606084     
          64          32  0.945302366650239     
          65          33  0.946332392189129     
          66          34  0.944290017625467     
          67          35  0.944032590330133     
          68          36  0.940916230858448     
          69          39  0.946166255233317     
          70          40  0.946356172013425     
          71          41  0.947410977830928     
          72          42  0.946437732381517     
          73          43  0.947145303392803     
          74          44  0.944712287133641     
          75          45  0.944920257244980     
