           2           1  0.994368490044776     
           3           2   1.41258825501673     
           4           3   1.38198021087189     
           5           4  0.944439625231852     
           6           5   1.01607852070444     
           7           6   1.37405473491254     
           8           7   1.42952145009520     
           9           8   1.42789222102707     
          10           9   1.42061239003163     
          11           6   1.32612872274684     
          11          10   1.40348765413529     
          12          11   1.00914744991967     
          13          12   1.00859845272959     
          14          13   1.40383675383964     
          15          14   1.42041781792314     
          16          15   1.42801997034236     
          17          16   1.42941554666299     
          18           5   1.01575055450693     
          18          13   1.32617447564144     
          18          17   1.37442377453955     
          19           4   1.38748839694852     
          20          19   1.44170572067964     
          21           2   1.32665421977710     
          21          20   1.37475743012579     
          22          21   1.00802796171210     
          23          22   1.37796156537156     
          24          23   1.37728254652238     
          25          24   1.00906800498623     
          26          25   1.37436033948475     
          27          26   1.44175375557127     
          28          27   1.38767389400885     
          29          28  0.943397751190851     
          30          29   1.01564708230704     
          31          30   1.37429313192511     
          32          31   1.42946753570942     
          33          32   1.42801495230777     
          34          33   1.42047076435412     
          35          30   1.32635320886946     
          35          34   1.40372598100908     
          36          35   1.00863065695821     
          37          36   1.00908706571851     
          38          37   1.40400823402305     
          39          38   1.42017669125530     
          40          39   1.42818136649760     
          41          40   1.42923605738862     
          42          29   1.01687294898043     
          42          37   1.32562412471551     
          42          41   1.37419879677241     
          43          28   1.38242013228946     
          44          25   1.32632891421715     
          44          43   1.41251354474175     
          45          44  0.994454874472648     
          46          24   1.33199180525358     
          47          46   1.43687915883694     
          48          22   1.33239165748690     
          48          47   1.43658114567518     
          49           1  0.977722090599572     
          50           1  0.965873274625322     
          51           1  0.970775472837033     
          52           3  0.943131022022419     
          53           7  0.941172390636965     
          54           8  0.944032554948203     
          55           9  0.944021055893359     
          56          10  0.943855119187971     
          57          14  0.943875296221812     
          58          15  0.944011794562551     
          59          16  0.943938957606098     
          60          17  0.940792237855976     
          61          19  0.944286188371866     
          62          20  0.941315984008052     
          63          23  0.943428914531292     
          64          26  0.941241490173119     
          65          27  0.944289849864277     
          66          31  0.941002325633493     
          67          32  0.943956115901450     
          68          33  0.944023455906776     
          69          34  0.943886724524477     
          70          38  0.943872238604491     
          71          39  0.944029848083053     
          72          40  0.944026617437950     
          73          41  0.941092963148745     
          74          43  0.943188608453794     
          75          45  0.970814055130133     
          76          45  0.977661349159038     
          77          45  0.965734868396060     
          78          47  0.947657471591288     
