           2           1  0.993854256574842     
           3           2   1.03517330543960     
           4           3   1.33166265103676     
           5           4   1.47099026917790     
           6           5   1.35971546488616     
           7           6   1.27321461938641     
           8           3   1.40313041114381     
           8           7   1.35037794350056     
           9           7   1.08634114428661     
          10           9   1.35426821129821     
          11          10   1.45925428041549     
          12          11   1.39474531702160     
          13          12   1.45143376294408     
          14           9   1.26389409964688     
          14          13   1.36908465666175     
          15           6   1.04089901259538     
          15          14   1.05493231953367     
          16          15  0.974896618494177     
          17          16   1.41003023334433     
          18          17   1.37458803672217     
          19          18   1.33861740573045     
          20          19   1.40646657313810     
          21          16   1.32019641169218     
          21          20   1.39711653018691     
          22          21  0.972043465911593     
          23          22   1.05234097523874     
          24          23   1.36998655588317     
          25          24   1.45069611889872     
          26          25   1.39576487046048     
          27          26   1.45871736911227     
          28          23   1.26561152445823     
          28          27   1.35481513408994     
          29          28   1.08641412348551     
          30          29   1.35564469990840     
          31          30   1.45803703440234     
          32          31   1.39617723829211     
          33          32   1.44964839390605     
          34          22   1.05202736639618     
          34          29   1.26349006246218     
          34          33   1.37026056262632     
          35          19  0.970243517969491     
          36          35  0.972049679521921     
          37          36   1.40358166895360     
          38          37   1.43370307254772     
          39          38   1.42000095757106     
          40          39   1.44594546566512     
          41          36   1.34878739693574     
          41          40   1.37567416751046     
          42          18   1.01967404311227     
          42          41   1.01112995885168     
          43           1  0.989364305060094     
          44           1  0.980319029146471     
          45           1  0.980346372378093     
          46           4  0.945239252382308     
          47           5  0.942227098858054     
          48           8  0.943273190743668     
          49          10  0.944873191457506     
          50          11  0.945245878112871     
          51          12  0.944709857491529     
          52          13  0.942847339078920     
          53          17  0.941950219396739     
          54          20  0.939940994286135     
          55          24  0.942886332493300     
          56          25  0.944640501438536     
          57          26  0.945279587878143     
          58          27  0.944875158472920     
          59          30  0.944689767383523     
          60          31  0.945158840270509     
          61          32  0.944879476926005     
          62          33  0.943927261603867     
          63          35  0.951485398448234     
          64          35  0.946647790903870     
          65          37  0.945060134552455     
          66          38  0.945181430215963     
          67          39  0.944985585925398     
          68          40  0.946883409120005     
