 -0.226335229748405     
  2.214644531143684E-002
 -3.709261567785838E-003
 -4.711477890216376E-002
 -3.401177231787766E-002
 -4.428276249292296E-002
  3.263168714769726E-003
 -1.266756788836965E-002
 -3.042753744622928E-003
 -4.008977156143168E-002
 -3.531313951848958E-002
 -3.524846671264736E-002
 -3.980575504630224E-002
 -3.006439355717205E-003
 -1.266305830598480E-002
  3.256700071080587E-003
 -4.433347623625128E-002
 -3.402974417601001E-002
 -4.717090603328167E-002
 -3.685604882399218E-003
  2.217794410226626E-002
 -0.226275103062898     
 -5.212529952016443E-002
 -3.052710398428360E-003
 -4.006495409308819E-002
 -3.531023338007522E-002
 -3.526076848143678E-002
 -3.981551356884960E-002
 -3.014858316043423E-003
 -5.212355719814266E-002
  0.146144673938248     
  4.610888840591187E-002
  4.005795093957532E-002
  3.920203675937595E-002
  4.099591540256242E-002
  3.867477110799922E-002
  4.202252818653029E-002
  4.059758575735017E-002
  4.071425423410113E-002
  4.231378282994325E-002
  3.865221620903148E-002
  4.098708255419581E-002
  3.919972100327362E-002
  4.611069850485439E-002
  4.007364486344844E-002
  0.146160944382375     
  3.451926911203240E-002
  4.200882235780445E-002
  4.059758279162906E-002
  4.071060221657474E-002
  4.231623794323669E-002
  3.454001881015101E-002
