           2           1   1.43175063734413     
           3           2   1.43093399168928     
           4           3   1.39824289786176     
           5           4  0.939525595502615     
           6           5   1.03554243300425     
           7           6   1.35461806766984     
           8           7   1.45057935484634     
           9           8   1.41618332317239     
          10           9   1.42922167869978     
          11           6   1.32875886586851     
          11          10   1.40620133791943     
          12          11  0.928774494890517     
          13          12  0.928837182215589     
          14          13   1.43153070876538     
          15          14   1.41160810386834     
          16          15   1.42727840659123     
          17          16   1.43555910839718     
          18          13   1.30011200466014     
          18          17   1.37025140962202     
          19          18   1.05260946359660     
          20          19   1.38761643015660     
          21          20   1.38681551677229     
          22          21   1.45621393329838     
          23          22   1.36586960715584     
          24          12  0.917337534713499     
          24          19   1.25683512368411     
          24          23   1.45064436167410     
          25          12  0.929135441073142     
          26          25   1.40614468274050     
          27          26   1.42924195841856     
          28          27   1.41619191776446     
          29          28   1.45057831445031     
          30           5   1.03534883987866     
          30          25   1.32891399995075     
          30          29   1.35462950801685     
          31           4   1.39253376528630     
          32           1   1.42950557012662     
          32          31   1.43321347886119     
          33           1  0.946139963241255     
          34           2  0.945218488250032     
          35           3  0.947254308145558     
          36           7  0.941778545942983     
          37           8  0.943743232968072     
          38           9  0.944576142778778     
          39          10  0.943058185831790     
          40          14  0.945957263029197     
          41          15  0.945490556702839     
          42          16  0.945085601670282     
          43          17  0.944861914213459     
          44          21  0.947542573889375     
          45          22  0.947837364665429     
          46          26  0.943118855946658     
          47          27  0.944585836045778     
          48          28  0.943751707802824     
          49          29  0.941825019741917     
          50          31  0.947463714241470     
          51          32  0.945187339514262     
