           2           1  0.991761962852374     
           3           2   1.39429641140201     
           4           3   1.44163051611360     
           5           4   1.36657381755595     
           6           5   1.00287255652848     
           7           6   1.00243634314444     
           8           7   1.36380601388864     
           9           8   1.44537511007069     
          10           9   1.39080226699654     
          11          10  0.991866277818166     
          12          10   1.38847327286554     
          13           7   1.36534000610686     
          13          12   1.44874059182241     
          14           6  0.976820009419428     
          15          14   1.30207615610612     
          16          15   1.22190133255454     
          17          16   1.59132240181535     
          18          17   1.26834122967092     
          19          18   1.59423099901613     
          20          15   1.17493292729407     
          20          19   1.21656680693860     
          21          20   1.30873339493538     
          22          21  0.969513756490795     
          23          22   1.37952262629273     
          24          23   1.43016301608124     
          25          24   1.40670431793267     
          26          25  0.809709226702467     
          27          26   1.71261994237665     
          28          26  0.809367183006496     
          29          28   1.41084669147643     
          30          29   1.42406940918165     
          31          30   1.42945095965278     
          32          31   1.43121991174791     
          33          28   1.41330459954468     
          33          32   1.42344840564346     
          34          26  0.809069821001655     
          35          34   1.41328304450857     
          36          35   1.42350746144801     
          37          36   1.43111573253991     
          38          37   1.42963158502172     
          39          34   1.41105530526521     
          39          38   1.42387487016578     
          40          25   1.40807823702659     
          41          22   1.37997092578298     
          41          40   1.43076747142340     
          42          21   1.30858716131708     
          43          42   1.21649499654108     
          44          43   1.59424878600080     
          45          44   1.26837256732070     
          46          45   1.59128132103879     
          47          14   1.30190274640978     
          47          42   1.17496507438002     
          47          46   1.22194128066919     
          48           5   1.36226578146291     
          49           2   1.38505932926977     
          49          48   1.45258822965784     
          50           1  0.979545526366825     
          51           1  0.973022295894048     
          52           1  0.972328189274689     
          53           3  0.944010065913960     
          54           4  0.944179636276743     
          55           8  0.944121474871608     
          56           9  0.944252577127457     
          57          11  0.978511496374466     
          58          11  0.976275455890607     
          59          11  0.969980572395394     
          60          12  0.944934046830060     
          61          13  0.944393386892296     
          62          16  0.940073942411378     
          63          17  0.945500034926382     
          64          18  0.945335795966431     
          65          19  0.940776272117525     
          66          23  0.942587768682753     
          67          24  0.942558950238746     
          68          29  0.944616743815249     
          69          30  0.943777477896638     
          70          31  0.944239133533305     
          71          32  0.943904583034511     
          72          33  0.945733715319016     
          73          35  0.945755665893265     
          74          36  0.943914120076984     
          75          37  0.944249706353314     
          76          38  0.943806053133835     
          77          39  0.944623338492850     
          78          40  0.943536639742946     
          79          41  0.942782084026927     
          80          43  0.940530465027559     
          81          44  0.945199012189427     
          82          45  0.945475411713407     
          83          46  0.940031029148402     
          84          48  0.944272914059838     
          85          49  0.945161704329220     
