 -0.236848398876789     
  0.141640520208886     
 -1.022050872840818E-002
 -2.658026690498083E-002
 -2.597803824286427E-002
 -3.003103314282995E-002
 -2.907650053931299E-002
 -3.885031131536820E-002
 -1.474021898360789E-002
 -3.299620306120854E-002
 -3.114541797520332E-002
  6.603720242021094E-002
 -9.205417945431016E-002
  3.606114384551651E-002
 -4.295084264081517E-002
 -3.786785225846323E-002
 -4.657165212591607E-002
 -3.531930542043238E-002
 -2.614484422256780E-002
 -2.538587280809246E-002
 -4.013451991139405E-002
 -1.232450121383355E-002
 -1.184804072148982E-002
 -4.004718128039020E-002
 -4.389528156314526E-002
  5.241040366185690E-002
 -0.126596685177522     
  5.386352428027497E-002
 -4.506898384405211E-002
 -3.445950949071008E-002
 -4.711594201055380E-002
 -3.467092721919141E-002
 -4.532485888961002E-002
  5.376933149354945E-002
 -4.522604507862482E-002
 -3.451487308798651E-002
 -4.705364019951119E-002
 -3.445433461749836E-002
 -4.532524451969611E-002
 -4.336243747844204E-002
 -3.903896056268064E-002
 -4.330338558937274E-002
 -4.299622871982489E-002
  3.438490763693691E-002
 -2.802685254262638E-002
 -2.115355666514152E-002
  4.435188130487688E-002
  4.016818422612900E-002
  4.088766913236819E-002
  3.912174465980078E-002
  4.117963051165940E-002
  4.849372990186296E-002
  4.259768826549859E-002
  4.168988236798177E-002
  4.405224599564839E-002
  4.071639823899065E-002
  4.262394142739279E-002
  4.339922525041839E-002
  4.188403407867336E-002
  4.020785444695552E-002
  3.792298711645992E-002
  4.152948191165429E-002
  3.832703189809317E-002
  4.136837545341743E-002
  3.773692042287613E-002
  3.779821180739262E-002
  4.150152904784832E-002
  3.835317612999356E-002
  4.147922338563093E-002
  3.781278423104861E-002
  4.035119353648320E-002
  4.259194895166507E-002
  4.454890172506354E-002
  4.276101920858610E-002
  4.360948157419120E-002
  5.147002732855199E-002
