           2           1   1.40493185189596     
           3           2   1.45451111831190     
           4           3   1.35730851350303     
           5           4   1.27145068823958     
           6           1   1.44019385768780     
           6           5   1.39189778533841     
           7           5   1.03741034873021     
           8           7   1.04996986513524     
           9           4   1.07944140597030     
           9           8   1.28479405952721     
          10           9   1.33298802843895     
          11          10   1.46955250222280     
          12          11   1.35047814594988     
          13           8   1.31779290624135     
          13          12   1.27633184969767     
          14          13   1.08544474265090     
          15          14   1.35345538889867     
          16          15   1.45757044456920     
          17          16   1.39929498169084     
          18          17   1.44452167494586     
          19          14   1.27075899708406     
          19          18   1.37981224373532     
          20          12   1.04535111555486     
          20          19   1.03039000173297     
          21          20   1.02894866848623     
          22          21   1.34405509112370     
          23          22   1.45075809511602     
          24          23   1.33717118296772     
          25          24   1.02900525264917     
          26          25   1.03045811530945     
          27          26   1.37970493064676     
          28          27   1.44459791498386     
          29          28   1.39923331714663     
          30          29   1.45763685452712     
          31          26   1.27083335679393     
          31          30   1.35338043466846     
          32          31   1.08550103562595     
          33          32   1.31785297800821     
          34          33   1.04996136971465     
          35          34   1.03742330557853     
          36          35   1.39190279197712     
          37          36   1.44018745502714     
          38          37   1.40494828527127     
          39          38   1.45448485655562     
          40          35   1.27143985973387     
          40          39   1.35733928099299     
          41          33   1.28476849968480     
          41          40   1.07939437112689     
          42          41   1.33305853956299     
          43          42   1.46946461555645     
          44          25   1.04538536604068     
          44          32   1.27622331145434     
          44          43   1.35056199406926     
          45          24   1.34450297027107     
          46          21   1.33764942936089     
          46          45   1.45026133667081     
          47           1  0.945778308089987     
          48           2  0.945032230711339     
          49           3  0.945084162769711     
          50           6  0.946061917163882     
          51          10  0.940695750789395     
          52          11  0.939016984286915     
          53          15  0.944312546191140     
          54          16  0.944778222453968     
          55          17  0.944539012595547     
          56          18  0.941326242664933     
          57          22  0.943302750049188     
          58          27  0.941298533178045     
          59          28  0.944536128343023     
          60          29  0.944777786353844     
          61          30  0.944313274470566     
          62          36  0.946060330794554     
          63          37  0.945777179999743     
          64          38  0.945032681792592     
          65          39  0.945086007962802     
          66          42  0.940697724927073     
          67          43  0.939018301086203     
          68          45  0.943334143077358     
