           2           1  0.953554388815844     
           3           2  0.953593930020757     
           4           2  0.946965796579731     
           5           4   1.40305501016654     
           6           5   1.43082359030199     
           7           6   1.41577774381136     
           8           7   1.45125853342938     
           9           4   1.33084697702013     
           9           8   1.35529416462045     
          10           9   1.03297182144835     
          11          10  0.945645626188075     
          12          11   1.35630843184095     
          13          12   1.45377994802112     
          14          13   1.37075046662504     
          15          14   1.26849375855024     
          16          11   1.42013263678734     
          16          15   1.35632255389730     
          17          15   1.08068357653524     
          18          17   1.35783482970578     
          19          18   1.41857593663625     
          20          19  0.945810450215347     
          21          20   1.03308263623955     
          22          21   1.35533119386961     
          23          22   1.45112391845074     
          24          23   1.41590515595630     
          25          24   1.43068232546048     
          26          21   1.33061920860845     
          26          25   1.40324692643683     
          27          26  0.946948851173478     
          28          27  0.953525121304830     
          29          27  0.953633154821115     
          30          27  0.946951311208536     
          31          30   1.40317001315010     
          32          31   1.43073425179822     
          33          32   1.41592955635548     
          34          33   1.45108634148094     
          35          20   1.03284336092350     
          35          30   1.33075125327445     
          35          34   1.35542256652957     
          36          19   1.35723948614414     
          37          36   1.45277370503895     
          38          17   1.26609977872550     
          38          37   1.37059908949825     
          39          14   1.04240358974797     
          39          38   1.04551680823572     
          40          39  0.996214839213030     
          41          40   1.37404750970596     
          42          41   1.43299420453335     
          43          42   1.39102248511613     
          44          43   1.38569694049428     
          45          40   1.35670476029483     
          45          44   1.41806359546496     
          46          44  0.739454020942445     
          47          46   1.75832731873052     
          48          46   1.79422738973122     
          49          46  0.743072741177325     
          50          49   1.40128531342728     
          51          50   1.41611046226721     
          52          51   1.43401775907209     
          53          52   1.41606667997684     
          54          49   1.39539574900897     
          54          53   1.40145622181538     
          55          43  0.750683758169996     
          55          54  0.744512549956356     
          56          55   1.75906521804087     
          57          55   1.79496299705240     
          58          10   1.03349719237992     
          59          58   1.35524239624646     
          60          59   1.45119748250611     
          61          60   1.41586310326483     
          62          61   1.43062505534821     
          63           2  0.946952290846955     
          63          58   1.33043412857887     
          63          62   1.40334692694087     
          64           1  0.977534250484048     
          65           1  0.975869278007955     
          66           1  0.975876474410877     
          67           3  0.975861118002436     
          68           3  0.977510076314491     
          69           3  0.975839003016938     
          70           5  0.942413294591964     
          71           6  0.944905679149117     
          72           7  0.944006686190048     
          73           8  0.941690514620469     
          74          12  0.943537254342376     
          75          13  0.939369291051048     
          76          16  0.943661443762358     
          77          18  0.943534345452861     
          78          22  0.941755465183177     
          79          23  0.944015916229872     
          80          24  0.944881283058047     
          81          25  0.942377211694928     
          82          28  0.975889806937935     
          83          28  0.975846085567034     
          84          28  0.977504250816948     
          85          29  0.975827973145634     
          86          29  0.977574981609658     
          87          29  0.975855812785694     
          88          31  0.942377737892157     
          89          32  0.944867901817211     
          90          33  0.944000233314467     
          91          34  0.941697153374312     
          92          36  0.943727240785299     
          93          37  0.939994683575476     
          94          41  0.935818665081702     
          95          42  0.934583347355117     
          96          45  0.936366758147833     
          97          50  0.938838769819040     
          98          51  0.937224852015673     
          99          52  0.937270691966724     
         100          53  0.938858253254826     
         101          59  0.941750057605698     
         102          60  0.944030881728061     
         103          61  0.944904720695349     
         104          62  0.942401079714267     
