           2           1   1.43373048722767     
           3           2   1.37989731292690     
           4           3  0.975710252150433     
           5           4   1.05561138968972     
           6           5   1.37019085340400     
           7           6   1.45147474046675     
           8           7   1.39459833443867     
           9           8   1.46010582078504     
          10           5   1.26451980977883     
          10           9   1.35388615898332     
          11          10   1.08783610614978     
          12          11   1.35356621102567     
          13          12   1.46035382940760     
          14          13   1.39444329555912     
          15          14   1.45159938549250     
          16           4   1.05464560241804     
          16          11   1.26501570606280     
          16          15   1.36990009220318     
          17           3   1.39048858125426     
          18          17   1.39048708808639     
          19          18  0.975853664970251     
          20          19   1.05554736610313     
          21          20   1.37022636101282     
          22          21   1.45144429875299     
          23          22   1.39462240406952     
          24          23   1.46009136340412     
          25          20   1.26452527157859     
          25          24   1.35389505415608     
          26          25   1.08783484833500     
          27          26   1.35352040154952     
          28          27   1.46039824572103     
          29          28   1.39439997887081     
          30          29   1.45164220830258     
          31          19   1.05462095075462     
          31          26   1.26507631196220     
          31          30   1.36985501905927     
          32           1   1.43383851486878     
          32          18   1.37975805596298     
          33           1  0.941218310610836     
          34           2  0.944661961931271     
          35           6  0.941861844018546     
          36           7  0.944787924470231     
          37           8  0.945083619388752     
          38           9  0.944732760462901     
          39          12  0.944686292976143     
          40          13  0.945062380442268     
          41          14  0.944776990173025     
          42          15  0.943626825038259     
          43          17  0.945080699059465     
          44          21  0.941847509035073     
          45          22  0.944786203582363     
          46          23  0.945082311564773     
          47          24  0.944732153106627     
          48          27  0.944686856385531     
          49          28  0.945061591940023     
          50          29  0.944775992587694     
          51          30  0.943614607501262     
          52          32  0.944648292326113     
