           2           1  0.989128683305884     
           3           2   1.39092808712893     
           4           3   1.40511074892388     
           5           4  0.990257484439898     
           6           4   1.34972448134615     
           7           6  0.904602580326281     
           8           7  0.904426521564135     
           9           8   1.35254575628615     
          10           9  0.991380299000358     
          11           9   1.40317387640068     
          12          11   1.39110199989095     
          13          12  0.989102451116278     
          14          12   1.39284424230517     
          15           8   1.35135079316943     
          15          14   1.40303807340685     
          16          15  0.990285354764226     
          17           7   1.09772038408693     
          18          17   1.03897800502184     
          19          18   1.37932184863675     
          20          19   1.44272595929649     
          21          20   1.40298212948549     
          22          21   1.45271510827273     
          23          18   1.27202844415947     
          23          22   1.36044575843821     
          24          23   1.07431574985265     
          25          24   1.37097975607016     
          26          25   1.39195223015336     
          27          26   1.00283222123315     
          28          27   1.33629560418795     
          29          28   1.46494448013652     
          30          29   1.36215841881314     
          31          30   1.25925165544566     
          32          27   1.39871130149996     
          32          31   1.36500504243424     
          33          31   1.08586617365059     
          34          33   1.35457382385171     
          35          34   1.45971194231236     
          36          35   1.39452323706727     
          37          36   1.45169987915598     
          38          33   1.26414888609475     
          38          37   1.36960018367925     
          39          30   1.05943262089351     
          39          38   1.05615941186951     
          40          39  0.974082186128686     
          41          40   1.38504138819728     
          42          41   1.43723127137504     
          43          42   1.42795372503429     
          44          43   1.42804581062052     
          45          40   1.38515500152975     
          45          44   1.43709841799675     
          46          26   1.34415321139525     
          47          46   1.45585999948796     
          48          17   1.04192730178346     
          48          24   1.26695583648785     
          48          47   1.37177229824148     
          49           6   1.35423815911729     
          50          49  0.991383379035346     
          51           2   1.39299468642129     
          51          49   1.40116773015595     
          52           1  0.968756062247554     
          53           1  0.977919633008116     
          54           1  0.975043405838863     
          55           3  0.940923695765372     
          56           5  0.977105335833423     
          57           5  0.966011411241863     
          58           5  0.973583995753534     
          59          10  0.966477462223613     
          60          10  0.969412827199134     
          61          10  0.978188686267580     
          62          11  0.940002146856892     
          63          13  0.976118603783594     
          64          13  0.977215120742372     
          65          13  0.968409292094957     
          66          14  0.940801152233661     
          67          16  0.965968838984426     
          68          16  0.973557481110894     
          69          16  0.977098650197884     
          70          19  0.938970613167830     
          71          20  0.944826723819268     
          72          21  0.944968304998930     
          73          22  0.944603951489953     
          74          25  0.943125984883918     
          75          28  0.943157328206594     
          76          29  0.941926038196665     
          77          32  0.943227831560435     
          78          34  0.944671831078391     
          79          35  0.945076245026222     
          80          36  0.944778644064727     
          81          37  0.943644595639277     
          82          41  0.946548531343764     
          83          42  0.945223600373636     
          84          43  0.946269894644402     
          85          44  0.945221838047831     
          86          45  0.946559332048233     
          87          46  0.943303128505838     
          88          47  0.937091071937247     
          89          50  0.966522910879585     
          90          50  0.969365737749267     
          91          50  0.978192130505472     
          92          51  0.939865097093677     
