           2           1   1.42830650248002     
           3           2   1.43641684577068     
           4           3   1.38651005110795     
           5           4  0.970743802418860     
           6           5   1.05761727294392     
           7           6   1.36884448495067     
           8           7   1.45237345409869     
           9           8   1.39392319283187     
          10           9   1.46005617378564     
          11           6   1.26360528657346     
          11          10   1.35422255557744     
          12          11   1.08623541428701     
          13          12   1.36411174721997     
          14          13   1.39987230464254     
          15          14   1.00135105662180     
          16          15   1.33638209110003     
          17          16   1.46507622006305     
          18          17   1.36183626298408     
          19          18   1.25916031206324     
          20          15   1.39982791997511     
          20          19   1.36414270712712     
          21          19   1.08623764505501     
          22          21   1.35422244417087     
          23          22   1.46005254772679     
          24          23   1.39393673734735     
          25          24   1.45235428860563     
          26          21   1.26362160097447     
          26          25   1.36886748552600     
          27          18   1.06017863795065     
          27          26   1.05754908608345     
          28          27  0.970789856853924     
          29          28   1.38648631440003     
          30          29   1.43648486968092     
          31          30   1.42827847030733     
          32          31   1.42832736300595     
          33          28   1.38652511224656     
          33          32   1.43639519703113     
          34          14   1.33634593010877     
          35          34   1.46509854737785     
          36           5   1.06015802805232     
          36          12   1.25917126605235     
          36          35   1.36183313517278     
          37           4   1.38654363851976     
          38           1   1.42831067984796     
          38          37   1.43644116667488     
          39           1  0.946229933772148     
          40           2  0.945226172980361     
          41           3  0.946731117414375     
          42           7  0.943875125565573     
          43           8  0.944779090857894     
          44           9  0.945086747484319     
          45          10  0.944672853551519     
          46          13  0.943308790774114     
          47          16  0.943275223682976     
          48          17  0.942155815318757     
          49          20  0.943296536321474     
          50          22  0.944671147810403     
          51          23  0.945085468037259     
          52          24  0.944778439819114     
          53          25  0.943862826912221     
          54          29  0.946721822466775     
          55          30  0.945224071616702     
          56          31  0.946230391459649     
          57          32  0.945227343022035     
          58          33  0.946728378184843     
          59          34  0.943262525521784     
          60          35  0.942141731867679     
          61          37  0.946724101605713     
          62          38  0.945225804503641     
