           2           1   1.74680205925015     
           3           2   1.74746154013527     
           4           2  0.744903853043767     
           5           4   1.41496210666621     
           6           5   1.41515853236814     
           7           6   1.43399167337882     
           8           7   1.43033401081840     
           9           4   1.41181726591966     
           9           8   1.41927237351471     
          10           2  0.749763812895235     
          11          10   1.40290279905462     
          12          11   1.43407112657659     
          13          12   1.36810084339911     
          14          13   1.00387176863415     
          15          14   1.37055884087813     
          16          15   1.44530162466619     
          17          16   1.37155451478430     
          18          17   1.30013329373077     
          19          14   1.35079175766839     
          19          18   1.44364157759479     
          20          18  0.925616212999567     
          21          20  0.922861749862628     
          22          21   1.39923403057254     
          23          22   1.43114521734404     
          24          23   1.43183796791840     
          25          24   1.42677640238612     
          26          21   1.39105905866152     
          26          25   1.43651380911785     
          27          20  0.922527320451965     
          28          27   1.39113462828960     
          29          28   1.43655278927219     
          30          29   1.42676416358589     
          31          30   1.43186538779717     
          32          27   1.39914483130559     
          32          31   1.43120652487975     
          33          20  0.926509295962546     
          34          33   1.42962712995093     
          35          34   1.41120526537742     
          36          35   1.43053140591483     
          37          36   1.43281978282101     
          38          17   1.04098858449999     
          38          33   1.30651131848266     
          38          37   1.37713730557221     
          39          13   1.37170136619877     
          40          10   1.40640602324432     
          40          39   1.42960408211287     
          41           5  0.945016050181346     
          42           6  0.942466033899406     
          43           7  0.943071336518811     
          44           8  0.942675725972995     
          45           9  0.946468074742177     
          46          11  0.944760627248744     
          47          12  0.941386065986217     
          48          15  0.944182398079557     
          49          16  0.943523614293267     
          50          19  0.943328854457364     
          51          22  0.945119158506777     
          52          23  0.946077101955308     
          53          24  0.946625241086674     
          54          25  0.946002591657894     
          55          26  0.945251577811914     
          56          28  0.945367941666019     
          57          29  0.946029489189745     
          58          30  0.946613532345769     
          59          31  0.946030119557204     
          60          32  0.945148252468017     
          61          34  0.945022588975555     
          62          35  0.945596309428484     
          63          36  0.945319775469067     
          64          37  0.945508828184781     
          65          39  0.940953539655386     
          66          40  0.943338683581175     
