 -4.914824265305118E-002
 -4.402709189346687E-002
 -5.565942108091715E-002
  4.663575973021361E-002
  7.360572851176039E-002
 -4.706873890970265E-002
 -0.139556357743817     
  7.400629865445207E-002
 -4.695406652644518E-002
 -4.924174032897533E-002
 -4.463165853413997E-002
 -5.671560282405874E-002
  4.668817937754710E-002
 -0.128063805358559     
  5.816396228997922E-002
 -2.858776542810926E-002
 -3.541247706754014E-002
  9.450012022616416E-003
  5.760040934595745E-002
 -3.024812281981148E-002
 -3.394953688883540E-003
  4.103950257258182E-002
 -0.210236255688672     
  5.756807447539103E-002
  9.527855881772851E-003
 -3.542629737324354E-002
 -2.851583687182302E-002
  5.817902126349228E-002
 -0.128190813540226     
  4.664874595326696E-002
 -5.570053801875918E-002
 -4.402415347783162E-002
 -4.917680810475922E-002
 -4.707504734730783E-002
  7.358906850460789E-002
 -0.139589659358552     
  7.398346033195891E-002
 -4.695833234239011E-002
 -4.927036227857151E-002
 -4.462576708719634E-002
 -5.669997233201762E-002
  4.667906419458578E-002
 -2.661325095696920E-002
 -2.328556053021114E-002
 -3.027038843732122E-002
 -3.399857031161524E-003
  4.104336375313355E-002
 -0.210255315572625     
 -2.331577111056493E-002
 -2.672730470787599E-002
  4.243660569457575E-002
  4.361176663316124E-002
  4.353516955917358E-002
  4.063800976931142E-002
  4.077653250478375E-002
  4.247612639207443E-002
  4.325480132525406E-002
  4.250363001923185E-002
  4.285981984105180E-002
  4.582496123168966E-002
  4.521169645511125E-002
  4.543803744155639E-002
  4.586034348915979E-002
  4.283591310428947E-002
  4.351559503879754E-002
  4.360933759039376E-002
  4.243086162683485E-002
  4.063436877604920E-002
  4.077697680118086E-002
  4.247045703150221E-002
  4.325529491697366E-002
  4.246326465398709E-002
  4.315654891309029E-002
  5.013652874370900E-002
  4.524233118425081E-002
  4.544215951442410E-002
  5.010933654758987E-002
  4.315235536298978E-002
