           2           1   1.44149599398547     
           3           2   1.41701922206043     
           4           3   1.39132129460293     
           5           4   1.30374796178737     
           6           1   1.41052868961262     
           6           5   1.41174466529345     
           7           5   1.00738746617036     
           8           7   1.00799048801683     
           9           8   1.41192618054960     
          10           9   1.41029386365812     
          11          10   1.44163439453673     
          12          11   1.41682077319061     
          13           8   1.30308355917084     
          13          12   1.39124591263322     
          14           4   1.00926971223951     
          14          13   1.01030061352464     
          15          14  0.968465007031119     
          16          15   1.37713820089007     
          17          16   1.45271533607687     
          18          17   1.35985363440164     
          19          18   1.03275288568546     
          20          19   1.24444727575498     
          21          20   1.56232632897882     
          22          21   1.24717106230267     
          23          22   1.26518033414029     
          24          23   1.45609705809746     
          25          24   1.03296394291818     
          26          25   1.35973172282207     
          27          26   1.45278196948063     
          28          27   1.37725685045843     
          29          28  0.968075760496821     
          30          29   1.00934785964316     
          31          30   1.39136621106646     
          32          31   1.41694875953945     
          33          32   1.44158378558351     
          34          33   1.41042112329735     
          35          30   1.30365903463778     
          35          34   1.41186026004995     
          36          35   1.00734830723120     
          37          36   1.00797189506867     
          38          37   1.41199735019360     
          39          38   1.41022095446912     
          40          39   1.44168243276654     
          41          40   1.41679417379042     
          42          29   1.01042256388567     
          42          37   1.30301898713412     
          42          41   1.39125090379713     
          43          28   1.37207222513775     
          44          25   1.35270026595554     
          44          43   1.45848912707950     
          45          24   1.24441334101250     
          46          45   1.56234792936797     
          47          22   1.19947936862613     
          47          46   1.24719496899455     
          48          19   1.45622803817070     
          48          47   1.26511937222439     
          49          18   1.35269308023604     
          50          15   1.37189992145620     
          50          49   1.45857542614259     
          51           1  0.944613616789997     
          52           2  0.943860141300900     
          53           3  0.941298683104547     
          54           6  0.945770670660058     
          55           9  0.945759445274629     
          56          10  0.944619839639321     
          57          11  0.943914125003813     
          58          12  0.941451461525513     
          59          16  0.945035703836899     
          60          17  0.942971670668332     
          61          20  0.943220533246379     
          62          21  0.941498006277631     
          63          26  0.942938864083073     
          64          27  0.945056071025865     
          65          31  0.941305955855142     
          66          32  0.943860213896678     
          67          33  0.944617142361669     
          68          34  0.945772554817680     
          69          38  0.945761999050880     
          70          39  0.944625808024344     
          71          40  0.943917383580294     
          72          41  0.941520785028980     
          73          43  0.944944340721236     
          74          44  0.942684049957391     
          75          45  0.943190232497654     
          76          46  0.941496176323624     
          77          49  0.942695002300056     
          78          50  0.944928948862577     
