 -0.395908488282688     
  0.356404463467539     
 -3.769276889239226E-002
 -3.483525578869351E-002
 -2.490760972602146E-002
 -2.055625189842925E-002
 -1.552283378235053E-002
 -2.646687271138148E-002
 -4.769925053563018E-002
 -2.555888803107376E-002
 -2.701288347196495E-002
 -3.291363170687678E-002
 -3.409542999571347E-002
 -3.934706755902173E-002
 -5.548966602766114E-002
 -3.058545006417557E-002
 -3.407259791244410E-002
 -3.111628697714508E-002
 -1.968507450934087E-002
  6.465306992253961E-002
 -9.620710012950262E-002
  6.781733924731359E-002
 -5.718743380338331E-002
  0.358978661383097     
 -0.379859022165044     
 -4.834028437441340E-002
 -2.641424860004360E-002
 -2.532874319867329E-002
 -2.974905071403100E-002
 -2.943641204494885E-002
 -3.890353047490258E-002
 -4.778576747069962E-002
 -2.556644851986789E-002
 -2.523851234490504E-002
 -3.006111194246142E-002
 -2.960838868198579E-002
 -4.060534865733079E-002
 -4.241580365850872E-002
 -3.495325776463964E-002
 -3.013103219115276E-002
 -1.668582614548608E-002
  3.900911629817083E-002
  3.881407999416286E-002
  4.091824302980274E-002
  4.114350353134621E-002
  4.098808562900236E-002
  4.938819240680736E-002
  4.171141043500448E-002
  4.007299109703399E-002
  4.128030960106177E-002
  4.349029092591306E-002
  5.492324369652035E-002
  4.606174329198676E-002
  4.692309013893015E-002
  5.010869562692011E-002
  4.272416790298439E-002
  4.196790973018039E-002
  4.151873919730709E-002
  4.065022440643040E-002
  4.947820578232198E-002
  4.259976005150523E-002
  4.168276934753512E-002
  4.132104713354345E-002
  4.035059913870231E-002
  4.796644270646377E-002
  4.614895702405020E-002
  4.884827861072782E-002
