 -0.100686935174410     
  2.735223304019607E-002
 -0.100122818115604     
 -0.100941775823926     
 -9.626280950087107E-003
 -3.937229270256015E-002
 -3.874356689193181E-002
 -2.792882332332880E-003
 -9.454830770530442E-003
  7.072105197673650E-003
 -4.148617835943558E-002
 -2.934995790331385E-002
 -3.767768110073799E-002
  6.126561186488644E-002
 -9.436323959006199E-002
  3.514647377830249E-002
 -4.489555125315814E-002
 -4.016109994849248E-002
 -4.899096471427811E-002
 -3.661968190610931E-002
 -2.870555181414591E-002
 -2.878013793289647E-002
 -3.673128910027046E-002
 -4.907908571185615E-002
 -4.026450009377847E-002
 -4.532767691093564E-002
  3.524050553379832E-002
 -3.988086840587624E-002
  1.924017819332491E-005
 -5.084663358330221E-002
 -1.056383808951189E-002
  2.753130606685339E-002
 -0.100428029024491     
 -0.100937418704359     
 -0.101064990614204     
 -3.902129495603113E-002
 -4.248939240992122E-002
 -3.586152060955250E-003
 -1.490021512167683E-002
  1.272498197691752E-002
 -2.619958561074487E-002
 -2.166998209054505E-002
  9.610190459903301E-003
  9.998444290013886E-002
 -0.218956482329633     
 -2.187624729687965E-002
 -2.607984099161875E-002
 -1.065470877490426E-004
 -5.411378954367052E-002
  3.243092253879598E-002
  3.397130050775721E-002
  3.571435971194348E-002
  3.495588287461526E-002
  3.413486170613578E-002
  3.568147284822676E-002
  3.578002313066420E-002
  3.349522820333384E-002
  3.264867155938211E-002
  4.322445802894326E-002
  4.374552575851409E-002
  4.025017923183327E-002
  4.596393836555279E-002
  4.180545629791343E-002
  4.008722789981523E-002
  4.301913654551037E-002
  4.008404902316753E-002
  4.208671883228299E-002
  4.199672174806923E-002
  4.000681478205304E-002
  4.301671180447386E-002
  4.143340304737886E-002
  4.015804606363971E-002
  4.394397663847815E-002
  3.580867752229577E-002
  3.378095297573880E-002
  3.618828790480966E-002
  3.253875546740526E-002
  3.547822371756859E-002
  3.361654105998901E-002
  3.247823170029829E-002
  3.383791441559669E-002
  3.556152161297554E-002
  4.304236620000668E-002
  4.266459690191460E-002
  4.296899527306963E-002
  4.871482174700192E-002
  4.865006147094020E-002
  4.292969209056285E-002
  4.305346881652561E-002
