           2           1  0.990833113088428     
           3           2   1.35689474644098     
           4           3   1.46675011576642     
           5           4   1.34990155250624     
           6           5   1.08660464753794     
           7           6   1.34883410605091     
           8           7   1.46824299024923     
           9           8   1.35592264077045     
          10           9  0.991075494207583     
          11           9   1.42150560101006     
          12           6   1.26637474797210     
          12          11   1.37008426534973     
          13          12   1.05060513633199     
          14          13  0.976457081230687     
          15          14   1.39812894089095     
          16          15   1.43323019598513     
          17          16   1.40953248606552     
          18          17   1.45614590247632     
          19          14   1.31010544227471     
          19          18   1.34797471985635     
          20          19   1.05828840314173     
          21          20   1.62979908582687     
          22          21   1.13315203339529     
          23          22   1.63491578003109     
          24          23   1.04185562707613     
          25          24   1.35781634013595     
          26          25   1.45052923530712     
          27          26   1.41100137210613     
          28          27   1.43595883903429     
          29          24   1.30978755583392     
          29          28   1.39117741480943     
          30          29  0.989375632647780     
          31          30   1.04690398813972     
          32          31   1.37166050835902     
          33          32   1.41958207553638     
          34          33  0.991085882343691     
          35          33   1.35712362186453     
          36          35   1.46734359057346     
          37          31   1.26837411419642     
          37          36   1.34936059501520     
          38          37   1.08508176097417     
          39          38   1.34794023409866     
          40          39   1.46946875462264     
          41          40   1.35518692609167     
          42          41  0.990980577720509     
          43          41   1.42236594525699     
          44          30   1.04856102555546     
          44          38   1.27010103365130     
          44          43   1.36871111998631     
          45          20   1.06193576730380     
          45          23   1.07027442510541     
          46           5   1.26495082514842     
          46          13   1.05340134904576     
          47           2   1.41967909434931     
          47          46   1.36932604422281     
          48           1  0.971647707125353     
          49           1  0.979054575277736     
          50           1  0.972787112618577     
          51           3  0.945300414622144     
          52           4  0.943039662054462     
          53           7  0.943275466250880     
          54           8  0.945179279080343     
          55          10  0.970022686983644     
          56          10  0.974724322478001     
          57          10  0.978758993361781     
          58          11  0.944003229015243     
          59          15  0.944365066491641     
          60          16  0.943667140722408     
          61          17  0.943997479907931     
          62          18  0.943957473586616     
          63          25  0.944165457384750     
          64          26  0.944040791867483     
          65          27  0.943762027191592     
          66          28  0.943891654056828     
          67          32  0.942578399732898     
          68          34  0.972249218960282     
          69          34  0.972038100720183     
          70          34  0.979036795186701     
          71          35  0.945225461795295     
          72          36  0.943066828652376     
          73          39  0.943208639925310     
          74          40  0.945193538689302     
          75          42  0.969788696765504     
          76          42  0.972690628581771     
          77          42  0.979201302503329     
          78          43  0.942500414506403     
          79          47  0.943212418861254     
