   47
          1          1          1
          3          2          4
          1          5          5
          2          6          7
          3          8         10
          1         11         11
          1         12         12
          2         13         14
          1         15         15
          1         16         16
          1         17         17
          2         18         19
          2         20         21
          1         22         22
          1         23         23
          2         24         25
          1         26         26
          1         27         27
          1         28         28
          2         29         30
          1         31         31
          1         32         32
          4         33         36
          1         37         37
          3         38         40
          1         41         41
          1         42         42
          1         43         43
          1         44         44
          2         45         46
          1         47         47
          1         48         48
          1         49         49
          1         50         50
          1         51         51
          2         52         53
          1         54         54
          1         55         55
          1         56         56
          1         57         57
          1         58         58
          2         59         60
          1         61         61
          1         62         62
          1         63         63
          1         64         64
          1         65         65
