 -0.341158625305333     
  0.414863484938572     
 -0.340806540559401     
  1.879789713896240E-003
 -1.511435218532764E-002
 -2.212765848254516E-002
 -2.194348296113358E-002
 -2.083931528420813E-002
 -1.146435597202977E-002
 -4.008826381401320E-003
 -1.175064751698240E-002
 -1.991089670068380E-002
  6.952204171420862E-002
 -0.121519332213397     
  4.824384776457125E-002
 -5.780093422230070E-002
 -3.803638112330709E-002
 -4.811598587092991E-002
 -4.047728184098887E-002
 -1.725610297822389E-002
  1.432134644581318E-002
 -1.807761077232861E-002
 -4.116616779543136E-002
 -4.772307694044020E-002
 -3.641715346307528E-002
 -5.569680672440036E-002
  4.783371772334810E-002
 -1.724582260989393E-002
 -4.037799901076955E-002
 -4.798728279336384E-002
 -3.811668332549534E-002
 -5.798880744658241E-002
  4.821466880863401E-002
 -0.121375797904895     
  6.950259841491269E-002
 -1.922130268270728E-002
 -9.068522192974271E-003
 -4.070738739249791E-003
  0.414842041336557     
 -0.340858936389655     
 -0.341035670436034     
  1.797340532530889E-003
 -1.176420184229965E-002
 -2.109554213720433E-002
 -2.204041234334486E-002
 -2.196553581970040E-002
 -1.483098514005121E-002
 -1.192828086702669E-002
 -2.004442321937550E-002
  4.791211021839459E-002
 -5.549601406494720E-002
 -3.639438921599858E-002
 -4.782781042080853E-002
 -4.124958439273296E-002
 -1.799636856836884E-002
 -1.920869026796002E-002
 -9.177969653496376E-003
  4.679670764504529E-002
  4.677318972628375E-002
  4.486128079130358E-002
  4.739359491986372E-002
  4.944485826154066E-002
  5.284426344117243E-002
  4.891714969704108E-002
  3.821050125099990E-002
  4.226625319614019E-002
  4.023601993652237E-002
  4.267952962007882E-002
  4.229431574163811E-002
  4.018456333586273E-002
  4.340130047792223E-002
  3.989367945318623E-002
  4.275991501264442E-002
  4.030048157233113E-002
  4.224085923890120E-002
  3.819581883314538E-002
  4.922166086375568E-002
  5.503223958219272E-002
  4.933192136747278E-002
  4.728361241020518E-002
  4.483380007614579E-002
  4.693882665164206E-002
  4.704769811150711E-002
  5.287115967831857E-002
  4.878126435867103E-002
  3.995257687833764E-002
  4.341645986095455E-002
  4.010238346355943E-002
  4.221316507277506E-002
  4.907815033049534E-002
  5.504711830971809E-002
