           2           1   1.83896105984041     
           3           2  0.971823941742771     
           4           3   1.40722685070606     
           5           4   1.40822654207590     
           6           5   1.40030097927449     
           7           6  0.963004491041687     
           8           7   1.02188507872851     
           9           8   1.35633430463541     
          10           9   1.45085661670274     
          11          10   1.41475443434574     
          12          11   1.43351185940888     
          13           8   1.33674819472493     
          13          12   1.40172500581154     
          14          13  0.932859829904022     
          15          14  0.924630067970231     
          16          15   1.43322206949497     
          17          16   1.40926135572505     
          18          17   1.43329861815256     
          19          18   1.42990248455931     
          20          15   1.30646044143208     
          20          19   1.38119107099125     
          21          20   1.03543188270184     
          22          21   1.38065200081716     
          23          22   1.43024634266447     
          24          23   1.43292036296807     
          25          24   1.40954359974556     
          26          14  0.916406029308490     
          26          21   1.30777291206414     
          26          25   1.43273748656311     
          27          14  0.933117541388276     
          28          27   1.40328259340010     
          29          28   1.43231012496972     
          30          29   1.41586772665760     
          31          30   1.44943527861768     
          32           7   1.02320437484378     
          32          27   1.33459273853044     
          32          31   1.35736838420649     
          33           6   1.35086274355433     
          34           3   1.27327289012681     
          34          33   1.42257190859879     
          35          34   1.01294847412990     
          36          35   1.42309009880567     
          37          36   1.35114015756152     
          38          37  0.962642361445130     
          39          38   1.02260214145460     
          40          39   1.35575308209207     
          41          40   1.45121370611674     
          42          41   1.41437127436565     
          43          42   1.43396109842449     
          44          39   1.33679560090431     
          44          43   1.40154266564447     
          45          44  0.933161969469767     
          46          45  0.921707194181478     
          47          46   1.43341177937043     
          48          47   1.40916851770270     
          49          48   1.43330205070776     
          50          49   1.42992624490899     
          51          46   1.30684935328994     
          51          50   1.38108298581648     
          52          51   1.03530906565456     
          53          52   1.38077131581262     
          54          53   1.43021395723158     
          55          54   1.43297318105231     
          56          55   1.40948068677698     
          57          45  0.918830826082012     
          57          52   1.30747049142282     
          57          56   1.43301671946659     
          58          45  0.933309211677542     
          59          58   1.40243126137636     
          60          59   1.43323008374045     
          61          60   1.41502217461448     
          62          61   1.45047568164999     
          63          38   1.02346301631121     
          63          58   1.33566498062923     
          63          62   1.35614656933970     
          64          37   1.40022183991485     
          65          64   1.40757944671296     
          66           2  0.971714387580697     
          66          35   1.27297486785693     
          66          65   1.40770193836882     
          67           4  0.942054964743798     
          68           5  0.944297564080032     
          69           9  0.941364209328790     
          70          10  0.943722681852262     
          71          11  0.944408437139557     
          72          12  0.943125079243317     
          73          16  0.946262847431642     
          74          17  0.945650670139237     
          75          18  0.945466650202187     
          76          19  0.945499763441179     
          77          22  0.945449194330661     
          78          23  0.945479807488678     
          79          24  0.945611203501445     
          80          25  0.946246347240465     
          81          28  0.943049234327714     
          82          29  0.944364330775240     
          83          30  0.943696725832912     
          84          31  0.939988833447178     
          85          33  0.944096285727165     
          86          36  0.944238364822107     
          87          40  0.941045493269267     
          88          41  0.943711048149369     
          89          42  0.944401928319208     
          90          43  0.943302115018780     
          91          47  0.946281962035385     
          92          48  0.945639207075140     
          93          49  0.945468095949397     
          94          50  0.945483098224820     
          95          53  0.945462452436074     
          96          54  0.945477744144253     
          97          55  0.945622423957633     
          98          56  0.946271059007497     
          99          59  0.943274807940668     
         100          60  0.944386429560210     
         101          61  0.943718808979781     
         102          62  0.940325769598363     
         103          64  0.944240685037284     
         104          65  0.942041382539309     
