 -3.741801157054514E-002
 -3.496241414827317E-002
 -3.837058956840345E-002
  2.491518624349709E-003
 -1.394334973083922E-002
 -3.278087625997017E-003
 -4.009712189453651E-002
 -3.585205540790604E-002
 -3.584089048258399E-002
 -4.007983854207353E-002
 -3.284368983614172E-003
 -1.395272107373291E-002
  2.492060748119584E-003
 -3.837721110575654E-002
 -3.496107574563467E-002
 -3.742358095601261E-002
 -3.496173574515993E-002
 -3.837527233237203E-002
 -3.284069856539062E-003
 -4.007913113484651E-002
 -3.583989777527652E-002
 -3.585175880540614E-002
 -4.009854934342627E-002
 -3.278318941289271E-003
 -3.837155063164932E-002
 -3.496002414096822E-002
  3.787051582316214E-002
  3.856603586499863E-002
  3.710250855900199E-002
  4.204230054793412E-002
  4.035399666102124E-002
  4.035674383793653E-002
  4.203270041935214E-002
  3.708867134205296E-002
  3.856648279197783E-002
  3.786788958628440E-002
  3.856599658977233E-002
  3.708945573901179E-002
  4.203154400998033E-002
  4.035661704147309E-002
  4.035417400039942E-002
  4.204381162724080E-002
  3.710223810096336E-002
  3.856636362777666E-002
