 -2.833673083295718E-002
 -4.252851064787944E-002
  4.044923930928146E-003
 -2.527737295432431E-004
 -3.806853952401035E-002
 -4.064527189495415E-002
 -4.584306586318476E-003
 -3.766468773207521E-003
 -4.255951287932724E-002
 -3.496395266627594E-002
 -3.483044689834536E-002
 -4.241565634780731E-002
 -4.112924356330261E-003
 -4.209654424893294E-003
 -4.243878533449408E-002
 -3.488838409130501E-002
 -3.479814405142978E-002
 -4.256301310657840E-002
 -3.688923935431632E-003
 -2.392552277067139E-003
 -4.764411718621542E-002
 -4.208484096120824E-002
  6.249815375675016E-002
 -9.382410978070244E-002
  3.565237306064928E-002
 -4.455704438173846E-002
 -3.999237425199009E-002
 -4.902792775137232E-002
 -3.664068539836496E-002
 -2.870745561968224E-002
 -2.872659984944370E-002
 -3.669417999431346E-002
 -4.908270025847639E-002
 -4.038116578483386E-002
 -4.506711728847801E-002
  3.535564575960803E-002
 -3.686944384554547E-002
  4.580389732153867E-002
  4.087663055805169E-002
  4.120981549304448E-002
  4.590350468802018E-002
  4.280218817723780E-002
  4.000205717208904E-002
  3.998309116269805E-002
  4.309307650328587E-002
  4.311003894263166E-002
  3.996042271184996E-002
  3.999422134455799E-002
  4.320176053082447E-002
  4.449127826195465E-002
  4.099379677539350E-002
  4.037591221964809E-002
  4.299565353242163E-002
  3.995192327474495E-002
  4.198830015630117E-002
  4.199104811125587E-002
  3.990634534247617E-002
  4.280786898131261E-002
  4.050059034926567E-002
  4.184979659195842E-002
