 -0.248443016319394     
  0.136170844818531     
 -1.782329810079997E-002
 -2.460481799587555E-002
 -2.765363657949216E-002
 -2.688121526555420E-002
 -3.374621800782229E-002
 -5.536993598910911E-003
  1.824510577426963E-002
 -5.537752555678566E-003
 -3.374207399010931E-002
 -2.687820932365614E-002
 -2.766017298615520E-002
 -2.460880727720216E-002
 -1.782589646216159E-002
 -2.068249828497137E-002
 -4.055423224764088E-002
 -4.812928957263107E-002
 -3.639659535857831E-002
 -5.518545812090725E-002
  4.919350997805738E-002
 -0.123792925778124     
  5.859545272071864E-002
 -2.945345563422652E-002
 -2.932720932934441E-002
 -3.302486968684359E-002
 -2.932226472043808E-002
 -2.950942118531241E-002
  4.929921557552941E-002
 -5.515955222443658E-002
 -3.640733846898314E-002
 -4.824559392150984E-002
 -4.061719536303876E-002
 -2.051138512742590E-002
  4.845780031976377E-002
  4.106044260860053E-002
  4.327184574608856E-002
  4.006252090459828E-002
  4.006158164828943E-002
  4.327614223632703E-002
  4.105861978224268E-002
  4.845783183407493E-002
  4.330509087853363E-002
  4.103971262089257E-002
  4.311187066493416E-002
  4.012775230889942E-002
  3.912759126878707E-002
  4.314223890242785E-002
  4.048097794587524E-002
  4.313321439143625E-002
  3.911297823504600E-002
  4.018887694972129E-002
  4.312797353876008E-002
  4.100752085262949E-002
  4.314468098223512E-002
