  1.350087433048053E-002
 -4.684586634888532E-002
  5.808592062457851E-002
 -0.211198694808079     
 -4.828224771173062E-003
  7.652506232033263E-002
  1.597250991188037E-002
 -2.188641685335480E-002
 -2.774344282477692E-002
  5.858927447104723E-002
 -0.126777876887544     
  4.724362970905949E-002
 -5.512482454661516E-002
 -4.417557065136002E-002
 -4.943179596660752E-002
 -4.702004792206260E-002
  7.324289424316754E-002
 -0.141732629753294     
  7.321852331998802E-002
 -4.700835299808226E-002
 -4.933288953486237E-002
 -4.404585274482908E-002
 -5.494782461808345E-002
  4.706744920438810E-002
 -2.803286959705531E-002
 -2.696743521829248E-002
 -0.215559331948464     
  6.368994555660334E-002
 -0.214467959692602     
  8.537004198294618E-002
  5.231512065487809E-002
  5.229654701669717E-002
  6.249073491221724E-002
  8.017396624662942E-002
  5.030142060705511E-002
  4.293498958965447E-002
  4.390222578400815E-002
  4.354792363367510E-002
  4.233617751754992E-002
  4.063611845527060E-002
  4.063486947795047E-002
  4.237422514546230E-002
  4.363875178262344E-002
  4.378822900498969E-002
  4.272733407858198E-002
  5.301993844919028E-002
  6.750320965513290E-002
