           2           1  0.966089816039966     
           3           2  0.976811414881247     
           4           2  0.966364803903225     
           5           2  0.937715824196050     
           6           5   1.35258870929400     
           7           6   1.46053749883193     
           8           7   1.36357184804929     
           9           8   1.26636881374014     
          10           5   1.42823581225540     
          10           9   1.35268965171260     
          11           9   1.08445218227507     
          12          11   1.35282053080446     
          13          12   1.42815793665715     
          14          13  0.937741470424474     
          15          14  0.976764927821588     
          16          14  0.966153205072883     
          17          14  0.966338253425400     
          18          13   1.35264864758763     
          19          18   1.46043561415342     
          20          11   1.26614062489044     
          20          19   1.36354224100132     
          21           8   1.05494058665618     
          21          20   1.05503606334439     
          22          21  0.976731801471413     
          23          22   1.34856090153882     
          24          23   1.45777708201721     
          25          24   1.36752836767242     
          26          25   1.26373354895038     
          27          22   1.41117861378258     
          27          26   1.35955675645826     
          28          26   1.08350336247624     
          29          28   1.35898574580093     
          30          29   1.41186859467172     
          31          30  0.976299423745883     
          32          31   1.05543722138853     
          33          32   1.36351955895459     
          34          33   1.46045357885053     
          35          34   1.35265873813652     
          36          35  0.937732120185708     
          37          36  0.966095477985976     
          38          36  0.966387531346535     
          39          36  0.976779881859122     
          40          35   1.42810650491501     
          41          32   1.26597077130069     
          41          40   1.35288722561527     
          42          41   1.08450777088649     
          43          42   1.35259785477679     
          44          43   1.42833633584981     
          45          44  0.937708384251952     
          46          45  0.966330695742902     
          47          45  0.966129395293969     
          48          45  0.976805375027011     
          49          44   1.35253600318776     
          50          49   1.46057321433290     
          51          31   1.05478151506684     
          51          42   1.26637810453286     
          51          50   1.36355511562911     
          52          30   1.34817535824516     
          53          52   1.45852045185643     
          54          28   1.26398345783651     
          54          53   1.36662840172805     
          55          25   1.04908321670096     
          55          54   1.05047973103599     
          56          55  0.985308269473537     
          57          56   1.37704285707970     
          58          57   1.43159774201724     
          59          58   1.40464419286267     
          60          59  0.752906890348447     
          61          60   1.76765381040651     
          62          60   1.76778819485352     
          63          60  0.747436947357605     
          64          63   1.41486636572627     
          65          64   1.41558840281158     
          66          65   1.43381582572086     
          67          66   1.43046677237602     
          68          63   1.41215991431764     
          68          67   1.41928522190916     
          69          59   1.40606847875934     
          70          56   1.37958498446520     
          70          69   1.42926354607075     
          71           1  0.977933208304167     
          72           1  0.976093048904011     
          73           1  0.978160347822036     
          74           3  0.977514853126725     
          75           3  0.977617151193061     
          76           3  0.978309048276861     
          77           4  0.978166543058761     
          78           4  0.977901248703465     
          79           4  0.976012574396747     
          80           6  0.941869711223526     
          81           7  0.941567423203823     
          82          10  0.942196718916717     
          83          12  0.942173242500193     
          84          15  0.977623997906652     
          85          15  0.978309474378392     
          86          15  0.977534106508284     
          87          16  0.977932149623637     
          88          16  0.976054485789784     
          89          16  0.978169852586549     
          90          17  0.977897101487335     
          91          17  0.978181931216103     
          92          17  0.976018864593005     
          93          18  0.941819441201262     
          94          19  0.941750611209889     
          95          23  0.942563093010506     
          96          24  0.940014687838378     
          97          27  0.942702013808596     
          98          29  0.942615532473710     
          99          33  0.941855900785027     
         100          34  0.941849830581392     
         101          37  0.976086080869387     
         102          37  0.978148837410884     
         103          37  0.977923383415409     
         104          38  0.978199111439249     
         105          38  0.977895007423631     
         106          38  0.976013199212554     
         107          39  0.978302943038569     
         108          39  0.977644051578539     
         109          39  0.977501493120872     
         110          40  0.942163060664524     
         111          43  0.942191094319072     
         112          46  0.978156401725089     
         113          46  0.977899878841584     
         114          46  0.976030458084606     
         115          47  0.978180837401047     
         116          47  0.977929469684712     
         117          47  0.976067943128015     
         118          48  0.977542757814077     
         119          48  0.978306795775240     
         120          48  0.977597335795289     
         121          49  0.941846737395609     
         122          50  0.941581640444817     
         123          52  0.942789183360669     
         124          53  0.940342222879231     
         125          57  0.940808454395850     
         126          58  0.943431246830219     
         127          64  0.945162730605020     
         128          65  0.942506479453221     
         129          66  0.943077835406186     
         130          67  0.942679209472814     
         131          68  0.946383433577266     
         132          69  0.942153842566936     
         133          70  0.940778403400130     
