           2           1  0.966141717915712     
           3           2  0.976738611184792     
           4           2  0.966216736929952     
           5           2  0.939760295180369     
           6           5   1.39400501999269     
           7           6   1.44120718317017     
           8           7   1.37435969266986     
           9           8   1.00385630944128     
          10           9   1.33734654338166     
          11          10   1.46435381931870     
          12          11   1.36333678563884     
          13          12   1.26007661229614     
          14           9   1.39769306481429     
          14          13   1.36687850778803     
          15          13   1.08224043150645     
          16          15   1.37731276192960     
          17          16   1.37999103552875     
          18          17   1.04528285602786     
          19          18   1.33404032660273     
          20          19   1.46465561179420     
          21          20   1.32636231393162     
          22          21   1.04529890639054     
          23          22   1.31600983505346     
          24          23   1.47969468148079     
          25          24   1.35155066135097     
          26          25   1.25209692975054     
          27          22   1.38000675726522     
          27          26   1.37730098504594     
          28          26   1.08224944301910     
          29          28   1.36722094129157     
          30          29   1.39739112718101     
          31          30   1.00363724266962     
          32          31   1.37449926316558     
          33          32   1.44108957419876     
          34          33   1.39409490854086     
          35          34  0.939748204872910     
          36          35  0.966205678725491     
          37          35  0.966157688538456     
          38          35  0.976741389537548     
          39          34   1.38217372482766     
          40          31   1.36505434698874     
          40          39   1.45269727505530     
          41          30   1.33784548673766     
          42          41   1.46378489319438     
          43          28   1.25979842386869     
          43          42   1.36378102970909     
          44          25   1.06927740316881     
          44          43   1.05600300389780     
          45          44  0.970512857070608     
          46          45   1.38797896703270     
          47          46   1.43520939494941     
          48          47   1.39649877712754     
          49          48  0.939165800378197     
          50          49  0.966192281488755     
          51          49  0.976788658768036     
          52          49  0.966300450966872     
          53          48   1.38480321545625     
          54          45   1.37864863328956     
          54          53   1.44654307058001     
          55          21   1.33389461197161     
          56          18   1.32625173042687     
          56          55   1.46480749366495     
          57          17   1.31603266030432     
          58          57   1.47967449470660     
          59          15   1.25204178773962     
          59          58   1.35157159257263     
          60          12   1.05617711996388     
          60          59   1.06927245731228     
          61          60  0.970554157020787     
          62          61   1.38839745490027     
          63          62   1.43484795265895     
          64          63   1.39679693992840     
          65          64  0.939182685400239     
          66          65  0.976784500039128     
          67          65  0.966245631253830     
          68          65  0.966233208723667     
          69          64   1.38448327011044     
          70          61   1.37817603530920     
          70          69   1.44692863288912     
          71           8   1.36496421624950     
          72           5   1.38220078073019     
          72          71   1.45268785582852     
          73           1  0.976225742591705     
          74           1  0.978266252403679     
          75           1  0.978114524015569     
          76           3  0.977591890275558     
          77           3  0.977607923052900     
          78           3  0.978386462167120     
          79           4  0.976237522678298     
          80           4  0.978277692134937     
          81           4  0.978146539971273     
          82           6  0.944200840980694     
          83           7  0.945036791527345     
          84          10  0.943134913211874     
          85          11  0.941848245870410     
          86          14  0.943254393195115     
          87          16  0.942654132894400     
          88          19  0.945843917456694     
          89          23  0.941934571000932     
          90          24  0.941632667536232     
          91          27  0.942642236586017     
          92          29  0.943297215131883     
          93          32  0.945046217114027     
          94          33  0.944206382870943     
          95          36  0.976215796552778     
          96          36  0.978265718993768     
          97          36  0.978121030568861     
          98          37  0.978278069798880     
          99          37  0.978138489678386     
         100          37  0.976246896145876     
         101          38  0.977598015930284     
         102          38  0.978389283814716     
         103          38  0.977599195130007     
         104          39  0.943937444456257     
         105          40  0.945049759774617     
         106          41  0.943104346811916     
         107          42  0.941884996821088     
         108          46  0.944742304278718     
         109          47  0.942662526757974     
         110          50  0.976236867747362     
         111          50  0.978078744706314     
         112          50  0.978259259476763     
         113          51  0.977602947075032     
         114          51  0.977546281587566     
         115          51  0.978329993254645     
         116          52  0.978285864466687     
         117          52  0.978102439741036     
         118          52  0.976217453167226     
         119          53  0.942535517723043     
         120          54  0.944802689909202     
         121          55  0.945822884099921     
         122          57  0.941920752472891     
         123          58  0.941633941099301     
         124          62  0.944771508080514     
         125          63  0.942697121504055     
         126          66  0.977546894671997     
         127          66  0.978330316282769     
         128          66  0.977621739218608     
         129          67  0.978304553333303     
         130          67  0.978101276684305     
         131          67  0.976211930729147     
         132          68  0.976212236397422     
         133          68  0.978248371245529     
         134          68  0.978083483708098     
         135          69  0.942503337329703     
         136          70  0.944776522888684     
         137          71  0.945071415728883     
         138          72  0.943950366484964     
