           2           1   1.91977761562261     
           3           2   1.05353464094122     
           4           3   1.35484321355070     
           5           4   1.45228383392911     
           6           5   1.38487283874888     
           7           6  0.964744085593063     
           8           7  0.979616853304503     
           9           8   1.03881708087441     
          10           9   1.39427525205122     
          11          10   1.39733346828139     
          12          11   1.45570135684665     
          13          12   1.35207352164172     
          14           9   1.29372329174858     
          14          13   1.27179529170962     
          15          14   1.09767040568377     
          16          15   1.35341909730759     
          17          16   1.45843072380741     
          18          17   1.39409050167153     
          19          18   1.45183790569435     
          20          15   1.25550692796943     
          20          19   1.36670031206104     
          21          13   1.08029743888612     
          21          20   1.07791858891348     
          22          21  0.960112394494066     
          23          22  0.982660439077822     
          24          23  0.993825009255761     
          25          24  0.985796892929634     
          26          25  0.992303970255864     
          27          26  0.995084404151885     
          28          27  0.974224043502061     
          29          28   1.04723392694031     
          30          29   1.39210740643806     
          31          30   1.40033024708150     
          32          31   1.45192866135556     
          33          32   1.35724202378837     
          34          29   1.28928015458121     
          34          33   1.28596112010278     
          35          34   1.09184028929262     
          36          35   1.35201820333845     
          37          36   1.45906116181862     
          38          37   1.39606057847184     
          39          38   1.44610991313183     
          40          35   1.26542983064780     
          40          39   1.37418144529240     
          41          33   1.04676683848223     
          41          40   1.04577517505332     
          42          41  0.991171973476188     
          43          42   1.39137982250779     
          44          43   1.42790756788771     
          45          44   1.42248617552284     
          46          45   1.39705285854475     
          47          46  0.982374453426542     
          48          47   1.04141003040457     
          49          48   1.37563767339854     
          50          49   1.44533602577824     
          51          50   1.39772512692419     
          52          51   1.45855732218660     
          53          48   1.26672102561309     
          53          52   1.35177501321352     
          54          53   1.08840812099914     
          55          54   1.29692585879932     
          56          55   1.03065866017975     
          57          56  0.975372415726580     
          58          57  0.980253381130474     
          59          58  0.989529722129030     
          60          59  0.991244432179328     
          61          60  0.987120821200806     
          62          61  0.980939791765287     
          63          62  0.961188204943225     
          64          63   1.07701956552086     
          65          64   1.36614417808889     
          66          65   1.45245060292091     
          67          66   1.39188981845587     
          68          67   1.46057880275111     
          69          64   1.25468240108025     
          69          68   1.35094633970755     
          70          69   1.09881404803144     
          71          70   1.29097539526636     
          72          71   1.03767608803843     
          73          72  0.980860959004088     
          74          73  0.964023752372727     
          75          74   1.39337429587041     
          76          75   1.44439568823128     
          77          76   1.36430433285574     
          78          77   1.05396477543935     
          79          78   1.91935257050696     
          80          77   1.34946922007279     
          81          74   1.38098558407343     
          81          80   1.45977470225931     
          82          71   1.39664800189868     
          83          82   1.39490877953418     
          84          83   1.45822989980230     
          85          63   1.08162903933931     
          85          70   1.27279148722285     
          85          84   1.34994956669698     
          86          55   1.39284663105459     
          87          86   1.40331227170995     
          88          87   1.44837635884787     
          89          47   1.05117507680843     
          89          54   1.27687472176912     
          89          88   1.36094535251878     
          90          42   1.29722319781616     
          90          46   1.29890173809711     
          91          90   1.06107735250175     
          92          91   2.81285703835567     
          93           6   1.38927044244839     
          94           3   1.35957302917949     
          94          93   1.45040882842683     
          95           1  0.962412124780207     
          96           1  0.962093670585026     
          97           2  0.942060902287832     
          98           4  0.944784547439132     
          99           5  0.945114269356112     
         100           7  0.957308021112661     
         101           7  0.955632680467416     
         102          10  0.942297305087201     
         103          11  0.941998108586610     
         104          12  0.942923305551133     
         105          16  0.940572272784181     
         106          17  0.945344991419916     
         107          18  0.945180330957407     
         108          19  0.944843949339194     
         109          22  0.966107321847026     
         110          22  0.963258094303904     
         111          23  0.964374462709344     
         112          23  0.961077291562051     
         113          24  0.965344870463259     
         114          24  0.967313209261828     
         115          25  0.967105772565063     
         116          25  0.962810131209034     
         117          26  0.961891985759190     
         118          26  0.969077607585265     
         119          27  0.961995495726458     
         120          27  0.961360936859970     
         121          30  0.943615168149805     
         122          31  0.941583049532052     
         123          32  0.941725269908432     
         124          36  0.941655101966849     
         125          37  0.945050240851286     
         126          38  0.944671580128230     
         127          39  0.942298011190707     
         128          43  0.934616227894339     
         129          44  0.936892056851414     
         130          45  0.940467986781661     
         131          49  0.940244177544392     
         132          50  0.944642401883075     
         133          51  0.944986678304134     
         134          52  0.943230947698328     
         135          57  0.960702133159742     
         136          57  0.970020911222724     
         137          58  0.965718336087179     
         138          58  0.967140990514368     
         139          59  0.964036319086507     
         140          59  0.967522582976989     
         141          60  0.970320389043444     
         142          60  0.960320383051472     
         143          61  0.963379380067194     
         144          61  0.965600022837321     
         145          62  0.968718342268053     
         146          62  0.967960919717734     
         147          65  0.943792439085906     
         148          66  0.943042613846986     
         149          67  0.944517709907585     
         150          68  0.942875460976571     
         151          73  0.957055874746112     
         152          73  0.954776305863894     
         153          75  0.944279788992162     
         154          76  0.945206823204014     
         155          78  0.942479791894180     
         156          79  0.961635331395119     
         157          79  0.962390112709808     
         158          80  0.944036622796763     
         159          81  0.946325026497170     
         160          82  0.942034780193845     
         161          83  0.941842373540562     
         162          84  0.943587223565940     
         163          86  0.942505423657205     
         164          87  0.941625561825922     
         165          88  0.943000362826904     
         166          93  0.945455601599659     
         167          94  0.944612122981664     
