           2           1  0.994073107895177     
           3           2   1.40414602971153     
           4           3   1.40585895056505     
           5           4  0.927769680423279     
           6           5  0.924924651930361     
           7           6   1.39754749708111     
           8           7   1.43937391028328     
           9           8   1.42311277911294     
          10           9   1.43300968754593     
          11           6   1.41237065540566     
          11          10   1.42883610882928     
          12           5  0.923424368855465     
          13          12   1.40430828604822     
          14          13   1.43683659840874     
          15          14   1.42511000821589     
          16          15   1.43228795513475     
          17          12   1.41021929398607     
          17          16   1.42916839698706     
          18           4   1.37679230646820     
          19          18  0.930292244536203     
          20          19  0.917829930343179     
          21          20   1.41317090155177     
          22          21   1.42788682596922     
          23          22   1.43372457327972     
          24          23   1.42275508307005     
          25          20   1.39864133985938     
          25          24   1.44033404944415     
          26          19  0.928107172675090     
          27          26   1.39833136404969     
          28          27   1.43820733116861     
          29          28   1.42396017985564     
          30          29   1.43298994549618     
          31          26   1.41350430093739     
          31          30   1.42867486760339     
          32          18   1.40503434920058     
          33           2   1.34581071411582     
          33          32   1.40500363430895     
          34          33  0.993979898710704     
          35           1  0.978754577579008     
          36           1  0.969850726617804     
          37           1  0.969559177110450     
          38           3  0.937337554296410     
          39           7  0.946829360339944     
          40           8  0.946362851510929     
          41           9  0.947161839541786     
          42          10  0.946481295612033     
          43          11  0.944115491415857     
          44          13  0.945421296530060     
          45          14  0.946681395765437     
          46          15  0.947226894821039     
          47          16  0.946217308302298     
          48          17  0.946810407049245     
          49          21  0.943511377124707     
          50          22  0.946445186660846     
          51          23  0.947114236381421     
          52          24  0.946307018596098     
          53          25  0.947001477002460     
          54          27  0.947069785292368     
          55          28  0.946347101874140     
          56          29  0.947207985226908     
          57          30  0.946600194413385     
          58          31  0.943135578044679     
          59          32  0.939249661436067     
          60          34  0.978796823020229     
          61          34  0.969668831080872     
          62          34  0.969836750249703     
