           2           1   2.80942534501932     
           3           2   1.06996410571529     
           4           3   1.32476672017099     
           5           4   1.47648588957980     
           6           5   1.34564051248979     
           7           6   1.03079047958786     
           8           7  0.979191716922742     
           9           8   1.37776450305719     
          10           9   1.44018810793604     
          11          10   1.42584579765420     
          12          11   1.42610202308872     
          13           8   1.37776393989567     
          13          12   1.43990619445762     
          14           7  0.989062789388003     
          15          14   1.37583619211403     
          16          15   1.39005658791369     
          17          16  0.980054945707945     
          18          17   1.05149242016623     
          19          18   1.37058475565194     
          20          19   1.45092158646524     
          21          20   1.39499945246569     
          22          21   1.46019307459619     
          23          18   1.26643350075990     
          23          22   1.35348726744472     
          24          23   1.08686189116512     
          25          24   1.35384397849260     
          26          25   1.45985837753537     
          27          26   1.39531089843141     
          28          27   1.45062903101563     
          29          17   1.05234943070560     
          29          24   1.26599125796113     
          29          28   1.37075184629001     
          30          16   1.38206541642399     
          31          30   1.38284628161337     
          32          31  0.980070884515749     
          33          32   1.05225023823995     
          34          33   1.37063856831443     
          35          34   1.45081031326207     
          36          35   1.39509993776314     
          37          36   1.45993908198213     
          38          33   1.26605924223058     
          38          37   1.35376576970535     
          39          38   1.08682830538573     
          40          39   1.35366817910900     
          41          40   1.46005926988889     
          42          41   1.39503991014211     
          43          42   1.45092892746669     
          44          32   1.05230064367003     
          44          39   1.26608847123363     
          44          43   1.37051651757475     
          45          14   1.37756864567710     
          45          31   1.38938311402502     
          46           6   1.34685820288688     
          47           3   1.32548322380256     
          47          46   1.47567534354495     
          48           4  0.943658609193967     
          49           5  0.942687876339501     
          50           9  0.946247053178454     
          51          10  0.945164239754731     
          52          11  0.946289227142568     
          53          12  0.945069286047336     
          54          13  0.946655182316107     
          55          15  0.943253124161926     
          56          19  0.943351595467939     
          57          20  0.944630207119738     
          58          21  0.944960038152916     
          59          22  0.944649215379190     
          60          25  0.944657259374216     
          61          26  0.944938656602687     
          62          27  0.944631864408525     
          63          28  0.942591834037534     
          64          30  0.942591373604314     
          65          34  0.942380989464933     
          66          35  0.944741246280681     
          67          36  0.945008236897778     
          68          37  0.944663977350211     
          69          40  0.944674841242382     
          70          41  0.944980283069369     
          71          42  0.944636358686890     
          72          43  0.943468535189676     
          73          45  0.943041885751973     
          74          46  0.943456476155501     
          75          47  0.943631095197213     
