 -3.329932695670390E-002
 -2.999589669814640E-002
 -3.901028393307282E-002
  1.238200404566792E-002
  6.332597744284207E-002
 -3.965167345116516E-002
  6.353846341529712E-002
  9.300207812906969E-003
 -3.356029346282963E-002
 -3.083174602380989E-002
  6.271599019496144E-002
 -9.187285861582151E-002
  3.576558024835474E-002
 -4.486900734651655E-002
 -3.879586686626357E-002
 -4.815132917894260E-002
 -3.787277244920961E-002
 -2.402699780322770E-002
 -2.338504288387000E-002
 -1.111754542584098E-002
 -2.582893653836749E-002
 -3.751204871626346E-002
 -4.489335668487549E-002
  3.711777473194555E-002
 -1.324499294862314E-002
 -3.885179617711021E-002
 -3.720359183733279E-002
 -3.745566168010495E-002
 -3.474250974685678E-002
 -1.234308461029521E-002
  1.474324800871463E-002
 -8.680411040908886E-003
 -3.202824180760722E-002
 -3.425186318880158E-002
 -3.550411645959528E-002
 -3.591500584448859E-002
 -1.309488312408646E-002
 -1.289872200801678E-002
 -3.588591803394792E-002
 -3.548351894038060E-002
 -3.438815776572657E-002
 -3.218162226618126E-002
 -8.633305023506566E-003
 -2.854382506753428E-002
 -2.129616529952738E-002
 -0.214763345616048     
  9.290383252592171E-002
  2.513811336759675E-002
 -2.841713598174955E-002
 -2.822008019776856E-002
 -3.446092353896191E-002
 -2.840448384778060E-002
 -2.895507836373579E-002
 -0.213091716189924     
 -2.652100699851356E-002
 -2.799125600635310E-002
  4.006576491415748E-002
  3.954563457635052E-002
  3.948146381932538E-002
  4.391411550505908E-002
  4.646889110882313E-002
  4.331150552609608E-002
  4.093542287135876E-002
  4.317632371469526E-002
  4.017065216047011E-002
  4.841076701278124E-002
  4.799675629688072E-002
  4.545347518055498E-002
  3.864189520309469E-002
  4.048153059755266E-002
  4.043477776371929E-002
  4.034445068191883E-002
  4.068013389627656E-002
  4.110840584928654E-002
  4.076083163315991E-002
  3.953410324538653E-002
  3.960353671708938E-002
  4.079604251565361E-002
  4.105275447589152E-002
  4.050683970939928E-002
  4.396132251323703E-002
  5.138350342250508E-002
  4.457677987610953E-002
  3.975608283645027E-002
  4.027362347381969E-002
  3.966041004375109E-002
  4.420680345938577E-002
  4.439659052849365E-002
  4.010501972343727E-002
