 -0.102210367741603     
  2.765908940089767E-002
 -0.102327778786907     
 -0.100357001957851     
 -2.369340793254526E-002
 -4.773145846143034E-002
 -4.389612420505351E-002
  3.383530998087991E-002
 -2.693898975815667E-002
 -4.602775850015739E-002
 -2.693438362359313E-002
 -4.602570578311393E-002
 -2.369083509145575E-002
  2.765768817267888E-002
 -0.102212701482405     
 -0.100356046105374     
 -0.102327956453107     
 -4.773707788214487E-002
 -4.390644132739396E-002
  3.382035707499975E-002
 -9.206376704564878E-002
  6.591721634202541E-002
 -4.219845179292481E-002
  3.477272866824865E-003
 -3.236426602584963E-002
 -3.235302068790968E-002
  3.438458083483198E-003
 -4.255091833303215E-002
  6.596880440860664E-002
 -9.167318256334500E-002
  3.388649861647153E-002
 -4.390208029344578E-002
 -4.774038173252482E-002
 -2.361335853073143E-002
  2.767218125047899E-002
 -0.102327281540094     
 -0.102184140033841     
 -0.100346072962108     
 -4.601274275279810E-002
 -2.686177043519500E-002
 -2.686489274001413E-002
 -4.601123551424990E-002
 -2.361598332756110E-002
  2.766853024208293E-002
 -0.102171242174545     
 -0.100345182777441     
 -0.102347284889039     
 -4.774896766087977E-002
 -4.389026536785767E-002
  3.388293726300562E-002
 -4.251845617710970E-002
  3.448917721379008E-003
 -3.235190440482594E-002
 -3.236835498685053E-002
  3.470361184159998E-003
 -4.220239428257067E-002
 -1.077447821094779E-002
 -1.087731126529246E-002
  3.136517129496807E-002
  3.509937674211472E-002
  3.377186167024948E-002
  3.498647817028810E-002
  3.363290842970534E-002
  3.141527215872286E-002
  3.304210052520107E-002
  3.540735291268160E-002
  3.552016358677401E-002
  4.464321342748645E-002
  4.243907651625234E-002
  4.410742391335920E-002
  4.410508519223144E-002
  3.135910676892484E-002
  3.377410769696976E-002
  3.509168567308085E-002
  3.304004118051074E-002
  3.540941719818091E-002
  3.551820286178620E-002
  3.500188677263616E-002
  3.141859971502614E-002
  3.363230935342076E-002
  4.464762874365913E-002
  4.245139680370480E-002
  4.256570602653742E-002
  4.309392093337105E-002
  4.307517685393081E-002
  4.265303658979724E-002
  4.256190925515813E-002
  4.464306866820389E-002
  3.496393621880789E-002
  3.363779010481727E-002
  3.140476751904764E-002
  3.511528084979676E-002
  3.377671560346773E-002
  3.138787416705713E-002
  3.304825072720963E-002
  3.542810327737711E-002
  3.550211658514246E-002
  4.411733056629974E-002
  4.412041066338324E-002
  3.510733434532098E-002
  3.377667089682668E-002
  3.138236993102062E-002
  3.550890539947038E-002
  3.304973306456016E-002
  3.541970044014420E-002
  3.363572830289807E-002
  3.140668755397868E-002
  3.497534524531676E-002
  4.464633983278099E-002
  4.256881039838500E-002
  4.265991840028605E-002
  4.307267690245697E-002
  4.309512979666308E-002
  4.256918856548486E-002
