 -4.856906521798976E-002
 -4.313575636661326E-002
 -5.394551694825811E-002
  4.754687567164639E-002
  7.374016584414589E-002
 -4.694089145614821E-002
 -0.139024234367153     
  7.446642749181809E-002
 -4.668391780132897E-002
 -4.856365237012383E-002
 -4.384285778778629E-002
 -5.517112407259006E-002
  4.647937944095837E-002
 -0.126053258493658     
  6.160448215043557E-002
 -2.483536609598858E-002
 -2.064330741556386E-002
  4.346092105085386E-002
 -0.191930308896450     
  5.044555204655277E-002
  6.855185763222416E-003
 -2.554603971120084E-002
 -2.771454816552765E-002
 -3.031660254420387E-002
 -3.708711397123388E-002
 -2.213267165301680E-003
 -2.564014992259445E-003
 -3.701452269057004E-002
 -3.042474550205743E-002
 -2.731529191334037E-002
 -2.512101715691895E-002
  7.547146462203447E-003
  5.033857614555881E-002
 -0.188371792804450     
  4.818009397550949E-002
 -2.612779607347626E-002
  4.254007413247685E-002
  4.404287318257338E-002
  4.476908115264289E-002
  4.063049728486190E-002
  4.090461209321350E-002
  4.263960671268241E-002
  4.377294423499711E-002
  4.365958288524419E-002
  4.847882763852573E-002
  4.990118823943390E-002
  4.737521772738229E-002
  4.210525547856103E-002
  4.276023395000639E-002
  4.369470438957146E-002
  4.363666019270274E-002
  4.280525407778379E-002
  4.224717193503735E-002
  4.793512113960885E-002
  4.459229748994731E-002
