 -4.399950453554524E-002
 -3.294546606432736E-002
 -4.274409706893056E-002
  5.409240126694526E-002
 -0.124357195461001     
  5.408983901955233E-002
 -4.205965932265165E-002
 -3.228867690392168E-002
 -4.408820556527004E-002
 -3.296012641288293E-002
 -4.284778847030335E-002
  5.620113668692239E-002
 -3.988678503850718E-002
 -2.536864475023215E-002
  1.332146120033872E-002
  0.105593947156879     
 -0.227309783343992     
  0.105631773119179     
  1.297092105222486E-002
 -2.541778355158719E-002
 -4.038076074563968E-002
  5.628765375195455E-002
 -0.124146289455392     
  5.414059050412234E-002
 -4.236837841792163E-002
 -3.282995163684532E-002
 -4.364959110763333E-002
 -3.212970199184983E-002
 -4.146010037498016E-002
  5.413837859656523E-002
 -4.289816268378743E-002
 -3.290838164809617E-002
 -4.405156146748457E-002
 -3.230240847619736E-002
 -4.194687734889069E-002
 -4.029795822176574E-002
 -2.539631900685801E-002
 -0.227235731248076     
  0.105617453358242     
  1.301320353431201E-002
 -2.544711245889353E-002
 -4.024933704378597E-002
  5.630555224767830E-002
 -0.124086584547601     
  5.411584353538856E-002
 -4.176931211790968E-002
 -3.219259019125253E-002
 -4.384526377838949E-002
 -3.289783964964332E-002
 -4.259043190970058E-002
  5.415403599410640E-002
 -4.271925857892356E-002
 -3.286207782460160E-002
 -4.389393581162260E-002
 -3.224944097928262E-002
 -4.173761995182268E-002
 -4.033407749243700E-002
 -2.537331528224929E-002
 -0.227273693926366     
 -2.532141575566271E-002
 -3.980602831988733E-002
 -4.191074820736240E-002
 -3.226690014880695E-002
  3.895174288362235E-002
  4.202064901462788E-002
  3.818352892822774E-002
  3.896839935201879E-002
  4.241537223792058E-002
  3.894138297172989E-002
  4.201738372224650E-002
  3.818218423214093E-002
  4.131708739863393E-002
  5.123300245222939E-002
  5.119011872189272E-002
  4.131798193336367E-002
  3.818638595917656E-002
  4.205035558322390E-002
  3.902576790402101E-002
  4.250873364662977E-002
  3.910965111935494E-002
  3.818752187118035E-002
  4.203583690356905E-002
  3.894473936470355E-002
  4.241895587529654E-002
  3.901813497023532E-002
  4.137020874040687E-002
  5.121786815049512E-002
  5.120689502103704E-002
  4.134579629918744E-002
  3.912193960617982E-002
  4.250336139652411E-002
  3.898842472476927E-002
  4.203436699413210E-002
  3.817609027403412E-002
  3.820801732241952E-002
  4.204849711984759E-002
  3.897821121756251E-002
  4.243035937457118E-002
  3.899807971861757E-002
  4.135370292595220E-002
  5.120648545976236E-002
  5.124191600012251E-002
  4.131212453071520E-002
  3.902556852640204E-002
  4.243585282351958E-002
