           2           1   1.41130333468561     
           3           2   1.43796176930132     
           4           3   1.37133813209804     
           5           4   1.00485044476498     
           6           5   1.36996728101035     
           7           6   1.45122011533054     
           8           7   1.36955796474640     
           9           8  0.980316992900348     
          10           9   1.05383958595207     
          11          10   1.37070284352077     
          12          11   1.45094240061228     
          13          12   1.39503259003620     
          14          13   1.45974361686011     
          15          10   1.26523795211032     
          15          14   1.35406785731962     
          16          15   1.08703007941027     
          17          16   1.35340878080374     
          18          17   1.46032867919066     
          19          18   1.39466072838440     
          20          19   1.45127494192780     
          21           9   1.05222459335272     
          21          16   1.26609155107390     
          21          20   1.37032252275348     
          22           8   1.38321693099876     
          23           5   1.32753227762438     
          23          22   1.40463169291443     
          24          23  0.968749357349779     
          25          24   1.05470727932951     
          26          25   1.36819671149317     
          27          26   1.45342664171936     
          28          27   1.39288818940531     
          29          28   1.46172534141601     
          30          25   1.26567007245153     
          30          29   1.35211152078934     
          31          30   1.08785460325328     
          32          31   1.35387713908831     
          33          32   1.45991778337747     
          34          33   1.39437539292923     
          35          34   1.45172293869093     
          36          24   1.05692990582051     
          36          31   1.26312625129624     
          36          35   1.36918846951840     
          37           4   1.36362243708795     
          38           1   1.43286635770836     
          38          37   1.42738336995220     
          39           1  0.947066244511005     
          40           2  0.944857294365814     
          41           3  0.945631957999912     
          42           6  0.939204881383978     
          43           7  0.942499058619444     
          44          11  0.942321423761086     
          45          12  0.944761022455245     
          46          13  0.945051022779342     
          47          14  0.944731829140825     
          48          17  0.944698822881602     
          49          18  0.945016140234374     
          50          19  0.944689818487780     
          51          20  0.943553202783892     
          52          22  0.943384532954486     
          53          26  0.943475777774096     
          54          27  0.944681775787597     
          55          28  0.945143972542205     
          56          29  0.944783555418704     
          57          32  0.944735141666192     
          58          33  0.945098272589595     
          59          34  0.944807143516113     
          60          35  0.942951104835977     
          61          38  0.948577299229204     
