 -8.089122741001287E-002
 -2.911847997822292E-003
 -4.764442671919245E-002
 -5.418938474460688E-002
  4.005000630156186E-002
 -9.646200047159326E-003
 -5.131653482613441E-002
  1.385282444586711E-002
 -1.492374452821199E-002
 -3.485236217814425E-002
 -3.449752012028373E-002
 -3.486116946925666E-002
 -3.533274936280062E-002
 -1.410404187658010E-002
 -1.410041526250794E-002
 -3.493767462694652E-002
 -3.458854504598197E-002
 -3.545714295059543E-002
 -3.725449730474040E-002
 -1.858740234438638E-002
 -1.025732110306787E-002
 -5.155661410691348E-002
 -3.122138180120970E-003
 -8.099307748258777E-002
 -4.799038166829739E-002
 -5.590007099594363E-002
  4.161985235340460E-002
 -0.117585726461860     
  6.395313922352663E-002
 -1.538011312649612E-002
 -1.092441223073948E-004
  2.690733925784006E-003
 -3.971912716151849E-002
  9.574176403286838E-003
 -2.310913650872770E-003
 -1.039205397696907E-002
 -2.265646557532008E-002
  1.597628626578551E-002
  4.774931090796697E-002
 -0.135791399114882     
  6.869459102143827E-002
 -9.105544928101583E-002
 -1.713929180842211E-002
 -8.600403433523240E-002
  6.647530593774453E-002
 -0.134276709113278     
  4.673382623411948E-002
  4.064018324682894E-002
  4.181401236044835E-002
  4.237423109553984E-002
  4.106125526551907E-002
  4.184455160175660E-002
  4.227141780024901E-002
  3.952529315837539E-002
  4.115788226681449E-002
  4.116372046304584E-002
  3.994371496954696E-002
  3.969121098243256E-002
  4.107889847361124E-002
  4.045422789371556E-002
  3.821256694693764E-002
  4.149453767496236E-002
  4.251527176729719E-002
  4.164594663068377E-002
  4.036191925931698E-002
  4.133273604061505E-002
  4.272633223123801E-002
  5.215166836537821E-002
  6.221349012220923E-002
  5.612071232172244E-002
  4.959337462023605E-002
  5.357780950149960E-002
