 -4.856931960816446E-002
 -3.974015022762600E-002
 -4.491202575048092E-002
  3.530094731474431E-002
 -2.830707550733536E-002
 -3.630241528035860E-002
 -2.829523355986829E-002
 -3.631161243794168E-002
 -4.851420580292398E-002
 -3.982665361191273E-002
 -4.514680341646837E-002
  3.515582030489783E-002
 -9.353106489724894E-002
  5.630481281367894E-002
 -3.668270468705792E-002
 -2.907273898221341E-002
 -1.395910400510392E-002
  5.582252409524813E-002
 -1.395188493764898E-002
 -2.906850824138374E-002
 -3.665251036800132E-002
  5.630125517132534E-002
 -9.354674672044361E-002
  3.529918587233860E-002
 -4.491570260166267E-002
 -3.973798299919196E-002
 -4.857155230457000E-002
 -3.630220317556443E-002
 -2.830859248849205E-002
 -2.830079040849043E-002
 -3.631155360490812E-002
 -4.851970736494948E-002
 -3.982929611296360E-002
 -4.514561278727047E-002
  3.515298524177179E-002
 -3.759249275841015E-002
 -1.992882682642527E-002
 -1.993073620900976E-002
 -3.759246446010245E-002
  4.009908508776505E-002
  4.311866110550777E-002
  4.022288088415371E-002
  4.213338753050810E-002
  4.210041725322822E-002
  4.008194293548972E-002
  4.303591042422972E-002
  4.028207461210409E-002
  4.657971409666883E-002
  4.957657860486486E-002
  4.958164912109553E-002
  4.657865646029202E-002
  4.021940654282874E-002
  4.311847214469544E-002
  4.009847616622408E-002
  4.213259704125594E-002
  4.210087463640688E-002
  4.008110486922212E-002
  4.303521936983667E-002
  4.027296598524166E-002
  4.479036568892414E-002
  4.480030076967989E-002
