 -4.826621843589951E-002
 -4.356724423989533E-002
 -5.534530909838331E-002
  4.657089555354510E-002
  7.369146418244688E-002
 -4.617310358980831E-002
 -0.140996032279459     
  7.395983088284330E-002
 -4.609518996594009E-002
 -4.832926501795409E-002
 -4.388672530935711E-002
 -5.571119457602869E-002
  4.654775965279834E-002
 -0.126741942363477     
  6.127692649066896E-002
 -2.343243328704236E-002
 -1.735705115321107E-002
  2.050500397475918E-002
  0.103982592637917     
 -0.130919849995442     
 -0.121524986777527     
  5.069816883701295E-002
  6.240449977009455E-003
 -2.486908173883418E-002
 -2.549865308346622E-002
  5.774561879815598E-002
 -0.129909500737664     
  4.589449622422537E-002
 -5.571897324404507E-002
 -4.437184389568660E-002
 -4.918948087389374E-002
 -4.678733582825156E-002
  7.367143219274785E-002
 -0.140435212689221     
  7.516959868775075E-002
 -4.558253017156755E-002
 -4.645027978896632E-002
 -4.408644399365791E-002
 -5.882069772571530E-002
  4.602501171547324E-002
 -3.028968933596055E-002
 -3.509888486961721E-002
  6.187638330459411E-002
  4.839400965990670E-003
 -3.223622909138157E-002
 -2.786315741160195E-002
  5.920068155295866E-002
 -0.130247251367384     
  4.586974950704947E-002
 -5.877630494091335E-002
 -4.368262421091185E-002
 -4.601005140434555E-002
 -4.529319918016572E-002
  7.526716977084380E-002
 -0.140133910757150     
  7.408074031590139E-002
 -4.638160373293676E-002
 -4.883172852307460E-002
 -4.444478531357454E-002
 -5.613257158988105E-002
  4.580840913029594E-002
 -2.523661933308929E-002
 -2.837525400187602E-002
 -0.180408661756498     
 -2.557340641408690E-002
 -2.536589149133217E-002
  4.278220149638989E-002
  4.387193631513764E-002
  4.329801489451335E-002
  4.099092115974279E-002
  4.106050418572171E-002
  4.275241759745674E-002
  4.370206138016275E-002
  4.320511449167830E-002
  4.477604891162390E-002
  5.400798941853246E-002
  4.901399011592678E-002
  4.500199846914532E-002
  4.233639950316015E-002
  4.363749026828490E-002
  4.261593372736150E-002
  4.082886702513500E-002
  4.018154515583638E-002
  4.310901767720543E-002
  4.334815920746626E-002
  4.309341049730220E-002
  4.539763823033949E-002
  4.472051536707677E-002
  4.684492562859111E-002
  4.620367804239145E-002
  4.287844080732273E-002
  4.354775065018524E-002
  4.324794423187028E-002
  4.027305190290120E-002
  4.099651321545994E-002
  4.274600244315274E-002
  4.352269416950461E-002
  4.183385727017719E-002
  4.483298423416660E-002
  4.754455220206044E-002
  4.965139554172360E-002
  4.367065479643850E-002
