           2           1  0.965915932741125     
           3           2  0.965982679192417     
           4           2  0.976526927473485     
           5           2  0.934947805862948     
           6           5   1.38618290033302     
           7           6   1.38501012971297     
           8           7   1.29697134636988     
           9           8   1.28283419776223     
          10           5   1.40244208328679     
          10           9   1.36134695807682     
          11           9   1.06528255334153     
          12          11  0.934799463604207     
          13          12   1.39695151815572     
          14          13   1.43112040171744     
          15          14   1.43171079549762     
          16          15   1.42921710260426     
          17          12   1.39193157127692     
          17          16   1.43381344583938     
          18          11   1.06566848359853     
          19          18   1.33196584920557     
          20          19   1.47916458874624     
          21          20   1.37796299131880     
          22          21   1.46991024703070     
          23          18   1.30262589544174     
          23          22   1.35579622439074     
          24           8   1.03685127687270     
          24          23  0.988263454999456     
          25          24  0.963595893394007     
          26          25   1.36226003449565     
          27          26   1.46347205855678     
          28          27   1.38938805591043     
          29          28   1.46766238253405     
          30          25   1.32292623681741     
          30          29   1.35382550747374     
          31           7   1.04229070589883     
          31          30   1.04138942447423     
          32           1  0.977941700265794     
          33           1  0.978295676465011     
          34           1  0.976036381313874     
          35           3  0.978313942627214     
          36           3  0.976001412212601     
          37           3  0.977946443358084     
          38           4  0.978084740053269     
          39           4  0.977603263434139     
          40           4  0.977569913220617     
          41           6  0.942859530118070     
          42          10  0.936883554658574     
          43          13  0.947430969932806     
          44          14  0.945079064505953     
          45          15  0.946038440540128     
          46          16  0.945023487908059     
          47          17  0.947421060595137     
          48          19  0.939541612688523     
          49          20  0.943442443076376     
          50          21  0.943627955852318     
          51          22  0.939283668967009     
          52          26  0.940098289684495     
          53          27  0.944086324180261     
          54          28  0.944360632181910     
          55          29  0.945676319558914     
