           2           1  0.973745512462306     
           3           2  0.951376344861340     
           4           2  0.937419047285300     
           5           4   1.40318090631426     
           6           5   1.42712281649437     
           7           6   1.42852214873777     
           8           7   1.43000103247710     
           9           4   1.34376933532817     
           9           8   1.39093198553475     
          10           9  0.969312046324820     
          11          10   1.07088653653332     
          12          11   1.29274540847185     
          13          12   1.51851272821732     
          14          13   1.30569789301106     
          15          14   1.05148639431094     
          16          15   1.71553400853162     
          17          15   1.01530943563413     
          18          17   1.33706915165837     
          19          18   1.47539734252460     
          20          19   1.38629619940673     
          21          20   1.46624128030465     
          22          17   1.30872773464283     
          22          21   1.35939854450741     
          23          22   1.04223796286873     
          24          14   1.28326222660834     
          24          23   1.03832112503322     
          25          11   1.36838055365045     
          25          24   1.39715249251018     
          26          10  0.969159197839657     
          27          26   1.39095301656692     
          28          27   1.42957331446895     
          29          28   1.42886093035856     
          30          29   1.42681985591682     
          31           2  0.937374498000249     
          31          26   1.34346028366549     
          31          30   1.40346362017601     
          32           1  0.977418247054798     
          33           1  0.978389416517336     
          34           1  0.977455725142586     
          35           3  0.975359352835918     
          36           3  0.978234123980979     
          37           3  0.978186118268769     
          38           5  0.942949297280614     
          39           6  0.944198579020088     
          40           7  0.943675975807379     
          41           8  0.944039665596537     
          42          12  0.938345375622652     
          43          13  0.939459111068364     
          44          18  0.943386607251429     
          45          19  0.944962532350125     
          46          20  0.945590507357956     
          47          21  0.946732099955841     
          48          25  0.940688095617268     
          49          27  0.943901324758160     
          50          28  0.943593638046612     
          51          29  0.944156818093099     
          52          30  0.942923778952809     
