 -0.203195865493069     
  9.910482559255973E-002
  2.310530685356671E-002
  9.936828787303975E-002
 -0.204363175033012     
  3.215614458253269E-002
  3.730946631883558E-003
 -4.806028029083009E-002
 -2.568841367149677E-002
 -3.868218367126719E-002
  6.562682499100170E-002
 -0.127281576306362     
  5.351986334126657E-002
 -4.135950603280403E-002
 -3.277677986049898E-002
 -4.496050176118604E-002
 -3.451565298561565E-002
 -4.500049193137734E-002
  4.985520247365205E-002
 -4.583536905206831E-002
 -3.485371793034098E-002
 -4.367973996456520E-002
 -2.783399824873101E-002
 -4.038734771978980E-002
 -4.381395519584341E-002
  4.198524559472006E-003
 -4.310082854707975E-002
 -2.180199085998691E-002
 -3.704427920821640E-002
  6.303388338156823E-002
 -0.127724194325705     
  5.270992599597957E-002
 -4.328341866957963E-002
 -3.258310687181520E-002
 -4.397446234368552E-002
 -3.303645207106864E-002
 -4.347239591845220E-002
  5.284545990616030E-002
 -4.169545369986860E-002
 -3.228459601282641E-002
 -4.403667534974964E-002
 -3.397129691612566E-002
 -4.477224655629364E-002
 -4.963919585946375E-002
  4.207686536477484E-002
  4.700348001047172E-002
  4.284381771331369E-002
  3.904508166175391E-002
  4.228244089719879E-002
  3.872521616800917E-002
  4.126582480376295E-002
  3.721348310344652E-002
  3.670328378606791E-002
  4.116220096102940E-002
  3.876731948382117E-002
  4.537538484205017E-002
  3.933277861374229E-002
  4.367347709651748E-002
  4.636578562014670E-002
  4.931535262528908E-002
  4.357974913778961E-002
  3.814931366838870E-002
  4.252183167612977E-002
  3.911365536320233E-002
  4.209150460023481E-002
  3.772054734376429E-002
  3.869463222021374E-002
  4.245713442962984E-002
  3.893807001512939E-002
  4.175845087011132E-002
  3.711352012765079E-002
  4.216374997243411E-002
