           2           1  0.993670081741822     
           3           2   1.35945251714617     
           4           3   1.45822691211836     
           5           4   1.36499505147153     
           6           5   1.26149187821062     
           7           2   1.42821873027298     
           7           6   1.35309006932689     
           8           6   1.08973353837287     
           9           8   1.35303241177566     
          10           9   1.42826517048846     
          11          10  0.993669329472734     
          12          10   1.35940924501896     
          13          12   1.45827562783166     
          14           8   1.26156896245304     
          14          13   1.36494729110778     
          15           5   1.05707531923075     
          15          14   1.05701808125036     
          16          15  0.980015986098887     
          17          16   1.37026268550797     
          18          17   1.46084849970111     
          19          18   1.34977496703055     
          20          19   1.04707977462926     
          21          20   1.34232581148836     
          22          21   1.34239782964461     
          23          22   1.04525280370670     
          24          23   1.35556296323361     
          25          24   1.45087954185930     
          26          25   1.42045135935818     
          27          26   1.42031007743234     
          28          23   1.35541565135246     
          28          27   1.45108146521441     
          29          22   1.34387528593641     
          30          29   1.34388402939530     
          31          30   1.04523934757410     
          32          31   1.35543355009622     
          33          32   1.45106428620305     
          34          33   1.42032549365662     
          35          34   1.42044309882508     
          36          31   1.35556309981762     
          36          35   1.45088354702743     
          37          20   1.34232988941417     
          37          30   1.34238946987229     
          38          19   1.34987945973107     
          39          16   1.37042777918025     
          39          38   1.46071473947581     
          40           3  0.940734327895043     
          41           4  0.941736187807217     
          42           7  0.941080221830430     
          43           9  0.941084027845533     
          44          12  0.940733073945169     
          45          13  0.941709336650813     
          46          17  0.944672613417002     
          47          18  0.942422095736407     
          48          24  0.945828072321376     
          49          25  0.946533066601613     
          50          26  0.947312651699520     
          51          27  0.946533766662643     
          52          28  0.945869001158876     
          53          32  0.945872502906935     
          54          33  0.946534139560734     
          55          34  0.947313106496628     
          56          35  0.946533077142590     
          57          36  0.945826460676095     
          58          38  0.942430226343991     
          59          39  0.944680107461989     
