 -8.123679805601558E-002
  1.483165156300537E-003
 -6.077986069078722E-002
 -3.591890507226125E-002
 -3.310373227697383E-002
 -3.724345606602597E-002
 -3.902102530278473E-002
  1.511769985138356E-002
 -6.929908223462622E-002
 -1.333880120838238E-003
 -8.273403032560811E-002
 -5.965973849905648E-002
  3.535016647846367E-002
 -9.016765238852464E-002
  5.845345238489186E-002
 -3.520725581776318E-002
 -3.870422568802745E-002
 -1.428991854090622E-002
  2.697645894317890E-002
 -0.101543639631798     
 -0.100060329122990     
 -0.101542032596399     
 -3.999492326031717E-002
 -3.614984940417010E-002
  3.632621490158128E-002
 -5.890829331942271E-002
  4.237140073813450E-002
  3.904857800204120E-002
  4.255261502093832E-002
  3.653623223133873E-002
  4.468501116018586E-002
  5.058938217776399E-002
  4.577376062322547E-002
  4.079458413535531E-002
  4.550008856910359E-002
  4.179973799587922E-002
  4.133686890070254E-002
  4.353169358158748E-002
  3.362597561868286E-002
  3.178166439937968E-002
  3.528748356939804E-002
  3.368920438060552E-002
  3.530440538514268E-002
  3.550908576016154E-002
  3.180896582441206E-002
  3.355243457434465E-002
  3.542962652245318E-002
  4.457875501106712E-002
  4.102552008512661E-002
  3.707839643251720E-002
