           2           1  0.953321221322710     
           3           2  0.953246643746118     
           4           2  0.947169554024833     
           5           4   1.40112172140486     
           6           5   1.43224894640663     
           7           6   1.41514157221441     
           8           7   1.45136477126651     
           9           4   1.33339900039550     
           9           8   1.35600959509069     
          10           9   1.02786351029933     
          11          10  0.957675047508545     
          12          11   1.38055689691683     
          13          12   1.44782691831537     
          14          13   1.36572715328725     
          15          14   1.00013528960926     
          16          15   1.30207805636739     
          17          16   1.06166470838573     
          18          17   2.81185414746255     
          19          16   1.26373831419451     
          20          19   1.00243255712637     
          21          20   1.48630493734933     
          22          21   1.32006435763931     
          23          22   1.54533616408842     
          24          23   1.25570579326006     
          25          24   1.25451426292608     
          26          25   1.55624343420570     
          27          26   1.30763049836092     
          28          27   1.55156370667276     
          29          20   1.20510070036185     
          29          24   1.22579355275725     
          29          28   1.26323399232544     
          30          19   1.38819258902358     
          31          30   1.37511980250716     
          32          31   1.01460011640535     
          33          32   1.47768678509905     
          34          33   1.32362865398913     
          35          34   1.54244871853815     
          36          35   1.25633841282350     
          37          36   1.25472745033654     
          38          37   1.55556350998679     
          39          38   1.30876565730553     
          40          39   1.54967858025333     
          41          32   1.20108777255667     
          41          36   1.22479002629158     
          41          40   1.26728177919402     
          42          15   1.29722554713324     
          42          31   1.26616450197397     
          43          42   1.06411695127394     
          44          43   2.80699008862473     
          45          14   1.36561961143267     
          46          11   1.38044321193919     
          46          45   1.44793817946863     
          47          10   1.02781143350742     
          48          47   1.35594292880987     
          49          48   1.45143065370053     
          50          49   1.41505713862565     
          51          50   1.43231987538457     
          52           2  0.947153791688688     
          52          47   1.33350052616944     
          52          51   1.40102314800353     
          53           1  0.975821241547341     
          54           1  0.977551525323743     
          55           1  0.975922663383988     
          56           3  0.977548920891290     
          57           3  0.975841425209202     
          58           3  0.975911280566871     
          59           5  0.942348403299434     
          60           6  0.944750444386805     
          61           7  0.943796101008795     
          62           8  0.941027544641197     
          63          12  0.944591609424336     
          64          13  0.942663130656493     
          65          21  0.944762409944787     
          66          22  0.943915367954882     
          67          23  0.943553819267994     
          68          25  0.944212017149150     
          69          26  0.945949735456611     
          70          27  0.945951654487211     
          71          28  0.941903054365145     
          72          33  0.942472965114614     
          73          34  0.943940215289631     
          74          35  0.943421224578106     
          75          37  0.944167008443283     
          76          38  0.945929721748284     
          77          39  0.946031607752510     
          78          40  0.941165456285783     
          79          45  0.942540481878338     
          80          46  0.944590836041566     
          81          48  0.941017142212378     
          82          49  0.943786895015634     
          83          50  0.944750242464365     
          84          51  0.942315623742463     
