           2           1   1.42514765593288     
           3           2   1.44238696203307     
           4           3   1.37351891773861     
           5           4  0.992874944788905     
           6           5  0.995103293228063     
           7           6   1.37237581135326     
           8           7   1.44317818995268     
           9           8   1.42457770643746     
          10           9   1.42414103685543     
          11           6   1.37145986868963     
          11          10   1.44352265585124     
          12           5   1.00612889522300     
          13          12   1.37216509967451     
          14          13   1.37302785782310     
          15          14   1.27841901640615     
          16          15   1.28099636179144     
          17          12   1.36256949593511     
          17          16   1.38200004349433     
          18          16   1.05023100346177     
          19          18  0.933682305542945     
          20          19   1.39076891613357     
          21          20   1.43421930115433     
          22          21   1.42855581617945     
          23          22   1.43254529253486     
          24          19   1.39911635085574     
          24          23   1.43010932615247     
          25          18   1.08026833566486     
          26          25   1.33490744844353     
          27          26   1.42122722378907     
          28          27   1.25778193569820     
          29          28   1.30977488760205     
          30          25   1.29200620020904     
          30          29   1.31228265801154     
          31          15   1.04659595135610     
          31          30  0.991745986734924     
          32          31  0.976651999252594     
          33          32   1.36313693632955     
          34          33   1.46303292074768     
          35          34   1.38397037041661     
          36          35   1.47353022956847     
          37          32   1.30779954450314     
          37          36   1.33695326902297     
          38          14   1.06237687895925     
          38          37   1.05747410267528     
          39          38  0.935772442592191     
          40          39   1.39016694200093     
          41          40   1.43445677267898     
          42          41   1.42836017902021     
          43          42   1.43267453258537     
          44          39   1.39928355499088     
          44          43   1.43008620801259     
          45          29   1.06459799604107     
          46          45   1.04701875318306     
          47          46   1.34783088970116     
          48          47   1.47362603871593     
          49          48   1.38333855412507     
          50          49   1.46948828087427     
          51          46   1.32041808794725     
          51          50   1.35605573945850     
          52          28   1.03731183088035     
          52          51  0.971859370348725     
          53          52  0.962196077854044     
          54          53   1.36217992844986     
          55          54   1.46309315444929     
          56          55   1.39013387609581     
          57          56   1.46628742580305     
          58          53   1.32278109295736     
          58          57   1.35582703584090     
          59          27   1.04863932487330     
          59          58   1.03731813931728     
          60           4   1.37182014287748     
          61           1   1.42391001987756     
          61          60   1.44367919333904     
          62           1  0.946562465569807     
          63           2  0.945267653858023     
          64           3  0.946403979613685     
          65           7  0.946364778286974     
          66           8  0.945267731133946     
          67           9  0.946570287856697     
          68          10  0.945238423968514     
          69          11  0.946060312208478     
          70          13  0.936970873481001     
          71          17  0.937471726576206     
          72          20  0.947383606395209     
          73          21  0.944954359864703     
          74          22  0.945990431774475     
          75          23  0.945104423270464     
          76          24  0.947466858217836     
          77          26  0.937197234802626     
          78          33  0.942256593263248     
          79          34  0.943508703620812     
          80          35  0.943432105275638     
          81          36  0.939885158190244     
          82          40  0.947367778088120     
          83          41  0.945026889573360     
          84          42  0.946046830075841     
          85          43  0.945157236789222     
          86          44  0.947430892480968     
          87          47  0.944590781740908     
          88          48  0.944332471696993     
          89          49  0.944067918179002     
          90          50  0.939800401325302     
          91          54  0.939738325567340     
          92          55  0.943973267333788     
          93          56  0.944294108083270     
          94          57  0.945638106632878     
          95          60  0.946147684236895     
          96          61  0.945221505094398     
