           2           1   1.42817059754423     
           3           2   1.43858016089273     
           4           3   1.37913899130938     
           5           4  0.985962038929520     
           6           5   1.38723862578831     
           7           6   1.38563075634408     
           8           7  0.986590582181451     
           9           8   1.37057428848831     
          10           9   1.45249524379281     
          11          10   1.36134384233946     
          12          11   1.02160595893898     
          13          12   1.55945895972666     
          14          13   1.16991518367397     
          15          14   1.13268169542793     
          16          15   1.30865491409027     
          17          16   1.49971497081116     
          18          17   1.35766925267181     
          19          18   1.49627091662380     
          20          15   1.26575131521485     
          20          19   1.31867996704172     
          21          20   1.10859044650404     
          22          21   1.32502978405853     
          23          22   1.49111200054498     
          24          23   1.35976821520446     
          25          24   1.49800482219038     
          26          21   1.24923119806831     
          26          25   1.30430220434016     
          27          14   1.38776316859994     
          27          26   1.15334646850137     
          28          12   1.11757216583440     
          28          27   1.08092184945348     
          29          28  0.954562104115640     
          30          29   1.38440764849444     
          31          30   1.44557505935071     
          32          31   1.37012267725557     
          33          32   1.00331229896234     
          34          33   1.36506532974326     
          35          34   1.43172968156119     
          36          35   1.42873398662808     
          37          36   1.41509366523420     
          38          33   1.36839640972068     
          38          37   1.43877726608889     
          39          32   1.36808757980745     
          40          29   1.37538064257111     
          40          39   1.44772552148657     
          41          11   1.35467122352636     
          42           8   1.36789856521699     
          42          41   1.45687860119814     
          43           7   1.32973439749719     
          44          43  0.981041430783419     
          45          44   1.38042413910888     
          46          45   1.43883864311523     
          47          46   1.42726688928302     
          48          47   1.42711317400641     
          49          44   1.38013606736955     
          49          48   1.43912572241046     
          50          43   1.34462124009773     
          51          50  0.976659942798847     
          52          51   1.38134543057757     
          53          52   1.43867906116375     
          54          53   1.42727328874219     
          55          54   1.42764723433678     
          56          51   1.38205950420171     
          56          55   1.43815861775387     
          57           5   1.32939059005707     
          57          50   1.34537041675402     
          58          57  0.980648456072084     
          59          58   1.38018846460301     
          60          59   1.43901113775475     
          61          60   1.42711133409582     
          62          61   1.42724178357580     
          63          58   1.38045076041033     
          63          62   1.43895647798398     
          64           4   1.37792531447503     
          65           1   1.42566406867061     
          65          64   1.44103607795173     
          66           1  0.947425288746916     
          67           2  0.946430748951505     
          68           3  0.947186626230696     
          69           6  0.940881431628887     
          70           9  0.944647158710527     
          71          10  0.942604543267066     
          72          16  0.944900331434848     
          73          17  0.945373219053102     
          74          18  0.945691815903879     
          75          19  0.942154026090015     
          76          22  0.941129023397434     
          77          23  0.945396863353731     
          78          24  0.945118419210481     
          79          25  0.938290514525702     
          80          30  0.944806843132145     
          81          31  0.943772278143588     
          82          34  0.945043762621227     
          83          35  0.945736034251611     
          84          36  0.949111103580713     
          85          38  0.948504844293128     
          86          39  0.943430566002870     
          87          40  0.945083308691070     
          88          41  0.944567044277714     
          89          42  0.943239986592861     
          90          45  0.946664221710128     
          91          46  0.946517756957692     
          92          47  0.947379135088308     
          93          48  0.946330403098082     
          94          49  0.946231675040437     
          95          52  0.946503523699875     
          96          53  0.946401452184644     
          97          54  0.947415642921930     
          98          55  0.946385211830929     
          99          56  0.946389619845075     
         100          59  0.946304197333714     
         101          60  0.946408144286291     
         102          61  0.947451576609917     
         103          62  0.946387810107775     
         104          63  0.946610596939089     
         105          64  0.945892722444749     
         106          65  0.946417254918943     
