 -8.148552963252520E-002
  5.934673278650937E-003
 -6.693756032272447E-002
  4.056191541908838E-003
 -8.743816962197926E-002
 -9.426217515377644E-002
  0.118642503898760     
 -6.905095703103470E-002
 -2.179657033952065E-002
 -1.893190995322414E-002
  3.183968416677940E-002
  0.113770144656387     
 -0.224949643460357     
  0.192625570303705     
  2.664475807837796E-003
 -0.225118579491077     
  0.114212098249851     
  2.715697737032841E-002
 -2.269065516749258E-002
 -2.282035458681708E-002
 -2.794301980872937E-002
 -2.356555282965456E-002
 -2.456474683900467E-002
 -0.215182500746755     
 -2.068114969019597E-002
 -2.270653579224735E-002
 -9.417857984042222E-002
  2.343546943171404E-003
 -8.717041496918121E-002
 -6.684971871499990E-002
  5.929077605471456E-003
 -8.150087290652586E-002
 -6.697640960562445E-002
  4.329787337634450E-003
 -8.752366101624887E-002
  2.239468910303355E-003
 -8.712134389480042E-002
 -6.665170328742853E-002
  4.002959071105328E-002
  4.298494799241781E-002
  4.143348574088823E-002
  3.297774567524581E-002
  3.685462238700277E-002
  4.611953752836406E-002
  4.230080415753235E-002
  4.352951059999088E-002
  4.903916837371214E-002
  4.716028678718431E-002
  4.161921166146099E-002
  4.241683265819485E-002
  4.127045510653882E-002
  4.602811196932299E-002
  4.784541293780875E-002
  4.305530632602528E-002
  4.388967524668630E-002
  4.193140622914748E-002
  3.883186938746763E-002
  3.292312477241899E-002
  3.956424090943245E-002
  4.220969942726538E-002
  4.269750178126008E-002
  3.286711106998519E-002
  4.640508585880787E-002
  3.681094944150098E-002
  4.224523814026582E-002
  3.867489010205416E-002
  4.223937537186051E-002
  4.353825407886380E-002
  3.286066220176564E-002
