 -0.194946283648226     
  0.101417482594720     
  1.397082898489321E-002
  7.877570031451642E-002
 -9.255621277915616E-002
  3.791086020284684E-002
 -4.327998631027086E-002
 -3.360082730885505E-002
 -4.179002180020586E-002
 -3.096346502423319E-002
 -1.977461498557798E-002
 -1.977399132745017E-002
 -3.095411652107494E-002
 -4.178405902004556E-002
 -3.359219280903591E-002
 -4.325624901678893E-002
  3.790223385488023E-002
  1.398323879866981E-002
  0.101432065652858     
 -0.194963209840456     
  7.750829274591142E-002
 -9.335756319186217E-002
  3.718309847742152E-002
 -4.340560008319017E-002
 -3.465012086068153E-002
 -4.247898530823147E-002
 -3.191284755185997E-002
 -2.023634521780160E-002
 -2.051992797252922E-002
 -3.182530070353984E-002
 -4.229562894318128E-002
 -3.415687267210288E-002
 -4.263579552911789E-002
  3.715153765700130E-002
  6.354568591263288E-002
 -9.967179285790095E-002
  3.633640597217624E-002
 -4.621244197564511E-002
 -3.643663871691860E-002
 -4.500374642983029E-002
 -3.331725066384994E-002
 -2.276763202264487E-002
 -2.276584948019345E-002
 -3.332624974074694E-002
 -4.503240519807772E-002
 -3.647085355305979E-002
 -4.623237712961625E-002
  3.643207062850573E-002
  7.761855465596268E-002
 -9.321339511865823E-002
  3.716245433994203E-002
 -4.348916174516759E-002
 -3.462255044926188E-002
 -4.246498097858797E-002
 -3.190395412661395E-002
 -2.030182342476206E-002
 -2.060000712282850E-002
 -3.183907873302427E-002
 -4.233299980561878E-002
 -3.417379470298521E-002
 -4.270179188728296E-002
  3.724221819051987E-002
  3.823513665326195E-002
  4.423257768327660E-002
  4.120504630648669E-002
  4.360779475780452E-002
  4.360891618774088E-002
  4.120383936313710E-002
  4.422986826766240E-002
  3.818942729236274E-002
  3.972744638193759E-002
  4.431207806840542E-002
  4.108099935059295E-002
  4.329960896742413E-002
  4.293225806936851E-002
  4.062668630050881E-002
  4.437918484831849E-002
  3.970697352795927E-002
  3.924233671686372E-002
  4.382420956524580E-002
  4.010118664083806E-002
  4.245983521079844E-002
  4.246050126473078E-002
  4.010783221903003E-002
  4.381500789071058E-002
  3.928702066877698E-002
  3.970829442257551E-002
  4.431750998826234E-002
  4.108764424180367E-002
  4.331015114813708E-002
  4.294358488006222E-002
  4.063798560869358E-002
  4.437924803981186E-002
  3.975807477268456E-002
