 NM
 VELO
 MMASS
   632.818599999998     
 LFAKTOR
  0.5
 RFAKTOR
  1.0
 WIDTH
  0.20
 SHIFT
  0.00
 DATXY
   1    4.0292     0.093489     0.024482    16.852459    10.672757
   2    4.0316     0.045521     0.022441    11.474607    11.106866
   3    4.0600     0.009249     0.002316   -24.404200   -21.013350
   4    4.0745     0.078479     0.015898    25.072993    11.960925
   5    4.1328     0.834172     0.224729   212.076067   168.791636
   6    4.1729     0.043562     0.013471   127.328286   138.525885
   7    4.2226     0.151304     0.023545   -44.289850   -44.357447
   8    4.2498     0.332736     0.083699  -221.990844  -216.702278
   9    4.3512     0.024670     0.001695    -3.870564     2.152524
  10    4.3596     0.027061     0.001273    -2.518206    -3.342951
  11    5.0543     0.000649     0.000655    -0.940610    -0.662420
  12    5.0795     0.000818     0.000055    -0.532667     0.525280
  13    5.1261     0.001568     0.013602     4.668241   -11.011711
  14    5.1504     0.014341     0.034019     1.679771    36.551002
  15    5.2317     0.389702     0.297805    56.002341   -28.015319
  16    5.4140     0.084833     0.022444    -2.764830     0.293717
  17    5.4383     0.062247     0.013934   -54.632267   -25.634177
  18    5.5463     0.010795     0.005338    41.744776    22.931364
  19    5.5817     0.001688     0.002714     9.190630     3.584995
  20    5.6689     0.001344     0.003151     2.662045     2.857875
  21    5.7175     0.007886     0.001240     2.756851    -0.578224
  22    5.7806     0.009524     0.003323   -11.823774     3.736652
  23    5.7892     0.007492     0.003084     2.626070     2.209899
  24    5.7964     0.009775     0.006854     7.809992    -1.735129
  25    5.8403     0.000181     0.000227     0.192791     0.143119
  26    5.8487     0.000641     0.000190    -1.312946    -1.116292
  27    5.8892     0.084544     0.066582    83.154899    57.334727
  28    5.9215     0.110314     0.032982  -110.288142   -88.431701
  29    5.9313     0.003091     0.001742    -1.641228    -2.447392
  30    5.9543     0.256299     0.069477    64.898791    55.060449
  31    5.9704     0.018011     0.009705     2.475084    -0.552321
  32    6.0009     0.081023     0.013200   -32.204918   -21.564701
  33    6.0459     0.029014     0.006259    12.165232    12.624863
  34    6.0930     0.008203     0.001865     9.712065    -6.654334
  35    6.1370     0.014519     0.002707     8.529171     3.542588
  36    6.1850     0.000250     0.012821    -0.832993    -1.121525
  37    6.2921     0.287887     0.277753   -32.981348   -44.505164
  38    6.3521     0.011449     0.066385    37.878663    55.094484
  39    6.3644     0.024164     0.015917   -10.968987    -7.802984
  40    6.3713     0.004525     0.041570   -27.427773    -9.289900
  41    6.3922     0.005359     0.010131    -0.452978     2.918575
  42    6.4210     0.003589     0.002196    -4.999862    -2.941313
  43    6.4409     0.000080     0.001875     1.369184    -4.024678
  44    6.4865     0.009848     0.004320    -6.447359    -7.060689
  45    6.5316     0.010903     0.002977    60.734832    28.748011
  46    6.5498     0.015505     0.016344    -7.993546    11.021807
  47    6.5625     0.018981     0.020275   -16.929946   -13.321918
  48    6.5983     0.004200     0.012196    25.699072     3.241572
  49    6.6148     0.010545     0.020990   -32.677633     3.222524
  50    6.6540     0.740555     0.225489   -27.418382   -22.150632
  51    6.6815     0.863689     0.272101    90.407933    44.514716
  52    6.7263     0.018693     0.002191    -5.046178    -4.384118
  53    6.7824     0.000838     0.002003    -0.308014    -1.353501
  54    6.7917     0.003533     0.022109   -20.426993    -8.798651
  55    6.8223     0.006063     0.009220     3.269607    -8.428545
  56    6.8554     0.005720     0.004767    14.185875     6.128166
  57    6.8978     0.160407     0.013794   -11.668599     1.837756
  58    6.9124     0.099852     0.018316   -23.640360   -16.309216
  59    6.9144     0.028250     0.006523   -30.638802   -11.028512
  60    6.9228     0.005934     0.001725     7.954355     4.009212
  61    6.9303     0.014820     0.012924   -17.024465     5.246714
  62    6.9317     0.115542     0.030776   -29.274217    18.370764
  63    6.9403     0.106953     0.027713    54.909640    -1.189821
  64    6.9438     0.009164     0.007579    -4.558824     4.996993
  65    6.9594     0.007788     0.004637    -2.066461    -8.403343
  66    6.9713     0.006815     0.001719    -3.667457    -2.804061
  67    6.9819     0.042230     0.011705    44.983494     2.574229
  68    6.9985     0.025348     0.007374     6.233904     7.223171
  69    7.0042     0.016161     0.004360    -1.642718    -2.141013
  70    7.0448     0.000294     0.000249     0.316488     0.131056
  71    7.0615     0.005946     0.005875    -9.853043    -8.766692
  72    7.0727     0.002739     0.000601    -5.368457     1.752702
  73    7.1054     0.011142     0.015114     6.280788    -1.703976
  74    7.1287     0.014978     0.003981   -29.791520   -20.451475
  75    7.1315     0.022913     0.006769    -5.626782    -2.872244
  76    7.1391     0.018700     0.006752    -7.451195     7.035080
  77    7.1477     0.075921     0.018126    33.505597    18.799919
  78    7.1543     0.041954     0.016970   -51.284939   -43.068162
  79    7.1631     0.063214     0.024220    65.070684    45.647225
  80    7.1708     0.085062     0.022352   -13.032902   -11.203013
  81    7.1972     0.378058     0.089791   -52.483672   -68.851529
  82    7.2110     0.196715     0.045506  -155.079125  -123.041646
  83    7.2215     0.010892     0.002092     6.798476     3.938355
  84    7.2233     0.038924     0.009894    39.627946    29.323370
  85    7.2491     0.092499     0.025468    -8.597230   -22.767659
  86    7.2520     0.061498     0.015517   112.736989     8.186596
  87    7.2604     0.007557     0.013823    -6.240130    -7.439880
  88    7.2614     0.019006     0.012504     8.818884    39.300086
  89    7.2773     0.050632     0.020424   -22.880395    -0.979860
  90    7.2836     0.071728     0.016906   -97.102397   -53.779135
  91    7.2919     0.040495     0.014728     4.030534     8.358219
  92    7.2954     0.014856     0.005895   -18.829926    -8.354187
  93    7.3162     0.076491     0.039534     8.368530    10.096111
  94    7.3247     0.074979     0.018380   -46.547528    10.295577
  95    7.3331     0.186883     0.037942    46.874941   -54.445597
  96    7.3472     0.152842     0.056588  -164.588382  -162.643917
  97    7.3620     0.205680     0.130942  -164.432198   -77.673952
  98    7.3694     0.279571     0.115591   454.415717   335.699592
  99    7.3955     1.912481     0.561427   -14.657684   -34.205970
 100    7.3969     0.166340     0.099810   -18.056169    73.227950
 101    7.4210     0.003529     0.000736    -0.598079    -1.062757
 102    7.4241     0.209360     0.074473    85.216419    59.292922
 103    7.4383     0.083367     0.026578     6.041545    -1.920303
 104    7.4527     0.000204     0.002099     0.715452    -1.785839
 105    7.4799     0.004451     0.000961    19.494175     8.243222
 106    7.4894     0.039302     0.018173   -69.409732   -58.397338
 107    7.5036     0.018566     0.004566    20.183644    22.787251
 108    7.5378     0.171306     0.037277   -66.748393    14.776156
 109    7.5665     0.067583     0.022643   -46.153380   -42.982208
 110    7.5907     0.077350     0.026464    32.552091   -60.751632
 111    7.6107     0.139442     0.045807    80.733159   152.438007
 112    7.6280     0.345416     0.060664    11.372404    13.031292
 113    7.6375     0.109251     0.016445    35.207900    17.169394
 114    7.6584     0.019757     0.009828    27.541254     7.199952
 115    7.7010     0.037966     0.055731   -79.673066   -42.857697
 116    7.7143     0.091413     0.016764    98.538772    61.288208
 117    7.7195     0.035766     0.008490   -16.106860    -0.793213
 118    7.7369     0.156527     0.029620   -67.416705   -43.674772
 119    7.7551     0.014912     0.027805   -65.850937   -49.283537
 120    7.7807     0.017314     0.001528     0.637724    12.928467
 121    7.7997     0.020437     0.014691     3.768152     1.248408
 122    7.8085     0.015388     0.001437   -13.701631    -2.109410
 123    7.8189     0.299863     0.072403   -64.213614   -52.409413
 124    7.8244     0.053972     0.020299   195.704554   152.934029
 125    7.8340     0.005476     0.075103   -26.098230   -31.805302
 126    7.8559     0.024485     0.034050     2.064147   -46.996023
 127    7.8783     0.144180     0.006487    19.468019    12.301170
 128    7.8854     0.035012     0.020228   -14.060733   -12.539345
 129    7.9046     0.060717     0.025802   -84.691806   -82.880543
 130    7.9110     0.018485     0.004519     9.592441   -11.482053
 131    7.9181     0.004009     0.006134    12.194267    -6.406790
 132    7.9215     0.017757     0.005103    21.985771    26.829192
 133    7.9422     0.046617     0.020162   -46.609976   -44.880192
 134    7.9523     0.062538     0.021936   -14.813036   -15.637905
 135    7.9638     0.008020     0.006253   -18.793045     1.523978
 136    7.9695     0.037617     0.017308   -33.861796   -17.134416
 137    7.9939     0.021888     0.006020    36.275864    24.938093
 138    8.0003     0.052648     0.019655   -23.189554   -12.765509
 139    8.0147     0.027273     0.045480    28.916544    56.124912
 140    8.0209     0.023116     0.020087    -7.776148    -5.709559
 141    8.0382     0.025239     0.010535    26.317207    29.571395
 142    8.0454     0.027910     0.014871   -16.547069    -7.745337
 143    8.0522     0.046496     0.021351    17.619757    44.088101
 144    8.0571     0.066523     0.042314    24.487236    61.293859
 145    8.0663     0.003928     0.006896    -7.973963    10.664039
 146    8.0781     0.074863     0.033380   112.921468    92.638404
 147    8.0810     0.111661     0.041163  -147.643017  -128.636586
 148    8.0939     0.001646     0.000795    -2.205228    -0.795399
 149    8.1023     0.011644     0.005500     0.684944     7.017725
 150    8.1080     0.231612     0.051837  -102.004243  -112.879844
 151    8.1282     0.208812     0.035897    76.977565     0.010103
 152    8.1436     0.018804     0.009111    -9.015409     8.965207
 153    8.1520     0.000553     0.008110     0.869943    -1.159635
 154    8.1694     0.000715     0.008325     5.043817     7.489457
 155    8.1725     0.024451     0.016360   -33.955241    17.925394
 156    8.1896     0.029540     0.006044    19.511006    -8.513474
 157    8.1932     0.043431     0.013774   -11.786160    -2.594629
 158    8.1991     0.027555     0.022549    29.531672    44.607416
 159    8.2085     0.008267     0.041037    12.095197    14.193588
 160    8.2149     0.017819     0.030207   -18.377269   -25.150008
 161    8.2163     0.012608     0.007837     3.557582     3.370770
 162    8.2206     0.014169     0.012131     4.210896     3.896351
 163    8.2282     0.013189     0.108794    14.316002    44.145649
 164    8.2350     0.013359     0.009932    -3.835318    -4.754796
 165    8.2365     0.007728     0.041172    15.685258   -87.110625
 166    8.2467     0.028941     0.056691    21.169130    28.029468
 167    8.2548     0.048221     0.018058   -13.704499    -2.714225
 168    8.2609     0.051173     0.041843    81.507476    65.547149
 169    8.2638     0.011140     0.007652   -10.382857    -0.364029
 170    8.2828     0.022331     0.020038   -26.152474   -38.183510
 171    8.2916     0.002917     0.001856    17.860569    16.477478
 172    8.2968     0.011769     0.020057     9.188748     7.971987
 173    8.3000     0.001108     0.006771    -3.037018     6.159415
 174    8.3044     0.006306     0.004069    -1.788118    -3.789214
 175    8.3088     0.007815     0.004129    -2.977573    13.123314
 176    8.3134     0.013216     0.008714   -14.331877   -19.532219
 177    8.3148     0.018723     0.009867   -28.901768   -23.069813
 178    8.3215     0.011556     0.001999   -14.085484    -4.873535
 179    8.3268     0.004694     0.001654     4.004233     2.332639
 180    8.3294     0.009873     0.017202     8.135046    16.473052
 181    8.3327     0.023051     0.012002    -2.549823     0.521398
 182    8.3362     0.027968     0.010849   -41.261041   -32.323022
 183    8.3457     0.016099     0.007887    -1.852424     1.906225
 184    8.3547     0.036406     0.006378   -15.739714   -20.732057
 185    8.3604     0.128561     0.021921    18.612385    17.163794
 186    8.3774     0.031511     0.022262   -13.679013    -6.102877
 187    8.3940     0.053976     0.037801     6.841934    -4.873757
 188    8.4060     0.002148     0.000267    -3.686244    -0.782311
 189    8.4158     0.000428     0.001738     0.415389     3.768216
 190    8.4208     0.019160     0.020800    -7.778048    -2.547260
 191    8.4371     0.022792     0.011272     0.230745    -2.023344
 192    8.4421     0.000654     0.000839     0.750053     0.109096
 193    8.4436     0.011653     0.008996    -7.563580    -2.492863
 194    8.4657     0.009807     0.001796     4.658657     3.434429
 195    8.4668     0.004001     0.001196     3.552459     0.298897
 196    8.4746     0.004715     0.002485    -2.051616    -5.255392
 197    8.4799     0.006341     0.003587    -8.061724    -3.420809
 198    8.4807     0.002018     0.001107     4.598464     3.493874
 199    8.4871     0.008660     0.002095     0.675483     1.254974
 200    8.4901     0.004184     0.001453     0.957694     2.053337
 201    8.5001     0.002201     0.000273     0.835332    -1.225704
 202    8.5012     0.028045     0.012670    -1.079552    -0.473528
 203    8.5078     0.005826     0.000793     8.080896     3.516848
 204    8.5262     0.008057     0.001110    11.061459     5.034438
 205    8.5306     0.036210     0.004810    24.183045     9.625727
 206    8.5404     0.006842     0.006604    15.512784    21.916974
 207    8.5533     0.013630     0.002264    -8.016556    -2.931853
 208    8.5607     0.023393     0.007130    24.892999    11.912552
 209    8.5640     0.029704     0.005374    57.167615    15.385122
 210    8.5677     0.027482     0.009827   -15.266518     0.390660
 211    8.5709     0.014533     0.009484     9.605070     5.105100
 212    8.5803     0.010581     0.007365   -10.178241    -8.353236
 213    8.5898     0.003234     0.003741    -7.680197   -13.439442
 214    8.5917     0.000762     0.000257     0.411436     0.158577
 215    8.5949     0.003002     0.001487    -0.822365    -1.183421
 216    8.5969     0.001084     0.000376     0.173744     0.096885
 217    8.6080     0.033463     0.010632   -34.528916   -17.375246
 218    8.6171     0.035929     0.014448    23.956939     4.318489
 219    8.6253     0.007896     0.004411     5.161284     4.393643
 220    8.6258     0.005787     0.007322     0.634711    -3.726501
 221    8.6361     0.007333     0.001314    -0.672093    -2.122456
 222    8.6411     0.002496     0.001954     1.652440     0.966236
 223    8.6493     0.024541     0.004679     3.603587     3.044421
 224    8.6562     0.036669     0.004885    -9.474241     0.355451
 225    8.6598     0.003605     0.000937     0.653870    -1.388901
 226    8.6727     0.004710     0.002408     5.957614     8.847731
 227    8.6757     0.001299     0.001883    -5.600868    -3.771740
 228    8.6836     0.005246     0.000785    -4.767110    -1.525061
 229    8.6895     0.021972     0.005019   -10.097444    -7.161779
 230    8.6955     0.004893     0.001509     6.547115     6.127311
 231    8.6974     0.002773     0.001438     0.284649    -1.215551
 232    8.7212     0.022697     0.004668    16.759315     6.822373
 233    8.7261     0.005499     0.005484     6.702910   -10.958542
 234    8.7550     0.023405     0.011925    -8.715993    -8.045255
 235    8.7694     0.034022     0.011798    14.212758    10.813999
 236    8.7782     0.005534     0.002004    -0.829700     2.282499
 237    8.7791     0.019892     0.006415    -1.539562    -1.250135
 238    8.7855     0.009998     0.010313    -6.732992    -7.879439
 239    8.7938     0.030649     0.003104   -11.606655    -2.953133
 240    8.7961     0.010018     0.001341   -13.238565    -0.561434
 241    8.8021     0.011729     0.001248     0.221401    -0.240941
 242    8.8126     0.037479     0.009958   -51.576015   -21.540778
 243    8.8322     0.032578     0.010716   -10.790132     0.295537
 244    8.8390     0.008985     0.007378   -15.708098    -3.833173
 245    8.8424     0.017768     0.013265    31.626526    32.329241
 246    8.8624     0.000682     0.000180    -0.518975    -0.053152
 247    8.8660     0.006930     0.003976     0.410220    -2.489015
 248    8.8692     0.000774     0.001613     2.002809     1.644297
 249    8.8731     0.004434     0.002474    -9.342374    -5.620957
 250    8.9023     0.005976     0.002766   -16.930144    -4.108009
 251    8.9044     0.009557     0.006634    11.500814    11.746086
 252    8.9125     0.010063     0.008587   -12.794713   -13.672632
 253    8.9234     0.025001     0.017843   -14.147237    -3.960356
 254    8.9487     0.004979     0.003066    -0.183885    -0.496459
 255    8.9540     0.002278     0.001128     0.469552     6.906909
 256    8.9677     0.061094     0.018992   -75.992429   -50.426327
 257    8.9707     0.010056     0.006492     2.925453     7.666191
 258    8.9794     0.056079     0.013933   -42.701144   -31.019869
 259    8.9862     0.064748     0.027670    81.631014    50.569732
 260    8.9923     0.019565     0.006906    -1.623420     0.834981
 261    9.0087     0.036684     0.004529   -12.470926    -6.904688
 262    9.0115     0.029040     0.006944   -15.093929   -11.896892
 263    9.0156     0.053693     0.007948    11.894907     3.067375
 264    9.0311     0.078251     0.010263    61.613923    32.751615
 265    9.0388     0.017109     0.001888   -10.459058    -4.977097
 266    9.0433     0.112628     0.014899    -2.361981    -3.955996
 267    9.0458     0.009245     0.002367    -9.707450    -6.366332
 268    9.0492     0.001150     0.000774     0.771009     2.205113
 269    9.0529     0.000960     0.000281     0.351402     2.009413
 270    9.0587     0.051332     0.006692   -25.119055   -15.567152
 271    9.0629     0.045971     0.009722     1.275829     3.644341
 272    9.0687     0.021068     0.006157   -36.574586   -37.267312
 273    9.0760     0.074457     0.017397   -13.951205   -14.512830
 274    9.0837     0.068645     0.008333    16.469504    12.847701
 275    9.0924     0.013538     0.004392    15.671826    12.026907
 276    9.1005     0.014223     0.006831    13.334321    23.596247
 277    9.1047     0.009091     0.003071   -11.285446    -9.459017
 278    9.1119     0.033388     0.006216   -52.118937   -35.178624
 279    9.1139     0.019951     0.005879     6.740259     5.956519
 280    9.1178     0.037084     0.008592    11.896320     9.630270
 281    9.1215     0.060381     0.016019   -18.926762   -13.717068
 282    9.1253     0.021629     0.002026    18.806203    11.015357
 283    9.1316     0.028551     0.004533    15.011906    13.931552
 284    9.1367     0.023330     0.006989     6.996847     6.455702
 285    9.1414     0.044214     0.011505    23.177323    16.506380
 286    9.1453     0.008774     0.000711   -20.672900    -9.241197
 287    9.1511     0.012416     0.004952    -5.190235    -2.027644
 288    9.1557     0.014862     0.001562    10.068765     3.692791
 289    9.1766     0.025652     0.004016    13.448836     0.173055
 290    9.1790     0.014106     0.003941    20.004267    -3.137804
 291    9.1876     0.011714     0.004514     7.669447    -5.168330
 292    9.2075     0.009844     0.004187     8.489061    -0.796411
 293    9.2134     0.019999     0.012019   -15.526737   -11.985028
 294    9.2164     0.035204     0.013420   -19.490665     4.317864
 295    9.2219     0.003883     0.010229    -3.817290     9.307737
 296    9.2269     0.002292     0.000451    -7.116841     5.834395
 297    9.2316     0.001619     0.002376     9.031674    13.518326
 298    9.2341     0.009358     0.003073    -2.519229     2.047594
 299    9.2358     0.001186     0.001267    -8.795679    -9.167000
 300    9.2456     0.012136     0.007781    -1.612307     0.637943
 301    9.2506     0.012066     0.003565    13.175496    12.838192
 302    9.2654     0.002558     0.001136     2.234631    -5.824777
 303    9.2770     0.009208     0.003018     0.955923     2.451390
 304    9.2798     0.012334     0.006121     3.778471     3.865423
 305    9.2860     0.003644     0.002518    -5.688467    -3.945655
 306    9.2902     0.003496     0.003941     5.472279    -4.160490
 307    9.2939     0.003157     0.000408     6.457682    -0.772747
 308    9.2967     0.006121     0.001219    -2.454196    -2.060033
 309    9.3107     0.005208     0.003600   -12.609493    -5.031692
 310    9.3186     0.000813     0.000361     0.295471    -0.256885
 311    9.3312     0.000400     0.002778     1.798839    -0.267361
 312    9.3394     0.012295     0.005194     1.032869     1.325665
 313    9.3438     0.006252     0.008414    18.747718     7.520369
 314    9.3495     0.011783     0.017373    -0.867708    -3.396846
 315    9.3523     0.000829     0.001407     1.410542     4.602779
 316    9.3560     0.025883     0.018979    24.665676    11.214782
 317    9.3681     0.008618     0.001456    -5.366358    -3.655713
 318    9.3776     0.005387     0.002590    -0.417778    -6.012323
 319    9.3790     0.013335     0.003542    -0.600883    -0.686783
 320    9.3856     0.008815     0.000533    -7.863656    -4.208875
 321    9.3931     0.001295     0.002953    -2.059496    -1.192488
 322    9.4025     0.003419     0.001447    -1.805320    -0.057443
 323    9.4133     0.008762     0.002391     2.838874     0.978729
 324    9.4162     0.049698     0.005615    22.315313    12.090062
 325    9.4274     0.004299     0.011168    -4.492648    -6.235361
 326    9.4332     0.005721     0.002710    14.219984    12.695511
 327    9.4365     0.003158     0.014701    30.855515    12.190065
 328    9.4412     0.011545     0.007728   -35.077024   -11.440344
 329    9.4458     0.000445     0.008007     4.391171   -21.171902
 330    9.4532     0.001163     0.002581    -1.418520     2.128798
 331    9.4544     0.000907     0.002477     1.655561     2.699133
 332    9.4587     0.007238     0.003602     4.482077     5.457816
 333    9.4612     0.002873     0.001477    -4.185002    -0.395538
 334    9.4632     0.007695     0.002598    -6.486052     0.842229
 335    9.4692     0.002779     0.000415     4.191226     3.098563
 336    9.4736     0.014441     0.005426   -14.737370   -15.030944
 337    9.4776     0.016410     0.013172     5.754804     8.372391
 338    9.4922     0.027586     0.016586     7.568464    -9.199846
 339    9.4961     0.012553     0.021649     0.935475     2.271977
 340    9.5000     0.003633     0.004793     2.564798    16.067387
 341    9.5115     0.007076     0.007406    -6.920085   -12.506062
 342    9.5166     0.008917     0.003296    -4.399094    -3.142560
 343    9.5206     0.001791     0.002573    -4.773113    -5.007053
 344    9.5290     0.000655     0.001399    -2.823410     3.329152
 345    9.5366     0.001130     0.003427    -0.279380    -1.940647
 346    9.5648     0.010264     0.012873    15.327055    24.626294
 347    9.5691     0.002058     0.006004     6.064094     3.492460
 348    9.5751     0.005541     0.007742     1.984147     2.069801
 349    9.5817     0.006742     0.007766     0.837686    -0.492913
 350    9.5830     0.003267     0.001707     9.164272    -1.494507
 351    9.5860     0.004459     0.003347    -1.600629    -3.892016
 352    9.5993     0.005618     0.000873    -3.685408    -2.196336
 353    9.6032     0.001139     0.002226     6.084793     5.474874
 354    9.6120     0.000892     0.000692     6.191942     3.580536
 355    9.6185     0.000515     0.001222    -0.534964     3.608324
 356    9.6231     0.008314     0.003733   -22.340801   -10.648524
 357    9.6289     0.003272     0.001145     4.743089     1.363377
 358    9.6310     0.002833     0.002647    -2.208850    12.193566
 359    9.6446     0.002430     0.000004    -1.076753     0.266571
 360    9.6512     0.004695     0.004538     9.850833     1.389867
 361    9.6529     0.004224     0.011172    -2.559993    -6.919201
 362    9.6557     0.001018     0.001543    -3.062257    -2.189828
 363    9.6609     0.001070     0.000491    -2.525818     1.729969
 364    9.6661     0.002272     0.003086    -6.359435    -2.866994
 365    9.6743     0.015732     0.014533   -24.784486   -19.445771
 366    9.6778     0.002294     0.004533     0.203862     2.232804
 367    9.6886     0.003301     0.000976    28.394534    -3.974476
 368    9.6963     0.008733     0.016146    18.791819    27.962702
 369    9.7062     0.004619     0.003188     1.114041    -2.053667
 370    9.7083     0.009585     0.014321    -2.722384    11.808312
 371    9.7118     0.003111     0.009807     3.675756    -1.664241
 372    9.7198     0.007381     0.003990   -21.975915    -9.086591
 373    9.7527     0.005214     0.003041    -3.212137    -2.759639
 374    9.7566     0.008272     0.003888   -23.763701   -16.252935
 375    9.7628     0.001264     0.003861    -0.549543    -0.170627
 376    9.7677     0.003953     0.014278    -4.064826     3.218362
 377    9.7769     0.000462     0.000424     0.232824     0.979980
 378    9.7797     0.000754     0.004836     0.677586     3.293879
 379    9.7900     0.002821     0.008330    10.042491    -4.307796
 380    9.7989     0.005362     0.004467     6.759619     5.087336
 381    9.8009     0.003612     0.004359    -7.487568    -3.177417
 382    9.8052     0.001415     0.006571     5.853030    13.051398
 383    9.8077     0.000270     0.002214    -1.060457     3.283069
 384    9.8119     0.001611     0.003004    -1.843108    -4.144667
 385    9.8176     0.000883     0.000660     0.201336     1.849416
 386    9.8225     0.003446     0.002303    -4.356307    -7.068678
 387    9.8241     0.015878     0.001033    -4.847374    -1.533257
 388    9.8283     0.003488     0.001064     0.072862     2.202351
 389    9.8316     0.009365     0.003406    -3.845598    -4.779664
 390    9.8333     0.018085     0.007289     0.736618     1.275626
 391    9.8390     0.002465     0.001583     5.139709     1.258297
 392    9.8451     0.002761     0.001234    -4.492728    -2.532571
 393    9.8540     0.004678     0.001721     4.305988     2.770543
 394    9.8547     0.003426     0.003989     0.220321    -0.572005
 395    9.8633     0.000280     0.003101     1.426315    -0.679935
 396    9.8646     0.000586     0.000307     0.036937    -0.532300
 397    9.8700     0.003578     0.000630     0.906118     0.510281
 398    9.8778     0.014518     0.005592     2.184635    -1.317245
 399    9.8802     0.006859     0.004974    11.405811     6.951922
 400    9.8877     0.002370     0.003716    -1.514670     2.472188
 401    9.8927     0.000803     0.000370    -2.052228    -0.645062
 402    9.8966     0.005639     0.002814     9.990264     2.015520
 403    9.9079     0.008980     0.001601    -1.600760    -2.700539
 404    9.9089     0.002109     0.000812     0.822927     1.086074
 405    9.9141     0.008933     0.005338     2.954829    -0.554564
 406    9.9183     0.015697     0.006828     9.405122     4.977171
 407    9.9228     0.002164     0.001114    -1.710472     1.333411
 408    9.9245     0.002896     0.005692     4.781974     3.915749
 409    9.9275     0.011777     0.003764   -11.997437     4.569720
 410    9.9345     0.016576     0.005274    32.370470    17.400994
 411    9.9383     0.005000     0.001039   -13.862992    -6.946572
 412    9.9404     0.001029     0.002745     1.220303    -0.973705
 413    9.9461     0.027611     0.004778    19.753627     7.465731
 414    9.9536     0.037068     0.009468   -26.590947   -15.573758
 415    9.9562     0.039553     0.008176   -17.397013   -10.679588
 416    9.9645     0.012716     0.007009     0.244785     5.769600
 417    9.9685     0.000234     0.012949     1.900337    -8.677988
 418    9.9727     0.001429     0.001815    -3.551904    -6.868671
 419    9.9787     0.021571     0.007682    12.261847    16.818116
 420    9.9833     0.019535     0.004241    -0.880275   -11.569527
 421    9.9869     0.058000     0.014906   -17.675811   -10.562590
