           2           1   2.80403701888518     
           3           2   1.06781696133519     
           4           3   1.32764753509708     
           5           4   1.46228586240999     
           6           5   1.33739759554471     
           7           6   1.03638604819501     
           8           7   1.35159136930652     
           9           8   1.45938598858264     
          10           9   1.37087882322225     
          11          10  0.972161771187377     
          12          11   1.00760394239389     
          13          12   1.39144299542335     
          14          13   1.41725076445209     
          15          14   1.44097473158805     
          16          15   1.41147031069308     
          17          12   1.30456124037810     
          17          16   1.41070390363721     
          18          17   1.00786528987640     
          19          18   1.00849417702446     
          20          19   1.41076975081431     
          21          20   1.41134153558043     
          22          21   1.44091486468468     
          23          22   1.41728317139366     
          24          11   1.00896017711909     
          24          19   1.30399267165395     
          24          23   1.39113732348854     
          25          10   1.37431721560061     
          26           7   1.35723225051860     
          26          25   1.45535896724940     
          27           6   1.35410104092099     
          28           3   1.26789517365435     
          28          27   1.39011091306894     
          29          28   1.02618771938536     
          30          29   1.36292827720296     
          31          30   1.45049863337664     
          32          31   1.37737879352701     
          33          32  0.970778754029762     
          34          33   1.00799270029964     
          35          34   1.39133211709109     
          36          35   1.41736798473163     
          37          36   1.44102985768202     
          38          37   1.41118378735255     
          39          34   1.30468304996962     
          39          38   1.41109510523914     
          40          39   1.00715564701453     
          41          40   1.00847846165764     
          42          41   1.41109620292288     
          43          42   1.41093184764772     
          44          43   1.44116228570194     
          45          44   1.41714554011271     
          46          33   1.00957542909111     
          46          41   1.30362354708581     
          46          45   1.39110898376311     
          47          32   1.37183319545919     
          48          29   1.35480056779913     
          48          47   1.45762833430435     
          49           4  0.941670159956499     
          50           5  0.942783078983521     
          51           8  0.942584934908569     
          52           9  0.944800741631274     
          53          13  0.941091682788388     
          54          14  0.943844732319716     
          55          15  0.944544223491688     
          56          16  0.945739109132214     
          57          20  0.945729841493366     
          58          21  0.944575844819541     
          59          22  0.943920136845132     
          60          23  0.941426370989229     
          61          25  0.944861207230209     
          62          26  0.943055184922824     
          63          30  0.939065347791959     
          64          31  0.944657756879094     
          65          35  0.941121084559234     
          66          36  0.943803830200691     
          67          37  0.944596360203502     
          68          38  0.945778265475572     
          69          42  0.945778629947396     
          70          43  0.944618717467506     
          71          44  0.943918216648751     
          72          45  0.941327240464745     
          73          47  0.944642667001891     
          74          48  0.943187700277675     
