           2           1  0.953831132528083     
           3           2  0.952725849370326     
           4           2  0.947073148211256     
           5           4   1.40187609225260     
           6           5   1.43179643567054     
           7           6   1.41572499880801     
           8           7   1.45057129099256     
           9           4   1.33255529246083     
           9           8   1.35788242933024     
          10           9   1.02579720052563     
          11          10  0.957051625915600     
          12          11   1.51145194444288     
          13          12   1.30102202938410     
          14          13   1.55398128485601     
          15          14   1.25707128928959     
          16          15   1.27317483521203     
          17          16   1.43516337812512     
          18          17   1.09006827062766     
          19          18   1.33220236546580     
          20          19   1.47529105286679     
          21          20   1.38096431772533     
          22          21   1.47111517708094     
          23          18   1.28490870875798     
          23          22   1.34242164930922     
          24          23   1.07316759966220     
          25          24   1.34185680926339     
          26          25   1.47145139517434     
          27          26   1.38052973089232     
          28          27   1.47584759298234     
          29          24   1.28552537146508     
          29          28   1.33113553666583     
          30          17   1.16113183512870     
          30          29   1.09093803143592     
          31          30   1.43310012835661     
          32          11   1.20880847614326     
          32          15   1.17948573521954     
          32          31   1.28341698459065     
          33          10   1.02733440972041     
          34          33   1.35478590610634     
          35          34   1.45381593705287     
          36          35   1.41304415535101     
          37          36   1.43407288797214     
          38           2  0.947324572829145     
          38          33   1.33550455964038     
          38          37   1.39892756542237     
          39           1  0.975956289951085     
          40           1  0.975604830940864     
          41           1  0.977625311768330     
          42           3  0.976216669803594     
          43           3  0.976807869726738     
          44           3  0.975958546781353     
          45           5  0.942279295292804     
          46           6  0.944776681305768     
          47           7  0.943984602429716     
          48           8  0.940520987329058     
          49          12  0.944313760604131     
          50          13  0.942339537560714     
          51          14  0.941703108200704     
          52          19  0.943816328983472     
          53          20  0.945341117339581     
          54          21  0.945557411875369     
          55          22  0.942790852520445     
          56          25  0.942863600795029     
          57          26  0.945620534440139     
          58          27  0.945344068333749     
          59          28  0.942294863871529     
          60          34  0.941731027861624     
          61          35  0.944029543494481     
          62          36  0.944949471207195     
          63          37  0.942515372908327     
