 -8.151410053784591E-002
  8.326308693151763E-003
 -6.502390401256708E-002
  6.217594201153531E-003
 -8.976201670753703E-002
 -9.084199397866222E-002
  0.121190776326809     
 -6.195785197770576E-002
 -1.960339874271444E-002
 -1.966455363709230E-002
  2.150262768401801E-002
  0.106961550938887     
 -0.209926681800276     
 -1.966482403437286E-002
  7.393251152009217E-002
 -9.440524595007460E-002
  3.628252750444982E-002
 -4.615235316573951E-002
 -4.043078276575329E-002
 -4.925623429796744E-002
 -3.630276320429271E-002
 -2.487790142201707E-002
 -2.524651741112383E-002
 -3.603143073241633E-002
 -4.906020662379529E-002
 -3.983603389200585E-002
 -4.441932842853191E-002
  4.086134727317647E-002
 -9.527683187330638E-002
  3.812368631729512E-003
 -8.882504773877908E-002
 -6.683388282787828E-002
  6.619569486645105E-003
 -8.124818315294569E-002
 -6.793718957636852E-002
  7.527069364923200E-004
 -9.186700728156794E-002
  4.397995106155683E-003
 -9.204238316115276E-002
 -6.486841186476422E-002
  4.062178943417338E-002
  4.231254171679455E-002
  4.032648197308830E-002
  3.261995327472944E-002
  3.620936745043590E-002
  4.394088700693333E-002
  4.477228128142763E-002
  5.217047500035432E-002
  5.122304325954574E-002
  5.087098211191032E-002
  3.918504529403810E-002
  4.279866252825626E-002
  3.966422217177423E-002
  4.169238956061794E-002
  4.123527236959368E-002
  3.928200591649389E-002
  4.217835384040836E-002
  4.155418338616135E-002
  3.673818568301856E-002
  4.232665570141747E-002
  4.724636008102956E-002
  3.319850781920675E-002
  4.282443067269892E-002
  4.228538145114413E-002
  3.978744153776026E-002
  3.291767595464290E-002
  4.296493062486439E-002
  4.506531369903011E-002
  3.827525443175928E-002
  4.105891385516314E-002
  4.116049549872880E-002
  4.086258547365651E-002
  3.264910643566821E-002
