 -3.743273864805907E-002
 -3.496097265392883E-002
 -3.838851551398115E-002
  2.484524579209335E-003
 -1.395367086203425E-002
 -3.284658450204425E-003
 -4.003299161179985E-002
 -3.581941746960826E-002
 -3.581377003804143E-002
 -4.002361644382901E-002
 -3.287411576190280E-003
 -1.395843419609566E-002
  2.484380135308051E-003
 -3.839050366899066E-002
 -3.496092918993021E-002
 -3.743534457405140E-002
 -3.496105490534518E-002
 -3.838946412933453E-002
 -3.288855440840344E-003
 -4.002920280467848E-002
 -3.581553028867823E-002
 -3.582130719844034E-002
 -4.004028262274684E-002
 -3.286309332928283E-003
 -3.838569595928387E-002
 -3.496144596013195E-002
  3.786527839204623E-002
  3.856631529185672E-002
  3.707231544358380E-002
  4.201277664483527E-002
  4.035905380198768E-002
  4.036002428178842E-002
  4.200742400077107E-002
  3.706531682502734E-002
  3.856578324648607E-002
  3.786449408764758E-002
  3.856594083234344E-002
  3.706524339116712E-002
  4.200953143495911E-002
  4.035945264645391E-002
  4.035810264067197E-002
  4.201747625112096E-002
  3.707251604726292E-002
  3.856617356459013E-002
