           2           1   2.81897691057645     
           3           2   1.05803911781832     
           4           3   1.36108251716845     
           5           4   1.37523491540990     
           6           5   1.03952586571507     
           7           6   1.34656430981230     
           8           7   1.33687279847592     
           9           8   1.04725669717746     
          10           9   1.35461939213309     
          11          10   1.45131881116393     
          12          11   1.42022062336964     
          13          12   1.42002438642784     
          14           9   1.35436718381365     
          14          13   1.45150634817299     
          15           8   1.34568862335700     
          16          15   1.34600333002139     
          17          16   1.04744134886786     
          18          17   1.35439409735567     
          19          18   1.45145108002862     
          20          19   1.42007714957255     
          21          20   1.42012159328963     
          22          17   1.35444480965860     
          22          21   1.45146768640783     
          23           6   1.34808519878454     
          23          16   1.33607133860403     
          24           5   1.33552499232347     
          25          24   1.46164277353496     
          26           3   1.28424702032091     
          26          25   1.37445398751502     
          27          26  0.996238024217461     
          28          27   1.00418952977229     
          29          28   1.39589618907885     
          30          29   1.42320028679766     
          31          30   1.42712882458685     
          32          31   1.42395903355058     
          33          28   1.28793335193787     
          33          32   1.39402098109940     
          34          33   1.01836672323910     
          35          34   1.03835600958890     
          36          35   1.38890951275855     
          37          36   1.43765383089267     
          38          37   1.40286136160603     
          39          38   1.45534152376066     
          40          35   1.24633992741447     
          40          39   1.36151873800022     
          41          40   1.10912207124047     
          42          27   1.09291955540733     
          42          34   1.08556112978441     
          42          41   1.54254297310637     
          43           4  0.939833326466177     
          44          10  0.945920511084435     
          45          11  0.946444646950518     
          46          12  0.947308735297142     
          47          13  0.946495180064059     
          48          14  0.945838407030750     
          49          18  0.945850130346656     
          50          19  0.946494017814025     
          51          20  0.947312619814873     
          52          21  0.946477107298163     
          53          22  0.945897535485878     
          54          24  0.941224676662407     
          55          25  0.941578839444043     
          56          29  0.941338665745253     
          57          30  0.942505634954420     
          58          31  0.942484883461513     
          59          32  0.943678884918305     
          60          36  0.944195237436304     
          61          37  0.944012030886858     
          62          38  0.944568623110234     
          63          39  0.944590947510670     
