 -0.221646163626468     
  0.101767865932138     
  7.772834864983480E-003
 -2.254901706977730E-002
 -3.428842741863214E-002
  7.554951276319333E-003
 -5.018214806810928E-002
 -4.898105736551539E-002
 -5.238589607382327E-002
 -1.859672939897461E-002
 -4.686676486423647E-002
 -4.683234238009426E-002
  5.109700284863683E-002
 -0.127116516256001     
  5.218455291553648E-002
 -4.757877039836433E-002
 -3.196450317285482E-002
 -4.608335561219778E-002
 -3.532640446773883E-002
 -4.666901617262020E-002
  5.404035762613990E-002
 -4.338655969751315E-002
 -3.407501795477330E-002
 -4.694372249736389E-002
 -3.519383345041227E-002
 -4.533652213108308E-002
 -4.538715615994970E-002
 -4.541767452847534E-002
 -3.201857948112785E-002
 -2.018528024979371E-002
  4.670025776432274E-002
  3.889268206237040E-002
  4.430636668171961E-002
  3.521247370878933E-002
  3.622248496222535E-002
  3.158751975178453E-002
  4.339196577564408E-002
  3.349320605365735E-002
  3.810070082123640E-002
  3.940361652507463E-002
  3.849199976541218E-002
  4.433704343990263E-002
  3.829869154827137E-002
  4.086027677423809E-002
  3.711386322423893E-002
  3.894620231429202E-002
  4.170656371370740E-002
  3.819840720829049E-002
  4.106173164103211E-002
  3.767011585822344E-002
  4.016532675919993E-002
  3.903299843468233E-002
  3.961554492111530E-002
  4.778385332271518E-002
