           2           1   2.81991805434617     
           3           2   1.05671204280596     
           4           3   1.33409689746064     
           5           4   1.46125066028609     
           6           5   1.37715784206211     
           7           6  0.983475699687131     
           8           7  0.975905504222942     
           9           8  0.978147859966249     
          10           9  0.979942354972871     
          11          10   1.38953077792937     
          12          11   1.44471402749909     
          13          12   1.36845099593121     
          14          13   1.00382529702815     
          15          14  0.995380557660401     
          16          15   1.37271839647256     
          17          16   1.44285736957417     
          18          17   1.42439456999089     
          19          18   1.42447582046284     
          20          15   1.37157345459165     
          20          19   1.44331581002473     
          21          14  0.994392433591574     
          22          21   1.37260318167882     
          23          22   1.44336093961890     
          24          23   1.42436707096569     
          25          24   1.42442243545291     
          26          21   1.37228149207964     
          26          25   1.44322565709538     
          27          13   1.36369498067351     
          28          10   1.38261401088923     
          28          27   1.45271613872785     
          29           6   1.38614295369317     
          30           3   1.34098369908673     
          30          29   1.45198643920728     
          31           4  0.945367193251423     
          32           5  0.944985013083343     
          33           7  0.955023405661542     
          34           7  0.964451335943536     
          35           8  0.963983663867385     
          36           8  0.966686135584530     
          37           9  0.955464108184447     
          38           9  0.965491056538841     
          39          11  0.943417278932252     
          40          12  0.944455977954940     
          41          16  0.941653224316644     
          42          17  0.944361477203416     
          43          18  0.946589919107545     
          44          19  0.945383642135931     
          45          20  0.946237151485693     
          46          22  0.946255513423427     
          47          23  0.945295531129104     
          48          24  0.946618977702501     
          49          25  0.945326066896810     
          50          26  0.946229107094958     
          51          27  0.944315313092571     
          52          28  0.944396756968150     
          53          29  0.943662216817424     
          54          30  0.945246394950922     
