           2           1  0.999242942195278     
           3           2  0.968006192716132     
           4           3  0.969229542866718     
           5           4  0.999103791302704     
           6           3   1.12439104282160     
           7           6   1.27752613817444     
           8           7   1.52365230346994     
           9           8   1.29750270129829     
          10           9   1.25534937600133     
          11           6   1.34760672718619     
          11          10   1.41060847306053     
          12          10   1.05873553155168     
          13          12  0.991190994622814     
          14          13   1.76990854646472     
          15          13   1.05751767091654     
          16          15   1.05964722737489     
          17          16   1.77203496710711     
          18          16  0.986307987293209     
          19          18   1.06198221995101     
          20          19   1.39743307539074     
          21          20   1.36902224521371     
          22          21   1.06456808332817     
          23          22  0.968377102391776     
          24          23   1.38308266424569     
          25          24   1.43414606613209     
          26          25   1.41915448684171     
          27          26   1.43761363700708     
          28          23   1.34680943389685     
          28          27   1.38727016381615     
          29          28   1.00614552667307     
          30          29   1.00414792087002     
          31          30   1.38714974302527     
          32          31   1.43767784888083     
          33          32   1.41948537270839     
          34          33   1.43387109779243     
          35          22  0.964723014848431     
          35          30   1.34888873681004     
          35          34   1.38408392797278     
          36          21   1.29726022287573     
          37          36   1.51085542506285     
          38          19   1.26348683767079     
          38          37   1.30682300963037     
          39           9   1.11776563399520     
          39          15   1.42365566770688     
          39          38   1.10404213036378     
          40           1  0.976073219937487     
          41           1  0.983034617316143     
          42           1  0.984355614411700     
          43           2  0.965421987883917     
          44           2  0.969347074531241     
          45           4  0.965520193275863     
          46           4  0.968990970499478     
          47           5  0.984152454108777     
          48           5  0.983012690811668     
          49           5  0.976147884288125     
          50           7  0.941306376684572     
          51           8  0.936061014312578     
          52          11  0.942026888104529     
          53          20  0.939785243815733     
          54          24  0.944191277456644     
          55          25  0.943673585462392     
          56          26  0.943558138210507     
          57          27  0.943091997558448     
          58          31  0.943158256224256     
          59          32  0.943477225954090     
          60          33  0.943476318709569     
          61          34  0.944050179307562     
          62          36  0.938548615926932     
          63          37  0.935788907024549     
