           2           1   1.41648986520128     
           3           2   1.42855815264934     
           4           3   1.40934926180330     
           5           4   1.32548117169391     
           6           1   1.44942466565642     
           6           5   1.35453849066489     
           7           5   1.06145535965426     
           8           7   1.06146190090315     
           9           8   1.35449773524948     
          10           9   1.44943990154947     
          11          10   1.41645706041132     
          12          11   1.42860505489776     
          13           8   1.32552281447866     
          13          12   1.40929984651929     
          14           4  0.931246144190244     
          14          13  0.931119254788674     
          15          14  0.921308710554439     
          16          15   1.43278936017122     
          17          16   1.40956907633248     
          18          17   1.43288698435791     
          19          18   1.43026855944724     
          20          15   1.30731742739588     
          20          19   1.38062308123895     
          21          20   1.03543857936703     
          22          21   1.38058564190803     
          23          22   1.43030050425355     
          24          23   1.43284485383218     
          25          24   1.40963561563976     
          26          14  0.921454041155361     
          26          21   1.30735444227339     
          26          25   1.43271853886371     
          27           1  0.944228880369867     
          28           2  0.944883962678244     
          29           3  0.944284172914335     
          30           6  0.945068197641767     
          31           7  0.950465313796645     
          32           9  0.945071794053627     
          33          10  0.944232804362221     
          34          11  0.944884453695435     
          35          12  0.944250900881809     
          36          16  0.946289882273279     
          37          17  0.945669502866350     
          38          18  0.945500858975665     
          39          19  0.945523139325216     
          40          22  0.945525189673793     
          41          23  0.945504449202443     
          42          24  0.945667935763755     
          43          25  0.946286033173691     
