           2           1  0.989971721571336     
           3           2   1.38460848253845     
           4           3   1.41252847191179     
           5           4  0.990862556518265     
           6           4   1.33990082656341     
           7           6  0.926275782421903     
           8           7  0.913071745615969     
           9           8   1.36540272439312     
          10           9   1.45925702550698     
          11          10   1.32925385708565     
          12          11   1.05370208180415     
          13          12   2.82717611527436     
          14          11   1.34433766892341     
          15           8   1.32770131305414     
          15          14   1.40683022855940     
          16          15  0.969824809813368     
          17          16   1.05398554573527     
          18          17   1.36864639631637     
          19          18   1.44875478405076     
          20          19   1.39552489911385     
          21          20   1.45876621217649     
          22          17   1.26373577358271     
          22          21   1.35397295760185     
          23          22   1.08858860708289     
          24          23   1.35515844421348     
          25          24   1.45843785195148     
          26          25   1.39576985077856     
          27          26   1.44786985413067     
          28          16   1.05674104600710     
          28          23   1.26201089523135     
          28          27   1.37043902025959     
          29           7  0.919567666055020     
          30          29   1.33435756445670     
          31          30  0.991346280110017     
          32          30   1.42079589515143     
          33          32   1.37636168845398     
          34          33  0.989835571655325     
          35          33   1.40456027303075     
          36          29   1.36091883739001     
          36          35   1.39193889459588     
          37          36  0.990618844496216     
          38           6   1.35059739836723     
          39          38  0.990281540423997     
          40           2   1.39486062053984     
          40          38   1.40312327929551     
          41           1  0.977848394225917     
          42           1  0.974226299345966     
          43           1  0.968548810519964     
          44           3  0.939990501372568     
          45           5  0.977525118759861     
          46           5  0.967745237364104     
          47           5  0.966792856814108     
          48           9  0.939122387365212     
          49          10  0.941811737735736     
          50          14  0.941652562215802     
          51          18  0.943260233665172     
          52          19  0.944819048678146     
          53          20  0.945107423154253     
          54          21  0.944450084127018     
          55          24  0.944723590316728     
          56          25  0.945150824597708     
          57          26  0.944834872254881     
          58          27  0.941665706816095     
          59          31  0.977890875340766     
          60          31  0.969960236596161     
          61          31  0.965454745649392     
          62          32  0.940623909511591     
          63          34  0.978360712662228     
          64          34  0.973301416481402     
          65          34  0.969347852968049     
          66          35  0.940531396852101     
          67          37  0.966177385844734     
          68          37  0.965831463319801     
          69          37  0.975587390459306     
          70          39  0.967373338635502     
          71          39  0.969598269869456     
          72          39  0.970540287282286     
          73          40  0.941159454177886     
