           2           1   1.00661837819134     
           3           2  0.990798017559267     
           4           3  0.988020786802964     
           5           4  0.990804906707968     
           6           5  0.969678788102882     
           7           6  0.984223782352950     
           8           7   1.37910605121526     
           9           8   1.45978377233622     
          10           9   1.34317936810874     
          11          10   1.08459886164863     
          12          11   1.75476117433868     
          13          12   1.09049089999710     
          14          13   1.19150165772561     
          15          14   1.62928113909356     
          16          15   1.20064399535625     
          17          16   1.37286372047611     
          18          17   1.35068896686262     
          19          18   1.21810030029207     
          20          19   1.59561057304731     
          21          20   1.26391446720717     
          22          21   1.59838367736739     
          23          18   1.16586987056745     
          23          22   1.21357199287673     
          24          23   1.36043238269408     
          25          16   1.15782731006787     
          25          24   1.35057215002703     
          26          13   1.48941398387259     
          26          25   1.23674392425736     
          27          10   1.34187636606810     
          28           7   1.37974732513998     
          28          27   1.45850472151548     
          29           1  0.984718682165207     
          30           1  0.978811360518109     
          31           1  0.984713999165592     
          32           2  0.971258824034523     
          33           2  0.971361952771297     
          34           3  0.969733101681954     
          35           3  0.969755843329381     
          36           4  0.968224670416832     
          37           4  0.969725031709498     
          38           5  0.969099810543251     
          39           5  0.966957151600402     
          40           6  0.958580373362310     
          41           6  0.965760871365625     
          42           8  0.946024313835054     
          43           9  0.945258972721285     
          44          11  0.940018335535304     
          45          12  0.939482017839602     
          46          14  0.943077700631814     
          47          15  0.942280012343289     
          48          17  0.941663232242021     
          49          19  0.944108856958741     
          50          20  0.945942383332888     
          51          21  0.945837077851277     
          52          22  0.944112761458069     
          53          24  0.941570895164525     
          54          26  0.942427894354035     
          55          27  0.944527912877195     
          56          28  0.945083729079810     
