           2           1  0.953317377513832     
           3           2  0.953332453047404     
           4           2  0.947096648416263     
           5           4   1.40170902663919     
           6           5   1.43179611062950     
           7           6   1.41548510572645     
           8           7   1.45109538680352     
           9           4   1.33272994031481     
           9           8   1.35612215425701     
          10           9   1.02842956047750     
          11          10  0.954855240385245     
          12          11   1.37612053660224     
          13          12   1.45708047178822     
          14          13   1.35128993146015     
          15          14   1.04724828850227     
          16          15   1.34222313931752     
          17          16   1.34180883088094     
          18          17   1.04788122256125     
          19          18   1.35048605706949     
          20          19   1.45801797589303     
          21          20   1.37528562691929     
          22          21  0.956019150077292     
          23          22   1.02802978185824     
          24          23   1.35623479444638     
          25          24   1.45112068157789     
          26          25   1.41536249625585     
          27          26   1.43198127138463     
          28          23   1.33291669568397     
          28          27   1.40155287355518     
          29          28  0.947105489833378     
          30          29  0.953082287510906     
          31          29  0.953505887940106     
          32          29  0.947161607235528     
          33          32   1.40130237066714     
          34          33   1.43213250362520     
          35          34   1.41518676099116     
          36          35   1.45138589656304     
          37          22   1.02814271054280     
          37          32   1.33317561459918     
          37          36   1.35586990010797     
          38          21   1.37567203194204     
          39          18   1.35104776816304     
          39          38   1.45722035402486     
          40          17   1.34182598222980     
          41          40   1.34228203721568     
          42          41   1.04753624621340     
          43          42   1.35078329407882     
          44          43   1.45767289438714     
          45          44   1.37549296370153     
          46          45  0.955641008045436     
          47          46   1.02824918047253     
          48          47   1.35603363060906     
          49          48   1.45123255190463     
          50          49   1.41530400123898     
          51          50   1.43203481615597     
          52          47   1.33300392550796     
          52          51   1.40144450442666     
          53          52  0.947084086134786     
          54          53  0.953250764252121     
          55          53  0.953378130999547     
          56          53  0.947103252212683     
          57          56   1.40149559199345     
          58          57   1.43199000263934     
          59          58   1.41531031299066     
          60          59   1.45125306961182     
          61          46   1.02831735214241     
          61          56   1.33294799726134     
          61          60   1.35598989584700     
          62          45   1.37581633513783     
          63          42   1.35112100620260     
          63          62   1.45725348212570     
          64          15   1.34221953751336     
          64          41   1.34176799448929     
          65          14   1.35103346234218     
          66          11   1.37592639411930     
          66          65   1.45745432563313     
          67          10   1.02858948711637     
          68          67   1.35593951041957     
          69          68   1.45125622005021     
          70          69   1.41531606006426     
          71          70   1.43195102872447     
          72           2  0.947077198688001     
          72          67   1.33287162557647     
          72          71   1.40154956199908     
          73           1  0.975838202317126     
          74           1  0.975902550235306     
          75           1  0.977558748414324     
          76           3  0.975875657109277     
          77           3  0.975916670791933     
          78           3  0.977565575052502     
          79           5  0.942318950322931     
          80           6  0.944759396662726     
          81           7  0.943869148455595     
          82           8  0.941201378126810     
          83          12  0.945316108727609     
          84          13  0.942450082825581     
          85          19  0.942395397777453     
          86          20  0.945303205194717     
          87          24  0.941106951044522     
          88          25  0.943867950592268     
          89          26  0.944744737173388     
          90          27  0.942280100924330     
          91          30  0.975963669702821     
          92          30  0.977542482920413     
          93          30  0.975903643721541     
          94          31  0.975882704687860     
          95          31  0.977582134519212     
          96          31  0.975778440801756     
          97          33  0.942332541077354     
          98          34  0.944753768615904     
          99          35  0.943866949077795     
         100          36  0.941258838488310     
         101          38  0.945270782514749     
         102          39  0.942434756018185     
         103          43  0.942414712064293     
         104          44  0.945296038231235     
         105          48  0.941140985738968     
         106          49  0.943866051991931     
         107          50  0.944751217508954     
         108          51  0.942306375714402     
         109          54  0.975926371797013     
         110          54  0.977556035831086     
         111          54  0.975839660720388     
         112          55  0.977570477889633     
         113          55  0.975870713839671     
         114          55  0.975911097527877     
         115          57  0.942352789609149     
         116          58  0.944756792748296     
         117          59  0.943866789196227     
         118          60  0.941181725919945     
         119          62  0.945294151354695     
         120          63  0.942450007030038     
         121          65  0.942412796095006     
         122          66  0.945321624820298     
         123          68  0.941272261901019     
         124          69  0.943875882271322     
         125          70  0.944760538712925     
         126          71  0.942336154373892     
