 -0.201918772211223     
  9.818287266438119E-002
  3.390680114145983E-002
  0.100584324765856     
 -0.198778481661263     
 -6.348879316186995E-004
  1.216005139586107E-002
 -2.774035306649036E-002
 -2.627615923132343E-002
  1.852514974690811E-002
 -6.707515721483759E-003
 -3.480356496055403E-002
 -3.755855272785524E-002
  1.486291424724229E-003
 -3.598360511411691E-002
 -3.203919093571095E-002
 -9.365819583067037E-004
 -3.689770035686113E-002
 -2.926047463023984E-002
 -3.699255489256714E-002
 -1.829288579466848E-003
 -3.254988826273930E-002
 -4.159755148914623E-002
 -7.756209610825238E-004
 -6.306695584477495E-003
 -8.092467827781391E-003
 -2.414414008601096E-002
  9.277504438018491E-002
 -0.133008527545766     
  6.530724627419715E-002
  5.960099620864223E-002
  5.041096443073279E-002
  4.274815646169738E-002
  4.256232847595320E-002
  4.155071110830666E-002
  4.182183016519969E-002
  3.953068448469277E-002
  4.244124435854668E-002
  3.951997131444784E-002
  4.190771326347287E-002
  4.377499571400201E-002
  4.603519795680400E-002
