 -8.753359683930650E-002
 -4.588173479304736E-002
 -5.761833889843171E-002
  2.687027336094605E-002
 -0.164997595279402     
  7.383207198340136E-002
 -4.750735011067331E-002
 -3.882200705375194E-002
 -4.810423224121774E-002
 -4.192139025383934E-002
 -1.120615654060053E-002
 -1.140629102203583E-002
 -1.728658114974913E-003
 -3.828901764544845E-002
 -3.613758416149171E-002
 -3.677817370478120E-002
 -3.721033524627337E-002
 -1.478739066902435E-003
 -1.016621871904544E-002
 -1.110228817361669E-002
 -4.173227555814396E-002
 -5.106579382446874E-002
 -3.913855865385063E-002
 -5.928196082973702E-002
  7.393146308832232E-002
 -0.162517627907816     
  3.964666890998947E-002
 -4.646563465502229E-002
 -5.177343184027539E-002
 -8.995271809707095E-002
 -3.991231068167345E-003
 -3.946397742558361E-002
 -3.788691260579391E-002
 -3.715275807682161E-002
 -4.059780134042512E-002
 -4.385318492274415E-003
  2.932460882772125E-002
  3.660177179980129E-002
  2.838323614689120E-002
  2.612247779440624E-002
  2.991589323049759E-002
  2.835350392703184E-002
  2.403483440392673E-002
  3.651655092761985E-002
  4.538767079359296E-002
  3.691983457341452E-002
  4.113427862050378E-002
  3.964950922609056E-002
  4.101616019188103E-002
  4.254937078457388E-002
  4.007452272983447E-002
  3.957588082965979E-002
  4.128571775183898E-002
  4.011450632812896E-002
  3.958521471560628E-002
  4.189054735877062E-002
  3.773109808435504E-002
  3.748694209957626E-002
  4.348000243764572E-002
  3.091628903668930E-002
  2.864040558911995E-002
  3.196882700608794E-002
  2.384395402581829E-002
  2.669891999388119E-002
  2.901994343582981E-002
  3.667428633514136E-002
  4.155964590405126E-002
  3.988154756430440E-002
  3.993226771950931E-002
  4.274501070391779E-002
