           2           1   1.42411182155493     
           3           2   1.44335572483624     
           4           3   1.37249959521132     
           5           4  0.994694486415837     
           6           5  0.996262743096095     
           7           6   1.37133548260636     
           8           7   1.44369537339714     
           9           8   1.42342212025777     
          10           9   1.42373477411136     
          11           6   1.37094317507632     
          11          10   1.44294041365581     
          12           5   1.00618311350620     
          13          12   1.35952661936082     
          14          13   1.46050673189310     
          15          14   1.35868320072167     
          16          15   1.01330916789725     
          17          16   1.36291938532982     
          18          17   1.45495826868447     
          19          18   1.36188968151067     
          20          19   1.00439542171542     
          21          20   1.58068536052452     
          22          21   1.16255325264395     
          23          22   1.13448930294554     
          24          23   1.30825717501630     
          25          24   1.50001348187524     
          26          25   1.35746878666618     
          27          26   1.49615472900848     
          28          23   1.26477125646480     
          28          27   1.31898912758500     
          29          28   1.10899797905085     
          30          29   1.32462366073123     
          31          30   1.49156384920241     
          32          31   1.35942098684701     
          33          32   1.49824245277765     
          34          29   1.24982138480057     
          34          33   1.30410190684457     
          35          22   1.39104690486473     
          35          34   1.15229497347778     
          36          20   1.11039030048393     
          36          35   1.08217357897711     
          37          36  0.959706447532824     
          38          37   1.37598671852296     
          39          38   1.42673400509363     
          40          39   1.44113699125345     
          41          40   1.36638851702494     
          42          41   1.00835756044406     
          43          42   1.33456852328108     
          44          43   1.46712909713035     
          45          44   1.36043652296246     
          46          45   1.25510115813767     
          47          42   1.39348373580395     
          47          46   1.36604345701056     
          48          46   1.08570162838896     
          49          48   1.35373297436590     
          50          49   1.46021022880463     
          51          50   1.39386302424830     
          52          51   1.45241541774393     
          53          48   1.26260428036160     
          53          52   1.36717404011665     
          54          45   1.06443751220131     
          54          53   1.05585232765233     
          55          54  0.972172537948637     
          56          55   1.38644909764626     
          57          56   1.43622818296499     
          58          57   1.42848466827527     
          59          58   1.42775110103916     
          60          55   1.38493328109885     
          60          59   1.43659886455074     
          61          37   1.39816476557188     
          61          41   1.37107199596470     
          62          19   1.35873628017013     
          63          16   1.35804223773487     
          63          62   1.46043927556431     
          64          15   1.36123642383495     
          65          12   1.36067641365025     
          65          64   1.45915779253625     
          66           4   1.37151676385639     
          67           1   1.42460561021832     
          67          66   1.44206703475079     
          68           1  0.946579575602554     
          69           2  0.945307006522317     
          70           3  0.946255943189794     
          71           7  0.945986896775587     
          72           8  0.945246525004565     
          73           9  0.946457490190120     
          74          10  0.945272982410885     
          75          11  0.945541351749335     
          76          13  0.939115154566540     
          77          14  0.939606245962249     
          78          17  0.943472513024340     
          79          18  0.944845717314654     
          80          24  0.944858353860285     
          81          25  0.945375459282162     
          82          26  0.945718725763451     
          83          27  0.942170856131847     
          84          30  0.941153875962586     
          85          31  0.945417734906201     
          86          32  0.945110296802734     
          87          33  0.938591795332580     
          88          38  0.945641295230861     
          89          39  0.942753439296312     
          90          40  0.944609456345349     
          91          43  0.942901360921001     
          92          44  0.941852057737163     
          93          47  0.942781163736652     
          94          49  0.944771117227264     
          95          50  0.945097779532436     
          96          51  0.943339399096732     
          97          52  0.943227850044690     
          98          56  0.946672234486962     
          99          57  0.945284721792361     
         100          58  0.946298689397738     
         101          59  0.943664643816404     
         102          60  0.943464189821352     
         103          61  0.942492999657906     
         104          62  0.944415836112005     
         105          63  0.944203246568032     
         106          64  0.943983094273563     
         107          65  0.944211895877705     
         108          66  0.945170382633552     
         109          67  0.945233328511429     
