 -5.614419774135904E-003
 -3.962773987218426E-002
  5.277613573825235E-002
 -2.973872234024455E-003
 -4.550323254781219E-002
 -4.757417410084663E-002
 -3.461622538708298E-002
 -3.065478782933795E-002
  3.750492947116824E-002
 -9.762035612368436E-002
  3.203565162389888E-002
 -4.791405183059627E-002
 -4.059952460120897E-002
 -5.180335262910152E-002
 -3.727615550173624E-002
 -3.281692824347537E-002
 -0.224012195259333     
  0.132808256593480     
 -1.976043046960729E-002
  9.828977137083417E-003
 -6.290640156582494E-002
 -2.467219929825593E-002
 -0.180843362061917     
 -2.049104544028868E-002
  4.972286515954494E-002
  4.362268130534430E-002
  4.557510255037045E-002
  4.254083508980611E-002
  4.413514654054940E-002
  0.150766651294921     
  3.678715755884920E-002
  4.253403862318450E-002
  3.935987646198447E-002
  4.099118631968246E-002
  7.810888210769040E-002
  5.562718552821944E-002
  6.193127227779360E-002
  5.062362338861770E-002
