 -0.229746192336800     
  0.155378746413221     
 -8.153735145875807E-002
  0.144702886330709     
 -0.234083704892013     
 -4.168859289812854E-002
 -3.853925060998709E-002
 -4.354320879237594E-002
 -2.518036972884907E-002
 -4.457346494277203E-002
  9.033731263890754E-002
 -0.179094209005992     
 -1.569993332729336E-002
 -3.032629729237613E-002
 -2.469957252927468E-002
  6.478669562334938E-002
 -0.126281583522246     
  4.630385240215906E-002
 -5.537668856516742E-002
 -4.378685743184363E-002
 -4.790343244876283E-002
 -4.601121358042537E-002
  7.428272172488271E-002
 -0.140338940812425     
  7.395454039679139E-002
 -4.618939064118344E-002
 -4.781763463789623E-002
 -4.288760057626462E-002
 -5.489965031383814E-002
  4.573246051854429E-002
 -2.526524982932976E-002
 -2.258045038228751E-002
  5.345231651442328E-002
  5.308364955497713E-002
  5.025935282720784E-002
  4.168427787293094E-002
  4.536326355478282E-002
  3.844465205981484E-002
  0.177534993742893     
  5.166798795221483E-002
  4.412987024575810E-002
  4.334920655725238E-002
  4.381322246681363E-002
  4.280827730141745E-002
  4.105580314335433E-002
  4.089174904546378E-002
  4.273889669217756E-002
  4.486993763296832E-002
  4.408767991463591E-002
  4.340385461437446E-002
  4.993263281428462E-002
