           2           1   1.72957369608213     
           3           2  0.809730033514071     
           4           3   1.41089117242326     
           5           4   1.42404252871505     
           6           5   1.42930637080193     
           7           6   1.43149517236054     
           8           3   1.41352831537259     
           8           7   1.42313983239160     
           9           2  0.809098762094576     
          10           9   1.41288491892375     
          11          10   1.42357469356395     
          12          11   1.43101757660922     
          13          12   1.42991664735025     
          14           9   1.41182251689384     
          14          13   1.42332667534908     
          15           2  0.808964271875997     
          16          15   1.40760050039672     
          17          16   1.43242055863492     
          18          17   1.38213978487759     
          19          18  0.975506030893433     
          20          19   1.05147836841949     
          21          20   1.37015518985545     
          22          21   1.45163959201465     
          23          22   1.39440168123638     
          24          23   1.46053350259196     
          25          20   1.26566238712971     
          25          24   1.35285418981610     
          26          25   1.08458748150178     
          27          26   1.35095476945565     
          28          27   1.43477713589260     
          29          28  0.811658542899663     
          30          29   1.72671333393494     
          31          29  0.809159543110378     
          32          31   1.41370943764771     
          33          32   1.42315925112933     
          34          33   1.43143955126053     
          35          34   1.42946481142252     
          36          31   1.41114062581438     
          36          35   1.42383977620209     
          37          29  0.808109411266816     
          38          37   1.41202617495409     
          39          38   1.42316648234968     
          40          39   1.43008600996930     
          41          40   1.43087925176698     
          42          37   1.41293550356265     
          42          41   1.42376675118804     
          43          28   1.37270477929515     
          44          43   1.44964914346183     
          45          19   1.06279044838362     
          45          26   1.25777566600752     
          45          44   1.36498229968876     
          46          18   1.38043130555951     
          47          15   1.40548329872347     
          47          46   1.43265643208509     
          48           4  0.944491889281602     
          49           5  0.943691764583945     
          50           6  0.944194744783565     
          51           7  0.943922801792667     
          52           8  0.945736207809936     
          53          10  0.945798793113031     
          54          11  0.943895400035187     
          55          12  0.944130409148369     
          56          13  0.943629701920617     
          57          14  0.944326952787633     
          58          16  0.942484037125628     
          59          17  0.942332581825814     
          60          21  0.943240152793544     
          61          22  0.944550837263023     
          62          23  0.944922735181775     
          63          24  0.944765871735749     
          64          27  0.940707912640360     
          65          32  0.945766599741578     
          66          33  0.943949925840253     
          67          34  0.944208414009961     
          68          35  0.943740447538698     
          69          36  0.944428392609862     
          70          38  0.944100968895280     
          71          39  0.943734702247421     
          72          40  0.944194767882373     
          73          41  0.943922575159883     
          74          42  0.945818554262007     
          75          43  0.941855078525444     
          76          44  0.939402415031326     
          77          46  0.942081783874295     
          78          47  0.941404298583631     
