 -0.125076674082841     
  9.678498614959086E-002
 -2.038991984172256E-002
  4.734654844164288E-002
 -0.184106382140055     
  5.551279945796184E-002
  1.066688603388322E-002
 -3.585459682015735E-002
 -2.973964010053098E-002
 -3.311563964185016E-002
 -2.876067624807188E-002
 -2.909927552878688E-002
  5.594750054186326E-002
  1.042465567658457E-002
 -3.576844524284795E-002
 -2.975692117531636E-002
 -3.313124619229235E-002
 -2.889585921608351E-002
 -2.927476522315775E-002
 -0.185496453660749     
  4.403067220299839E-002
 -2.223368538877590E-002
  6.918748347206982E-002
 -0.123091274801743     
  4.789380810451238E-002
 -5.475895319063007E-002
 -4.344464201724563E-002
 -4.790781135282440E-002
 -4.657148551499457E-002
  7.581718461649789E-002
 -0.137282708659149     
  7.628670012764038E-002
 -4.602361859844972E-002
 -4.738546935596499E-002
 -4.261167667261212E-002
 -5.169655967443365E-002
  4.863295268372925E-002
  5.175451916879614E-002
  4.133286337369591E-002
  4.034494227657992E-002
  3.997621980535537E-002
  4.027443216217308E-002
  4.247797445591717E-002
  4.135049993160544E-002
  4.034706920096254E-002
  3.994734857289373E-002
  4.022492766809049E-002
  4.235015947735787E-002
  5.336353189376009E-002
  4.341878285542089E-002
  4.376987347997408E-002
  4.260063713051232E-002
  4.075071159692800E-002
  4.073492401737400E-002
  4.240256152220390E-002
  4.364621621149067E-002
  4.187400803119656E-002
