 -0.196236472205309     
  0.103687390010757     
  4.412484125814631E-002
  0.101569198819756     
 -0.198338352874213     
  2.754083321252931E-003
  1.393381663612381E-002
  9.451255106859779E-002
 -0.126542391069232     
 -2.849431921787815E-002
  2.144283436786010E-002
 -4.154784010619750E-003
 -3.465269629476442E-002
 -3.794974455208155E-002
  1.729888313201755E-003
 -3.653438670042686E-002
 -3.146947718543736E-002
 -1.093877326720616E-003
 -3.665251808900294E-002
 -2.912627394048783E-002
 -3.596470004897512E-002
 -1.603966878791496E-003
 -3.088386806398979E-002
 -4.184968687644464E-002
  2.671448575077839E-004
 -6.003246848444554E-003
 -8.013023722929447E-003
 -2.465095471689160E-002
  9.785772342257415E-002
 -0.120250180595701     
  6.743555992898864E-002
  5.033663256603671E-002
  4.262898952804994E-002
  4.296892533668561E-002
  4.144216811051016E-002
  4.185223545773209E-002
  3.945818958978875E-002
  4.248354348900207E-002
  3.987444379115990E-002
  4.276867353469938E-002
  4.450262001189087E-002
  5.283346779799447E-002
