           2           1   1.44132726776809     
           3           2   1.41696316361770     
           4           3   1.39152156398893     
           5           4   1.30375391991671     
           6           1   1.41089947939518     
           6           5   1.41133236583364     
           7           5   1.00795469196857     
           8           7   1.00782941361453     
           9           8   1.41138632852573     
          10           9   1.41076555825281     
          11          10   1.44145706879602     
          12          11   1.41694779082407     
          13           8   1.30386239396842     
          13          12   1.39135438665955     
          14           4   1.00874881922359     
          14          13   1.00890779222156     
          15          14  0.968814657120683     
          16          15   1.30909456805394     
          17          16   1.50627425005695     
          18          17   1.30689254966052     
          19          18   1.25446888646622     
          20          19   1.16390370350374     
          21          20   1.66057089867014     
          22          21   1.17797371616980     
          23          22   1.35043132810925     
          24          23   1.35037982534478     
          25          24   1.17799988899392     
          26          25   1.66053862812647     
          27          26   1.16392798042086     
          28          27   1.31055049387120     
          29          28   1.45117524267990     
          30          29  0.968789502844791     
          31          30   1.00880162908017     
          32          31   1.39151819701802     
          33          32   1.41696481617580     
          34          33   1.44132498167659     
          35          34   1.41089517784866     
          36          31   1.30373555114698     
          36          35   1.41134411612466     
          37          36   1.00795207094371     
          38          37   1.00782910362834     
          39          38   1.41138151062824     
          40          39   1.41076346371994     
          41          40   1.44146176896006     
          42          41   1.41694472462977     
          43          30   1.00886994243846     
          43          38   1.30387258199769     
          43          42   1.39135489367637     
          44          29   1.30901302551816     
          45          44   1.50632609356245     
          46          27   1.25448922218386     
          46          45   1.30685186790897     
          47          24   1.18155824878918     
          47          46   1.13195187756166     
          48          47   1.35746573794132     
          49          18   1.13193255367151     
          49          22   1.18153274643612     
          49          48   1.35750990807682     
          50          15   1.45106045405917     
          50          19   1.31059894605631     
          51           1  0.944551158358121     
          52           2  0.943844847380411     
          53           3  0.941182810459845     
          54           6  0.945722550417734     
          55           9  0.945742280911549     
          56          10  0.944578935675141     
          57          11  0.943846061836103     
          58          12  0.941244475192518     
          59          16  0.944153372991516     
          60          17  0.940754246586569     
          61          20  0.941496852901703     
          62          21  0.940455333971842     
          63          25  0.940456254910200     
          64          26  0.941498272845482     
          65          28  0.943410230472814     
          66          32  0.941213780838671     
          67          33  0.943847411728809     
          68          34  0.944553121305783     
          69          35  0.945722261639542     
          70          39  0.945742867101830     
          71          40  0.944577999217509     
          72          41  0.943843959276708     
          73          42  0.941222843077788     
          74          44  0.944154915237063     
          75          45  0.940753636078536     
          76          50  0.943407550953770     
