 -3.664420044282579E-002
 -3.412122195159739E-002
 -4.002151574263912E-002
 -2.020342178283840E-003
 -4.368794407733745E-003
 -3.928454524181113E-002
 -3.691622372385606E-002
  1.306401482919828E-003
 -1.415233409825589E-002
 -3.883000680795057E-003
 -4.025416223039890E-002
 -3.567203376980377E-002
 -3.509461068795705E-002
 -3.838563711631160E-002
 -3.495368129297738E-003
 -8.703813657896298E-003
 -8.719648406782632E-003
 -3.506782472892489E-003
 -3.844451613243294E-002
 -3.510263161973803E-002
 -3.573102284183172E-002
 -4.043987760661238E-002
 -3.883285121987434E-003
 -1.412579662602820E-002
  1.312027880288280E-003
 -3.692745536048125E-002
 -3.927445434575016E-002
 -4.343026036835340E-003
 -2.021575962561251E-003
 -4.000334134290107E-002
 -3.412476669927234E-002
 -3.664812273735762E-002
 -3.411351306431953E-002
 -4.000219967790386E-002
 -3.928646728148077E-002
 -3.692959013030528E-002
 -3.853931501548225E-003
 -4.034536176456083E-002
 -3.572014609939167E-002
 -3.510010915051609E-002
 -3.839184007371177E-002
 -3.477257843275794E-003
 -3.486063599705602E-003
 -3.839041774589980E-002
 -3.509028038383821E-002
 -3.567225923167516E-002
 -4.032742888085661E-002
 -3.881367561207938E-003
 -3.698142143153049E-002
 -3.929223767462986E-002
 -4.001527819745654E-002
 -3.413143375858319E-002
  3.797712411887799E-002
  3.850333907687120E-002
  3.711468134282792E-002
  3.969639251551849E-002
  3.938380233915417E-002
  4.204181315322675E-002
  4.059984665142924E-002
  4.080407144468257E-002
  4.236124930881369E-002
  4.237786961131940E-002
  4.079617373246813E-002
  4.058893904909155E-002
  4.215233453251899E-002
  3.943434490195163E-002
  3.967423351562382E-002
  3.710947816934218E-002
  3.850518997172081E-002
  3.797128383463622E-002
  3.851156125424826E-002
  3.710128355718978E-002
  3.967774841768490E-002
  3.943816983114745E-002
  4.210357535383469E-002
  4.059606118642201E-002
  4.080936755469067E-002
  4.234514728229011E-002
  4.235707842084979E-002
  4.080410508058552E-002
  4.059965342700222E-002
  4.208957020950344E-002
  3.936111608892223E-002
  3.968892874932783E-002
  3.711000295637090E-002
  3.849874642194706E-002
