 -0.350309588026592     
  0.404435802019536     
 -0.354186035977156     
 -9.307780998280890E-003
 -5.282310080100494E-003
 -3.383588223743494E-002
 -2.232774133033555E-002
 -4.551553217011772E-002
  6.878486969662623E-002
 -0.112685733822755     
  5.615989014021316E-002
 -2.690709504460020E-002
 -2.578854941709796E-002
 -2.908151592308705E-002
 -2.691659227884635E-002
 -2.796861702913667E-002
  6.952630172600660E-002
 -5.107570041094966E-002
  6.652824501085286E-002
 -0.125755340679683     
  4.652735141670528E-002
 -5.611491613864228E-002
 -4.407108467460663E-002
 -4.800159380782532E-002
 -4.588040773288160E-002
  7.424575482636309E-002
 -0.140654834960130     
  7.401817242336151E-002
 -4.582946639049545E-002
 -4.755979154313028E-002
 -4.328413052162006E-002
 -5.522200571893787E-002
  4.640454032500552E-002
 -3.372771973425071E-002
 -3.597096456612547E-003
 -1.676678235868501E-002
  5.644267928076629E-002
  4.870701600523364E-002
  4.921031836035128E-002
  4.732190289971450E-002
  4.131868120673354E-002
  4.486940186197252E-002
  4.201526688150437E-002
  4.485427631763306E-002
  4.028713772232029E-002
  4.862169365544422E-002
  4.348941807588425E-002
  4.369257431847129E-002
  4.281439604489490E-002
  4.114079479630017E-002
  4.113726073887736E-002
  4.298896757064208E-002
  4.411298137764585E-002
  4.321312532773536E-002
  5.128597659364442E-002
  6.349904884358448E-002
