  7.207176232843171E-003
 -0.155055362734702     
  6.421564107316025E-002
 -6.574390399472474E-002
 -6.202865247339595E-003
 -3.457985160598120E-002
 -5.160276654688101E-002
  3.797628412885778E-003
 -3.323564228577691E-002
 -3.438670231522423E-002
  5.939880327429359E-002
 -7.409642727759547E-002
  5.953531472793250E-002
 -0.211942084875845     
 -3.349067294771579E-003
 -2.509903106476763E-002
 -4.851301303592059E-002
 -4.102909773981178E-002
 -4.395046097497168E-002
  2.394488521893434E-002
 -3.198277078812684E-002
 -3.509966875986414E-002
  6.426375457659539E-002
 -0.154767100558971     
  7.236696246555763E-003
 -6.566211622458162E-002
 -6.097395901546676E-003
 -3.406427625606945E-002
 -5.097815328515942E-002
  3.727524806540483E-003
 -3.326998038842621E-002
 -3.187511895235762E-002
  5.948917516835550E-002
 -7.409233622342182E-002
  5.947004238473097E-002
 -0.211960384808688     
 -3.390201506731749E-003
 -2.513831037859138E-002
 -4.849925023985069E-002
 -4.097368553079939E-002
 -4.390062170641329E-002
  2.392708445509983E-002
 -3.448087151261969E-002
 -3.488008139305077E-002
  4.224012319971837E-002
  4.400740371914558E-002
  4.236322197084219E-002
  4.423802711768543E-002
  4.146741866534953E-002
  3.566001089775650E-002
  4.800358551256056E-002
  4.190088515029500E-002
  7.876212732335452E-002
  4.527905756317674E-002
  4.188316078042231E-002
  4.343303906294149E-002
  4.096193338316234E-002
  4.388383167349408E-002
  4.270483015365523E-002
  4.225809449798945E-002
  4.398662669894893E-002
  4.244384479621777E-002
  4.398310019015839E-002
  4.161843180195945E-002
  3.566739552319398E-002
  4.790590232162584E-002
  4.424135516904404E-002
  7.863751034997224E-002
  4.524004578591057E-002
  4.188724860640758E-002
  4.349080443474562E-002
  4.116694460103254E-002
  4.160806470665734E-002
  4.276084917421152E-002
