           2           1  0.991600138157614     
           3           2   1.04238872381203     
           4           3   1.41155996301769     
           5           4   1.34487972924038     
           6           5   1.10444876710190     
           7           6   1.73778576984552     
           8           7   1.09244352679180     
           9           8   1.33512177565565     
          10           9   1.46554021271976     
          11          10   1.36888941548603     
          12          11  0.971162808044260     
          13          12   1.15790548372740     
          14          13   1.68234178894206     
          15          14   1.11950565394605     
          16          15   1.34813787426538     
          17          16   1.47122499282392     
          18          17   1.38810653246711     
          19          18   1.45788625142710     
          20          12   1.05562796569030     
          20          15   1.26027996692223     
          20          19   1.36774235643008     
          21          11   1.37258751778346     
          22           8   1.34006016212942     
          22          21   1.46087061881411     
          23           5   1.26650316531668     
          24          23   1.04264070506815     
          25          24  0.991554906026910     
          26          23   1.41032939459428     
          27           3   1.26665980200266     
          27          26   1.34667365609562     
          28          27   1.10166108431692     
          29          28   1.74122496572196     
          30          29   1.09082680487511     
          31          30   1.33601330939559     
          32          31   1.46477548613548     
          33          32   1.36946955139572     
          34          33  0.971187728863001     
          35          34   1.15810995725805     
          36          35   1.68222996759150     
          37          36   1.11949037620985     
          38          37   1.34800054916200     
          39          38   1.47133338356707     
          40          39   1.38803522593632     
          41          40   1.45796173964214     
          42          34   1.05548368982171     
          42          37   1.26043226891673     
          42          41   1.36767225874306     
          43          33   1.37232710215214     
          44          30   1.34052180147092     
          44          43   1.46108831148097     
          45           1  0.980554030771524     
          46           1  0.989394787383585     
          47           1  0.980560034832153     
          48           4  0.939847508708322     
          49           6  0.938914011815954     
          50           7  0.940600667871965     
          51           9  0.942321201177729     
          52          10  0.945495127430529     
          53          13  0.938708070104566     
          54          16  0.944605150599724     
          55          17  0.944740676089236     
          56          18  0.944230246189725     
          57          19  0.943186147121904     
          58          21  0.944749048472278     
          59          22  0.943465909955951     
          60          25  0.980591113743719     
          61          25  0.989396306953416     
          62          25  0.980509792230983     
          63          26  0.940035351640631     
          64          28  0.938705982366685     
          65          29  0.940725801912489     
          66          31  0.942326115833783     
          67          32  0.944552719765199     
          68          35  0.938766886811217     
          69          38  0.944618679395069     
          70          39  0.944733832026212     
          71          40  0.944219413310505     
          72          41  0.943091656181474     
          73          43  0.945628866261108     
          74          44  0.943528315157990     
