 -0.189619383288526     
  0.126253534079007     
  7.784363788961546E-002
 -0.168771538285372     
  5.880893845439994E-002
  4.086687905097364E-003
 -2.164405064082331E-002
 -2.891140428599837E-002
  8.870640423862319E-003
 -1.508011948426535E-002
 -3.651998163719128E-002
 -4.349733286314894E-002
  5.681560493469906E-002
 -0.123991609580377     
  5.350019762868463E-002
 -4.285473633816039E-002
 -3.310646480840429E-002
 -4.425234673637846E-002
 -3.326480071043214E-002
 -4.313471671279689E-002
  5.372702756426362E-002
 -4.459023843076526E-002
 -3.424214252677693E-002
 -4.550506293172774E-002
 -3.331067871699123E-002
 -4.356346064073957E-002
 -4.430491236759337E-002
 -3.872371863021051E-002
 -4.229544663414231E-002
  3.052200694145579E-003
  3.053379166734427E-003
 -4.229830211608121E-002
  8.864286453268200E-003
 -1.504214469756793E-002
 -3.871723569259711E-002
 -4.423393182241853E-002
  5.681497019917270E-002
 -0.123995967178209     
  5.349607935685041E-002
 -4.316361194357654E-002
 -3.327192597542172E-002
 -4.428194550428532E-002
 -3.311821010515548E-002
 -4.290230653228821E-002
  5.372751412629251E-002
 -4.356521232217769E-002
 -3.331702486697097E-002
 -4.552324869877644E-002
 -3.425002344205552E-002
 -4.463446367025892E-002
 -4.344839844805737E-002
 -3.650775974408127E-002
 -2.891311653812689E-002
 -2.164203452427049E-002
  4.081802387479794E-003
  5.880137103958694E-002
 -0.168781343330394     
  7.782496462654676E-002
  0.126272915967602     
 -0.189622959358016     
  5.058022040987065E-002
  4.495136999225113E-002
  4.388536832451750E-002
  4.146605146089399E-002
  3.800003310952949E-002
  4.206495368633012E-002
  3.898081917171203E-002
  4.203935024969230E-002
  3.784540848618301E-002
  3.769207236860661E-002
  4.160538642240308E-002
  3.865633258252321E-002
  4.204513471652194E-002
  3.823941967717714E-002
  4.104853560763477E-002
  4.294407999484551E-002
  4.619962003787559E-002
  4.620833012431136E-002
  4.295752022026345E-002
  4.104776343098193E-002
  3.783787698216468E-002
  4.203785460580112E-002
  3.897579985356747E-002
  4.206077746771542E-002
  3.800351219752185E-002
  3.824178883071916E-002
  4.204530695832731E-002
  3.865285457465439E-002
  4.160124633129314E-002
  3.768885978900227E-002
  4.147223635871555E-002
  4.389759820548411E-002
  4.496028643743399E-002
  5.058579119767403E-002
