           2           1   2.82076575142313     
           3           2   1.06145786956868     
           4           3   1.35339060041352     
           5           4   1.42053558259067     
           6           5   1.44650276742701     
           7           6   1.34806595503318     
           8           3   1.29353396476619     
           8           7   1.29537630982276     
           9           8   1.07598604810296     
          10           9   1.07121278954645     
          11          10   1.36285847820675     
          12          11   1.47940817122320     
          13          12   1.31753129210967     
          14          13   1.04848730562560     
          15          14   1.34232967129233     
          16          15   1.34231746208542     
          17          16   1.04519714429550     
          18          17   1.35547788456528     
          19          18   1.45095640116995     
          20          19   1.42037111631482     
          21          20   1.42040674863441     
          22          17   1.35551815101003     
          22          21   1.45094991942040     
          23          16   1.34358674300141     
          24          23   1.34370154722504     
          25          24   1.04463039173655     
          26          25   1.35570016440238     
          27          26   1.45103587551350     
          28          27   1.42029509087431     
          29          28   1.42060256131014     
          30          25   1.35584208165786     
          30          29   1.45070193479845     
          31          14   1.33945148581212     
          31          24   1.34358922386000     
          32          13   1.38232371162456     
          33           7   1.07640624519182     
          33          10   1.27926295285144     
          33          32   1.36896434546975     
          34           4  0.943788096511447     
          35           5  0.942777052041844     
          36           6  0.944067762082435     
          37          11  0.943896210941044     
          38          12  0.942471043695653     
          39          18  0.945832430347065     
          40          19  0.946522264204142     
          41          20  0.947302911333490     
          42          21  0.946515925821353     
          43          22  0.945859509815592     
          44          26  0.945958278058330     
          45          27  0.946564030200250     
          46          28  0.947297528292536     
          47          29  0.946513995652985     
          48          30  0.945802244332802     
          49          32  0.942091135642207     
