           2           1   1.80057875703480     
           3           2  0.972125785360127     
           4           3   1.36248222029303     
           5           4   1.44894497505050     
           6           5   1.37734013193945     
           7           6  0.967633932192759     
           8           7   1.00892812330689     
           9           8   1.39042207830926     
          10           9   1.41789609768525     
          11          10   1.44083314018762     
          12          11   1.41101129194415     
          13           8   1.30509676849483     
          13          12   1.41151818278433     
          14          13   1.00594887767514     
          15          14   1.00662524920656     
          16          15   1.41165292574524     
          17          16   1.41082817820683     
          18          17   1.44099528666353     
          19          18   1.41750433287332     
          20           7   1.00975363739906     
          20          15   1.30448659118077     
          20          19   1.39047702773469     
          21           6   1.37571260860934     
          22           3   1.36122938782131     
          22          21   1.45160105660375     
          23           2   1.00156140802512     
          24          23   1.31465501058367     
          25          24   1.48147189841192     
          26          25   1.34777287517829     
          27          26   1.24610528569353     
          28          23   1.37618864017512     
          28          27   1.37985286518377     
          29          27   1.08320441619817     
          30          29   1.35377978072436     
          31          30   1.46004801850812     
          32          31   1.39534226988879     
          33          32   1.45081705349369     
          34          29   1.26805634758775     
          34          33   1.37157277150742     
          35          26   1.08078489962879     
          35          34   1.04790077508384     
          36          35  0.966472555521531     
          37          36   1.38390091083385     
          38          37   1.43153294058407     
          39          38   1.43506171376962     
          40          39   1.38064805865285     
          41          40  0.976372214852328     
          42          41   1.05407186634933     
          43          42   1.37000439302406     
          44          43   1.45148690634315     
          45          44   1.39457538593211     
          46          45   1.46033594700192     
          47          42   1.26545214497936     
          47          46   1.35345259553231     
          48          47   1.08745210845768     
          49          48   1.35356069142712     
          50          49   1.46029742242681     
          51          50   1.39447613811678     
          52          51   1.45155430239847     
          53          41   1.05470305770635     
          53          48   1.26519670148121     
          53          52   1.36982422461816     
          54          36   1.39303400118249     
          54          40   1.38840463197304     
          55           4  0.942164014918356     
          56           5  0.944799014367060     
          57           9  0.941541552208735     
          58          10  0.943792897512669     
          59          11  0.944592958445004     
          60          12  0.945742000136801     
          61          16  0.945716672173095     
          62          17  0.944586040881964     
          63          18  0.943919254649018     
          64          19  0.941499701232341     
          65          21  0.944592184102152     
          66          22  0.943770214967982     
          67          24  0.942730517717786     
          68          25  0.941397181319306     
          69          28  0.940621257903506     
          70          30  0.944736816028126     
          71          31  0.944890242155569     
          72          32  0.944565853346977     
          73          33  0.943829221100998     
          74          37  0.944893532295040     
          75          38  0.941028934498112     
          76          39  0.944569312188912     
          77          43  0.943687318533779     
          78          44  0.944699315155208     
          79          45  0.945020589582952     
          80          46  0.944715710777748     
          81          49  0.944683351878231     
          82          50  0.945038244971264     
          83          51  0.944750178017846     
          84          52  0.943928742741808     
          85          54  0.944625042444503     
