 -0.139582571412959     
  0.285773549247724     
 -0.127885512520270     
 -0.138043099966285     
  3.606774801131873E-002
 -1.455319175665704E-002
 -1.138975896285022E-002
  4.753795946147399E-002
 -0.177085998912834     
  6.327465692622924E-002
  4.519531379672426E-003
 -2.707498314982182E-002
 -2.694530209143498E-002
  5.860949050326347E-002
 -0.129188418484093     
  4.609582262275724E-002
 -5.592408043771613E-002
 -4.478846882041854E-002
 -4.931552339267142E-002
 -4.689588536414746E-002
  7.397027677361478E-002
 -0.140222892852769     
  7.510061567174864E-002
 -4.572312449460814E-002
 -4.651636883119892E-002
 -4.392629563130157E-002
 -5.857115947726754E-002
  4.623262162172637E-002
 -3.038525535259229E-002
 -3.329538617092709E-002
  6.286178643067419E-002
  4.736499881552891E-003
 -3.329447854727263E-002
 -3.032857846848014E-002
  5.865638466255874E-002
 -0.129306859735926     
  4.632622148592436E-002
 -5.862100205330734E-002
 -4.398112679674604E-002
 -4.661629673419121E-002
 -4.579468998000458E-002
  7.506873876462050E-002
 -0.140338674114343     
  7.385505464735287E-002
 -4.693686125142271E-002
 -4.935985320927294E-002
 -4.469846357754115E-002
 -5.580080316813607E-002
  4.609471498699280E-002
 -2.681091712126626E-002
 -2.683792499114013E-002
 -0.175759852046153     
  5.242789546174942E-002
 -9.275599742252005E-003
  5.202053242775750E-002
  5.136717729205864E-002
  4.678224739596903E-002
  4.432909565769005E-002
  4.228483543778105E-002
  4.340378957357616E-002
  4.252348842950837E-002
  4.078119339576991E-002
  4.005029780273139E-002
  4.298303445625684E-002
  4.336768411197833E-002
  4.355591875000664E-002
  4.514150683007945E-002
  4.483944514579130E-002
  4.471506408009207E-002
  4.506744334886248E-002
  4.355434315904527E-002
  4.335134372636140E-002
  4.294780304167833E-002
  4.002899491124889E-002
  4.074408374842053E-002
  4.251114203448592E-002
  4.346113783774286E-002
  4.232540891721681E-002
  4.435524883699138E-002
  4.687890546812234E-002
  5.049452526214948E-002
