           2           1   1.39613344279383     
           3           2   1.44959224200311     
           4           3   1.37177377666099     
           5           4   1.26746093628389     
           6           1   1.45927648890092     
           6           5   1.35423772023113     
           7           5   1.08535718154846     
           8           7   1.35416845254359     
           9           8   1.45942984733386     
          10           9   1.39606887184008     
          11          10   1.44972201460841     
          12           7   1.26758509111903     
          12          11   1.37195661715864     
          13           4   1.04953638341853     
          13          12   1.04881940038768     
          14          13  0.986883242091142     
          15          14   1.37541244342417     
          16          15   1.43357511008356     
          17          16   1.40233030246015     
          18          17   1.40659231719350     
          19          14   1.37990008212086     
          19          18   1.42828969385647     
          20          17  0.752207499416829     
          21          20   1.75189712202436     
          22          20   1.75177718700966     
          23          20  0.752057160956382     
          24          23   1.40231059484694     
          25          24   1.43361330334910     
          26          25   1.37537572107335     
          27          26   1.37992076009657     
          28          23   1.40672871577466     
          28          27   1.42819021702089     
          29          26  0.986951793750609     
          30          29   1.04876728975062     
          31          30   1.37194866791867     
          32          31   1.44974383713259     
          33          32   1.39604530330080     
          34          33   1.45944475441801     
          35          30   1.26760744826325     
          35          34   1.35415703348532     
          36          35   1.08535535094809     
          37          36   1.35423944075161     
          38          37   1.45927936644357     
          39          38   1.39614130624836     
          40          39   1.44956682734496     
          41          29   1.04955296683433     
          41          36   1.26743911856359     
          41          40   1.37180933627863     
          42           1  0.944931537175771     
          43           2  0.944699259915022     
          44           3  0.943695045174775     
          45           6  0.944689286819583     
          46           8  0.944711409033591     
          47           9  0.944925334589211     
          48          10  0.944601493187619     
          49          11  0.943534834415748     
          50          15  0.940789903460534     
          51          16  0.943591794166368     
          52          18  0.942086244898439     
          53          19  0.940574471926951     
          54          24  0.943611313363294     
          55          25  0.940785199842225     
          56          27  0.940565575014957     
          57          28  0.942082299512832     
          58          31  0.943500002549115     
          59          32  0.944599694678703     
          60          33  0.944926717064573     
          61          34  0.944711397869276     
          62          37  0.944687537393551     
          63          38  0.944930165254705     
          64          39  0.944700390342619     
          65          40  0.943711206216004     
