 -8.320235392279152E-002
 -7.878202488202923E-003
 -5.318129185775078E-002
 -4.587711903059599E-002
  3.338405546147749E-002
 -1.929484531230141E-002
 -5.720504875131294E-002
 -2.174614910354755E-002
 -7.131218167201858E-003
  2.411011460105517E-002
 -2.174960783411439E-002
 -7.130855742067510E-003
  2.410690496993118E-002
 -8.732622520062172E-002
  5.601863053337253E-002
 -4.795297930481279E-002
 -4.445231571872199E-002
 -2.024226386405736E-002
  2.810572778527431E-002
 -9.989570506970935E-002
 -0.101870098987147     
 -0.101864251261942     
 -5.023110360337668E-002
 -8.431190558326307E-003
  2.387337544330403E-002
 -1.312954706012803E-002
 -3.286948300896064E-002
 -3.413504967454362E-002
 -3.610148579753680E-002
 -3.719141871071407E-002
 -1.360945822315074E-002
 -1.134197915329871E-002
 -3.706726082872436E-002
 -3.575796477733029E-002
 -3.399063632363042E-002
 -3.211104710103019E-002
 -1.069284294355466E-002
 -1.929966478595979E-002
 -5.720231181788460E-002
 -7.876903035466398E-003
 -8.320374514239592E-002
 -5.318250901130028E-002
 -4.587750403312185E-002
  3.338492329462195E-002
 -8.732051082452674E-002
  5.601935730975072E-002
 -4.795345485976199E-002
 -4.445381372446455E-002
 -2.024343401550599E-002
  2.810498111792503E-002
 -0.101860509518880     
 -9.989779379827635E-002
 -0.101871071362051     
 -5.022941904133305E-002
 -8.432230725740730E-003
  2.387445337054972E-002
 -1.312797374002894E-002
 -3.286769769293496E-002
 -3.413374127066682E-002
 -3.610021935500374E-002
 -3.719077071043841E-002
 -1.360585946133686E-002
 -1.134418740141729E-002
 -3.706760751903371E-002
 -3.575827272476850E-002
 -3.398995262960813E-002
 -3.211211476731624E-002
 -1.069761440469286E-002
  3.970485317253447E-002
  4.061007652458437E-002
  4.133283427989032E-002
  3.949626366558512E-002
  4.610073964880235E-002
  4.675213511402654E-002
  4.646656102973667E-002
  4.545620862668576E-002
  3.536594344359933E-002
  3.505937351569932E-002
  3.345936820470452E-002
  3.080803273634292E-002
  3.623008231389468E-002
  3.331594735197596E-002
  3.103982896034352E-002
  3.342014447100528E-002
  3.647378564753778E-002
  4.665688527129785E-002
  4.128580526333980E-002
  4.092187096501987E-002
  4.040403404380966E-002
  3.866545121418208E-002
  3.903727715469651E-002
  4.043392063720785E-002
  4.103519238369902E-002
  4.075254725494437E-002
  4.675325726783075E-002
  4.060904106583685E-002
  4.133374253769384E-002
  3.970698932260275E-002
  3.949542503325876E-002
  4.610121882943785E-002
  4.646785465366521E-002
  4.545846772051509E-002
  3.103941049918335E-002
  3.647245509434882E-002
  3.341962024510370E-002
  3.506085206373044E-002
  3.536524369963734E-002
  3.345820491714435E-002
  3.080883860450423E-002
  3.331658061822118E-002
  3.623273372364411E-002
  4.665593974048698E-002
  4.128597927173816E-002
  4.092229972475014E-002
  4.040436001045244E-002
  3.866551560424036E-002
  3.903738911514798E-002
  4.043423055396400E-002
  4.103564532604154E-002
  4.075290472941984E-002
