 -4.671781432076472E-002
 -3.405689869144002E-002
 -4.525635330826905E-002
  5.398654726039931E-002
 -0.125664733454186     
  5.454400188708908E-002
 -4.402797388497248E-002
 -3.399723541255995E-002
 -4.633151795812029E-002
 -3.416703993163939E-002
 -4.438665191462743E-002
  5.768917094754844E-002
 -5.903639443386144E-002
  6.731201912999474E-004
  5.996832059438351E-003
 -2.911438810617639E-002
 -1.979515606755378E-002
  2.472739423324732E-002
  7.742800107334391E-002
 -0.224194040902367     
 -6.117886428480546E-004
 -2.670946989882950E-002
 -5.024824770783987E-002
 -4.262856731542186E-002
 -4.625592376333021E-002
  2.493221067079388E-002
 -9.163405578986339E-002
  6.405667336189147E-002
 -3.362155679889689E-002
 -2.717588792663417E-002
 -3.518694418978718E-002
 -2.744173137706341E-002
 -3.293652400652380E-002
 -3.533527196180586E-002
 -3.216367974291856E-002
 -6.207273939141711E-002
  5.679852614248748E-002
 -0.126483910755625     
  5.413684763896942E-002
 -4.420166842845852E-002
 -3.384702885638635E-002
 -4.599741690269887E-002
 -3.393417543198574E-002
 -4.423511365760113E-002
  5.431492853301911E-002
 -4.502677266559285E-002
 -3.474804668728382E-002
 -4.745915571223502E-002
 -3.455418007861599E-002
 -4.512083934282884E-002
 -5.483488052378771E-002
 -4.631051369056305E-002
 -3.455487714884686E-002
  3.855359645768341E-002
  4.169739191157618E-002
  3.779531194549557E-002
  3.784088587499423E-002
  4.152637192835473E-002
  3.824043849831138E-002
  4.114404908531522E-002
  3.769274684168200E-002
  4.225705562863180E-002
  4.422525457668158E-002
  4.846391437507336E-002
  4.466978972808711E-002
  4.135445419154793E-002
  4.282311724296284E-002
  4.003700413728639E-002
  4.123707698639556E-002
  4.434133631690929E-002
  4.104654022624732E-002
  4.418001293583429E-002
  4.121963610206558E-002
  4.457242358388802E-002
  4.301389791293642E-002
  4.072519162319721E-002
  3.777209828155736E-002
  4.137144970387341E-002
  3.836204446843428E-002
  4.155775789014637E-002
  3.768208762200653E-002
  3.818125243165549E-002
  4.150483165788610E-002
  3.821565906987912E-002
  4.156628911232929E-002
  3.788079265159638E-002
  4.121107419588910E-002
  3.740624307162743E-002
  4.142383451466358E-002
