           2           1  0.967662511661804     
           3           2  0.977404402565294     
           4           2  0.967659351498099     
           5           2  0.894296478767103     
           6           5   1.12780981947059     
           7           6   1.75001669051140     
           8           6  0.958381006084135     
           9           8   1.37582353943694     
          10           9   1.37880647845360     
          11          10  0.995243928476221     
          12          11   1.04445960718840     
          13          12   1.37408006472401     
          14          13   1.44744701379954     
          15          14   1.39799657190900     
          16          15   1.45804590250434     
          17          12   1.26898439428224     
          17          16   1.35535065666571     
          18          17   1.08356045387114     
          19          18   1.35480146777968     
          20          19   1.45856281940693     
          21          20   1.39772798519697     
          22          21   1.44774918687521     
          23          11   1.04294478469457     
          23          18   1.26985409432141     
          23          22   1.37433424594576     
          24          10   1.37238551746901     
          25          24   1.41466863686363     
          26           8   1.34543481094406     
          26          25   1.42292998167264     
          27           5  0.742301928715641     
          27          26  0.748955126915956     
          28          27   1.77500892468097     
          29          27   1.77555262246702     
          30           1  0.974322058182894     
          31           1  0.978423083960991     
          32           1  0.974542570077426     
          33           3  0.975209894878366     
          34           3  0.974791228885854     
          35           3  0.974627510837276     
          36           4  0.974614151912732     
          37           4  0.978385161525917     
          38           4  0.974571168078173     
          39           9  0.939215905106572     
          40          13  0.943326104916176     
          41          14  0.944611795531093     
          42          15  0.944849884675933     
          43          16  0.944623456329943     
          44          19  0.944679005346654     
          45          20  0.944849918844061     
          46          21  0.944532197569955     
          47          22  0.943062514021527     
          48          24  0.937420335979579     
          49          25  0.941236311369099     
