 -0.100515758498274     
  3.256114450238767E-002
 -9.924246601502329E-002
 -0.101125072209942     
 -4.690628999914459E-003
 -7.501071232231382E-002
  6.290179552615172E-002
 -0.100713705421877     
  6.210135736099920E-002
 -6.819176985921871E-002
 -8.568829171378578E-002
  5.273445235700081E-002
 -4.103699309170938E-002
 -3.594307982331024E-002
 -4.220129161781117E-002
 -3.906898390195845E-002
 -7.901717660504737E-003
  1.174392402707758E-002
 -1.329703603003285E-002
 -3.443121897017676E-002
 -3.588207512473662E-002
 -3.576918516173855E-002
 -3.606394515782618E-002
 -1.384261130217634E-002
 -1.572853616080039E-002
 -3.648502564994427E-002
 -3.615466506127873E-002
 -3.493572311880921E-002
 -3.463750401940224E-002
 -1.644272937039215E-002
 -7.334097765015812E-003
 -3.633731502537518E-002
 -3.829866481383526E-002
 -3.510039206397764E-002
 -7.508297718751056E-002
  5.473785507989604E-002
  2.679680386159067E-003
 -7.864082803793604E-002
 -3.286988783309841E-002
 -4.477020392515385E-002
 -2.987321566468282E-002
 -5.203526509228684E-002
  6.173010105598076E-002
 -8.707494218305456E-002
  6.176796890983294E-002
 -2.821456728451555E-002
 -2.905690731226063E-002
 -3.335403136985704E-002
 -2.959516967150488E-002
 -2.846760411362048E-002
  3.693873433378214E-002
  3.428371257055407E-002
  3.232460052950925E-002
  3.405191362578575E-002
  3.580476856710890E-002
  3.616591429924554E-002
  3.226047283232314E-002
  3.377950768339022E-002
  3.677177935856946E-002
  4.284902025241932E-002
  4.267724660099825E-002
  4.340840919503841E-002
  4.333512203843437E-002
  4.113945999630164E-002
  4.469908156992108E-002
  4.058275252693577E-002
  4.103088125156529E-002
  4.079686377717517E-002
  4.003389642947119E-002
  3.869635549705541E-002
  4.015890597010696E-002
  4.043311529796267E-002
  4.304696353329251E-002
  4.645040137106393E-002
  4.255495760459505E-002
  4.678176830973457E-002
  4.563376918706130E-002
  3.973886369038215E-002
  4.362869372138256E-002
  3.960162334359651E-002
  4.075231738983109E-002
  4.347397168219136E-002
  4.050597506964260E-002
  4.340941342756888E-002
  4.034728386716246E-002
