 -0.102445061011074     
  2.100840389543901E-002
 -0.102563037858570     
 -2.190506248279345E-002
 -4.443763187722993E-002
 -5.142251268590403E-002
 -3.739597885536927E-002
 -5.807865122028932E-002
  5.028627109670669E-002
 -0.118370281698756     
  6.392992362247130E-002
 -2.180716207583444E-002
 -2.303669737033864E-002
 -1.311462932513585E-002
  0.146818273368160     
 -0.235025704842653     
 -1.922741584250698E-002
 -2.755240866276853E-002
 -3.809497839257592E-002
  4.965199626005834E-003
 -6.563594934718253E-003
 -2.472067679537560E-005
 -3.350346256201675E-002
 -3.246631470762207E-002
 -3.287726699617988E-002
 -3.336842676686658E-002
 -3.742488268174515E-002
 -3.419603041694863E-002
 -3.713086337981775E-002
 -3.365470802364534E-002
 -2.493078617287647E-002
  5.011866360697725E-002
 -5.717143197369978E-002
 -3.689933292275427E-002
 -5.129028434396954E-002
 -4.459412987778144E-002
 -2.213986428352932E-002
  3.363350630660622E-002
  3.435793772867501E-002
  3.369065959102813E-002
  3.362269759793179E-002
  3.350602901285360E-002
  3.397645454900799E-002
  4.322676710879991E-002
  3.911065855072204E-002
  4.222365856504140E-002
  3.878854865438974E-002
  4.281656059927430E-002
  5.038251265328286E-002
  4.767832071227740E-002
  4.449016698952879E-002
  4.036591313650839E-002
  4.065267099037384E-002
  3.943253462371898E-002
  4.026804439209897E-002
  4.140801682625372E-002
  4.222526561369500E-002
  4.562954660683760E-002
  4.758843507162713E-002
  4.207560749203487E-002
  3.961644416630949E-002
  4.259471083822997E-002
  3.910607728134807E-002
  4.311883404854921E-002
