           2           1  0.992562608768592     
           3           2   1.35393803735324     
           4           3  0.980151530489229     
           5           4   1.38089215144377     
           6           5   1.43827982752280     
           7           6   1.42772780443705     
           8           7   1.42754226722807     
           9           4   1.38004708997726     
           9           8   1.43891704635692     
          10           3   1.38061263483326     
          11          10   1.39993699889110     
          12          11  0.931580275759462     
          13          12   1.03630863425569     
          14          13   1.76446223377707     
          15          13   1.00589029895043     
          16          15   1.44542971328046     
          17          16   1.34251410490059     
          18          17   1.52358416441940     
          19          18   1.26754657808254     
          20          19   1.20508795647963     
          21          20   1.00566465807548     
          22          21   1.35717205975732     
          23          22   1.46172290374999     
          24          23   1.35610683351035     
          25          24   1.01346668157214     
          26          25  0.995790555234207     
          27          26   1.36536872033377     
          28          27   1.45647659012348     
          29          28   1.36453128457920     
          30          29   1.00640688032362     
          31          30   1.37201318022609     
          32          31   1.44313696908327     
          33          32   1.42543427786732     
          34          33   1.42541574476097     
          35          30   1.37193490758531     
          35          34   1.44317549661584     
          36          29   1.36436005808348     
          37          26   1.36446859970126     
          37          36   1.45663778639764     
          38          25  0.994355348752663     
          39          38   1.37348214593591     
          40          39   1.44288541025340     
          41          40   1.37468364200388     
          42          41   1.29776178305183     
          43          38   1.34866578031477     
          43          42   1.44816201485514     
          44          42  0.941292118766940     
          45          44  0.958549924459636     
          46          44  0.958434324032703     
          47          44  0.942570485467346     
          48          47   1.43457971436916     
          49          48   1.40757114941722     
          50          49   1.43394901379816     
          51          50   1.42949015260109     
          52          41   1.03941827138708     
          52          47   1.30481342612408     
          52          51   1.38089999797031     
          53          24   1.35807164866642     
          54          21   1.36136600559180     
          54          53   1.45979852815738     
          55          20   1.45710128697357     
          56          55   1.36113699278742     
          57          56   1.43058527963569     
          58          15   1.22201789980600     
          58          19   1.22384291080846     
          58          57   1.22235162670846     
          59          12   1.02915073586727     
          59          57   1.01225385232203     
          60          59   1.76432248403601     
          61          11   1.39746607753190     
          62           2   1.35419307188724     
          62          61   1.38352074625233     
          63          62  0.976784360195505     
          64          63   1.38236895748746     
          65          64   1.43759306108982     
          66          65   1.42859065465767     
          67          66   1.42729862707278     
          68          63   1.38157650563398     
          68          67   1.43871818047107     
          69           1  0.974073260940024     
          70           1  0.974131746438485     
          71           1  0.968585391837236     
          72           5  0.947023215640900     
          73           6  0.946526530970864     
          74           7  0.947487339911008     
          75           8  0.946519777292055     
          76           9  0.946899140948964     
          77          10  0.943538908515674     
          78          16  0.943603278705343     
          79          17  0.943536057323763     
          80          18  0.939234880527337     
          81          22  0.943065371509267     
          82          23  0.943471833903925     
          83          27  0.944435009704428     
          84          28  0.943765416364405     
          85          31  0.946962428500912     
          86          32  0.946632236863982     
          87          33  0.947590528120550     
          88          34  0.946628096521366     
          89          35  0.946977175221617     
          90          36  0.943737504511794     
          91          37  0.944483303956021     
          92          39  0.943518663526778     
          93          40  0.942477641222340     
          94          43  0.943574851010429     
          95          45  0.978695281145691     
          96          45  0.978537033510746     
          97          45  0.978495942657342     
          98          46  0.978505665748411     
          99          46  0.978710556471361     
         100          46  0.978577630129293     
         101          48  0.946001438723532     
         102          49  0.946011657391460     
         103          50  0.945558108848946     
         104          51  0.945835073119871     
         105          53  0.943513575223342     
         106          54  0.943783502690182     
         107          55  0.941896030850528     
         108          56  0.942016642395046     
         109          61  0.943635121248995     
         110          64  0.947229747842287     
         111          65  0.946532567066529     
         112          66  0.947473391880368     
         113          67  0.946513529436348     
         114          68  0.947082656385243     
