 -0.102540151069666     
  2.076713853027501E-002
 -0.102602668363973     
 -2.180974636580757E-002
 -4.463105392834077E-002
 -5.113190560756031E-002
 -3.678463065285520E-002
 -5.681233207892245E-002
  5.046279687407651E-002
 -0.115706400171720     
  6.567849328857900E-002
 -2.242530740995274E-002
 -1.937745393220869E-002
  4.400470908967558E-002
 -0.186668270362035     
  8.074088377386701E-002
  6.935987207795646E-002
 -1.838285795889849E-002
 -1.029372193492062E-002
 -2.731993150345069E-002
  2.646886501894707E-002
 -0.190464047296000     
  8.033612913217292E-002
  6.983147930719280E-002
 -1.801320346902102E-002
 -9.997784276814414E-003
 -2.729025796098217E-002
  2.648249409332326E-002
 -0.190691681107688     
 -0.183180176336434     
  4.896993678635297E-002
 -2.033167039271433E-002
  5.088360308712092E-002
 -5.594750454452413E-002
 -3.640785427100290E-002
 -5.107116419821089E-002
 -4.493267425742520E-002
 -2.203926343458118E-002
  3.345499500277038E-002
  3.357076920748947E-002
  3.457332183519457E-002
  3.359126735067142E-002
  3.367129775899624E-002
  3.403862080521847E-002
  4.317509448266132E-002
  3.907666666644793E-002
  4.265957071569659E-002
  4.023846319988966E-002
  4.866615433181198E-002
  5.079282467258284E-002
  4.482694869844939E-002
  4.158847017510614E-002
  4.065904032804424E-002
  5.000457068597663E-002
  4.521292126966736E-002
  4.170507988843863E-002
  4.068518038761104E-002
  4.996937787151179E-002
  4.534692609434177E-002
  4.044197584477671E-002
  4.284267580933976E-002
  3.901786785143968E-002
  4.305723089201874E-002
