 -0.220735963393284     
  9.828534528775990E-002
  1.319343610154666E-002
 -2.375037954585046E-002
  5.968963604684685E-003
 -3.500562671828167E-002
 -2.652829353930830E-002
 -2.888912866117455E-002
 -2.851390186154479E-002
 -3.720717502762927E-002
  2.967498899346221E-003
 -3.446849872047153E-002
 -2.953587961690207E-002
  3.007410379617603E-003
  1.315012976894270E-002
  9.830578887906771E-002
 -0.220694190019382     
 -2.381496590438115E-002
  5.977104686028412E-003
 -3.720703449636975E-002
 -2.849504617237564E-002
 -2.885062719930165E-002
 -2.651125649812780E-002
 -3.501917961231538E-002
 -3.447898772022739E-002
 -2.957317515025615E-002
  5.068000145856477E-002
  4.621015420652386E-002
  4.151973342461823E-002
  4.059554421168865E-002
  4.017173977130917E-002
  3.679210441442593E-002
  4.237508741735518E-002
  4.579520772915102E-002
  5.065484877251591E-002
  3.681352624400180E-002
  4.017273492467766E-002
  4.061315679114708E-002
  4.152899679343525E-002
  4.629682254517842E-002
  4.238074482654586E-002
  4.582322871910860E-002
