           2           1   2.79859292992031     
           3           2   1.06241951425107     
           4           3   1.65288655351696     
           5           4   1.09358562794669     
           6           5   1.34161819168183     
           7           6   1.45317194121416     
           8           7   1.41933941258460     
           9           8   1.41674011351584     
          10           5   1.33922404722547     
          10           9   1.45629962961369     
          11           3   1.00203655882405     
          12          11   1.35416145892868     
          13          12   1.46360291631722     
          14          13   1.35405753988172     
          15          14   1.00165049274168     
          16          15   1.06272648497289     
          17          16   2.79827169037143     
          18          15   1.65250872223111     
          19          18   1.09422926897507     
          20          19   1.33890814044527     
          21          20   1.45640528969651     
          22          21   1.41668869223110     
          23          22   1.41924204183059     
          24          19   1.34135131394569     
          24          23   1.45331335914828     
          25          14   1.35417995767679     
          26          11   1.35388000842486     
          26          25   1.46368258362523     
          27           4  0.938859648073081     
          28           6  0.939882483214744     
          29           7  0.946229763313914     
          30           8  0.947333007655664     
          31           9  0.946350681183022     
          32          10  0.946706502928177     
          33          12  0.944157819582214     
          34          13  0.942792090030401     
          35          18  0.938865286220688     
          36          20  0.946680892540066     
          37          21  0.946351124517025     
          38          22  0.947330330743014     
          39          23  0.946230790010195     
          40          24  0.939805243126613     
          41          25  0.944161429809217     
          42          26  0.942757309761948     
