           2           1   2.81397306496232     
           3           2   1.06511862065929     
           4           3   1.32827790666530     
           5           4   1.47291733074444     
           6           5   1.34990666847476     
           7           6   1.02486037793018     
           8           7  0.978684053022399     
           9           8   1.37756789329513     
          10           9   1.44086991405956     
          11          10   1.42562542593951     
          12          11   1.42633227304279     
          13           8   1.37831438934724     
          13          12   1.43979973857612     
          14           7  0.995056079386692     
          15          14   1.37233297192766     
          16          15   1.39484453716517     
          17          16  0.967980654898265     
          18          17   1.00836377789430     
          19          18   1.39207288138665     
          20          19   1.41645623907014     
          21          20   1.44167074675873     
          22          21   1.41075615534768     
          23          18   1.30361015182355     
          23          22   1.41111886029558     
          24          23   1.00869849442614     
          25          24   1.00760379853814     
          26          25   1.41124706646312     
          27          26   1.41089946763190     
          28          27   1.44182481428765     
          29          28   1.41628035412755     
          30          17   1.00661113935141     
          30          25   1.30430133528975     
          30          29   1.39255951038885     
          31          16   1.38089221439138     
          32          31   1.38457671166090     
          33          32  0.964416844418261     
          34          33   1.00744969158094     
          35          34   1.39316953563461     
          36          35   1.41554321108086     
          37          36   1.44260906043359     
          38          37   1.41001523538815     
          39          34   1.30322944523614     
          39          38   1.41219921604336     
          40          39   1.00761296992447     
          41          40   1.00850368098366     
          42          41   1.41141117755626     
          43          42   1.41043447398476     
          44          43   1.44199313892572     
          45          44   1.41622505895980     
          46          33   1.00895265369990     
          46          41   1.30338750351205     
          46          45   1.39213739302282     
          47          14   1.37259940615494     
          47          32   1.39404487605900     
          48           6   1.34895730341575     
          49           3   1.32790223388361     
          49          48   1.47351580488197     
          50           4  0.943715067595546     
          51           5  0.943422762967954     
          52           9  0.945763725543755     
          53          10  0.945097520135539     
          54          11  0.946322350984507     
          55          12  0.945096835256797     
          56          13  0.946662118321536     
          57          15  0.943227356005415     
          58          19  0.940393408153138     
          59          20  0.943867628026182     
          60          21  0.944562151730395     
          61          22  0.945718709372357     
          62          26  0.945698832983787     
          63          27  0.944494309140122     
          64          28  0.943831239667734     
          65          29  0.940971085796970     
          66          31  0.943903969893874     
          67          35  0.941256072572120     
          68          36  0.943870175697520     
          69          37  0.944534914920451     
          70          38  0.945697455000279     
          71          42  0.945714622528355     
          72          43  0.944525252564851     
          73          44  0.943932829148177     
          74          45  0.940980031985447     
          75          47  0.943462246046272     
          76          48  0.942424899693323     
          77          49  0.943699037135985     
