           2           1   1.00140285846101     
           3           2   1.39362887853057     
           4           3   1.39360109456267     
           5           4   1.00140218422997     
           6           4   1.29039018959945     
           7           6   1.06147293788046     
           8           7   2.81332016899926     
           9           6   1.29988778060669     
          10           9   1.00130162479202     
          11          10   1.36591882554022     
          12          11   1.44779072060552     
          13          12   1.38032597898982     
          14          13  0.958295597052044     
          15          14   1.02796784470871     
          16          15   1.35569383125238     
          17          16   1.45175721605246     
          18          17   1.41480972132714     
          19          18   1.43261095525930     
          20          15   1.33367432199223     
          20          19   1.40088166485380     
          21          20  0.947279961763021     
          22          21  0.953343952947297     
          23          21  0.953439700267352     
          24          21  0.947276685998193     
          25          24   1.40088226392805     
          26          25   1.43260696517073     
          27          26   1.41481513642886     
          28          27   1.45174993023472     
          29          14   1.02793916595575     
          29          24   1.33367433220642     
          29          28   1.35570206410308     
          30          13   1.38036787976179     
          31          10   1.36592649874181     
          31          30   1.44779589560727     
          32           2   1.29036324138717     
          32           9   1.29991917206321     
          33          32   1.06147471370028     
          34          33   2.81331378383603     
          35           1  0.964194459873988     
          36           1  0.964879112816725     
          37           1  0.978571940898056     
          38           5  0.978572633461641     
          39           5  0.964745410308869     
          40           5  0.964327706541646     
          41          11  0.942094886387369     
          42          12  0.944540252805967     
          43          16  0.940949680036253     
          44          17  0.943845792273395     
          45          18  0.944767412666312     
          46          19  0.942273713625692     
          47          22  0.975892589438616     
          48          22  0.977530388039023     
          49          22  0.975761507507216     
          50          23  0.977538511738565     
          51          23  0.975746994075082     
          52          23  0.975883310100329     
          53          25  0.942267660155552     
          54          26  0.944766449760218     
          55          27  0.943843226394457     
          56          28  0.940922496814892     
          57          30  0.944543741750382     
          58          31  0.942092449644725     
