           2           1   2.81439461123793     
           3           2   1.06406835186239     
           4           3   1.29621710748064     
           5           4  0.992415147058213     
           6           5   1.04528820225561     
           7           6   1.36732871646449     
           8           7   1.45975460462470     
           9           8   1.34168062054286     
          10           9   1.00074941335649     
          11          10   1.37409347211970     
          12          11   1.44202922846634     
          13          12   1.42594146496820     
          14          13   1.42576414386903     
          15          10   1.37361829902510     
          15          14   1.44225730483748     
          16           9   1.39782409277078     
          17           6   1.26405716421861     
          17          16   1.36716218815894     
          18          17   1.07870791635084     
          19          18   1.36734176951439     
          20          19   1.39714722699366     
          21          20   1.00166877616956     
          22          21   1.37341021930118     
          23          22   1.44244881965340     
          24          23   1.42567182336927     
          25          24   1.42581809488478     
          26          21   1.37343535090556     
          26          25   1.44227052045937     
          27          20   1.34150210214872     
          28          27   1.45976193793193     
          29           5   1.04532543734944     
          29          18   1.26395446505986     
          29          28   1.36774714864714     
          30           4   1.39175266418564     
          31          30   1.42778841390084     
          32          31   1.42314895920326     
          33           3   1.29560978244466     
          33          32   1.39728776002340     
          34          33  0.986537856697524     
          35          34   1.04769597239297     
          36          35   1.36729152665864     
          37          36   1.46019647316633     
          38          37   1.34127643797112     
          39          38   1.00179560768742     
          40          39   1.37310449871512     
          41          40   1.44263883878434     
          42          41   1.42554434206837     
          43          42   1.42591651969985     
          44          39   1.37365508910589     
          44          43   1.44211704862294     
          45          38   1.39703976622697     
          46          35   1.26277749993064     
          46          45   1.36755374018506     
          47          46   1.07918802790369     
          48          47   1.36745671620627     
          49          48   1.39764781060955     
          50          49   1.00064256558124     
          51          50   1.37396340609804     
          52          51   1.44213073266867     
          53          52   1.42590574556386     
          54          53   1.42579136002899     
          55          50   1.37381447330894     
          55          54   1.44220479528902     
          56          49   1.34180436622224     
          57          56   1.45980292066308     
          58          34   1.04681183010902     
          58          47   1.26288326585679     
          58          57   1.36747336520108     
          59           7  0.939854211227822     
          60           8  0.943148733797798     
          61          11  0.947085656654135     
          62          12  0.946664775824038     
          63          13  0.947576659647810     
          64          14  0.946581069351247     
          65          15  0.946842181625662     
          66          16  0.943353135365585     
          67          19  0.943248344169191     
          68          22  0.946909412468291     
          69          23  0.946587518539115     
          70          24  0.947538282506439     
          71          25  0.946612708263814     
          72          26  0.947044828653299     
          73          27  0.943186823383753     
          74          28  0.942042262989713     
          75          30  0.942101460397305     
          76          31  0.940300076054508     
          77          32  0.942366469332857     
          78          36  0.942578913264492     
          79          37  0.943236246667697     
          80          40  0.946891341376776     
          81          41  0.946585877150586     
          82          42  0.947545255642148     
          83          43  0.946626869887721     
          84          44  0.947053197833530     
          85          45  0.943236569701571     
          86          48  0.943429655693521     
          87          51  0.946987204036086     
          88          52  0.946630862325017     
          89          53  0.947568484638226     
          90          54  0.946623628098928     
          91          55  0.947040444286528     
          92          56  0.943152724494400     
          93          57  0.940506451058429     
