           2           1  0.953368344738388     
           3           2  0.953526313726362     
           4           2  0.947203310502225     
           5           4   1.40227140725533     
           6           5   1.43155073542590     
           7           6   1.41525334171646     
           8           7   1.45168019059103     
           9           4   1.33182207825255     
           9           8   1.35506505487805     
          10           9   1.03128052585242     
          11          10  0.950588441423262     
          12          11   1.33767221784263     
          13          12   1.47881527476514     
          14          13   1.33566094862474     
          15          14   1.07759273725649     
          16          15   1.33549906003790     
          17          16   1.47905178151022     
          18          17   1.33703729884833     
          19          18  0.952638285202601     
          20          19   1.02913278889908     
          21          20   1.35579089332729     
          22          21   1.45160969313846     
          23          22   1.41511333302497     
          24          23   1.43206470504038     
          25          20   1.33263034038466     
          25          24   1.40170716039685     
          26          25  0.947151897807650     
          27          26  0.953561903737029     
          28          26  0.953286607827137     
          29          26  0.947246681439792     
          30          29   1.40193369421126     
          31          30   1.43182976490372     
          32          31   1.41505198749680     
          33          32   1.45182227640845     
          34          19   1.03076022959037     
          34          29   1.33221160311319     
          34          33   1.35503250247521     
          35          18   1.43212704526151     
          36          15   1.28251563251461     
          36          35   1.33502746707981     
          37          36   1.08640388916142     
          38          37   1.43480054366470     
          39          38   1.27713832904539     
          40          39   1.25550005195733     
          41          40   1.56146616369881     
          42          41   1.29363791842238     
          43          42   1.56148268752178     
          44          39   1.17838296888606     
          44          43   1.25547543270391     
          45          44   1.27717533906569     
          46          37   1.16285540425994     
          46          45   1.43476375779808     
          47          14   1.28267046994111     
          47          46   1.08645416418253     
          48          11   1.43321781726878     
          48          47   1.33472750955907     
          49          10   1.02996342452670     
          50          49   1.35570588498613     
          51          50   1.45152815367319     
          52          51   1.41528065467196     
          53          52   1.43176650849057     
          54           2  0.947130443475833     
          54          49   1.33217562400792     
          54          53   1.40206738011866     
          55           1  0.975817451266516     
          56           1  0.977574048736108     
          57           1  0.975890705418960     
          58           3  0.977495290639659     
          59           3  0.975876492967266     
          60           3  0.975775012245889     
          61           5  0.942293337823332     
          62           6  0.944839975942077     
          63           7  0.943963524879657     
          64           8  0.941415430407913     
          65          12  0.944316474522302     
          66          13  0.938877575435377     
          67          16  0.938876122466143     
          68          17  0.944256177142511     
          69          21  0.940939703896042     
          70          22  0.943887927851989     
          71          23  0.944786111080009     
          72          24  0.942264069084087     
          73          27  0.975876832206373     
          74          27  0.975743247777067     
          75          27  0.977502839412692     
          76          28  0.975895243799981     
          77          28  0.977565519860752     
          78          28  0.975817802360194     
          79          30  0.942279458348588     
          80          31  0.944820662916174     
          81          32  0.943956470730961     
          82          33  0.941291891651139     
          83          35  0.942374248942915     
          84          40  0.943465967246420     
          85          41  0.945622869889663     
          86          42  0.945620785744035     
          87          43  0.943464196550655     
          88          48  0.942447766599777     
          89          50  0.941182828445689     
          90          51  0.943911715452165     
          91          52  0.944812576399794     
          92          53  0.942296997264620     
