           2           1   1.42351376056633     
           3           2   1.44469520348234     
           4           3   1.36984950622506     
           5           4   1.00047449175477     
           6           5   1.00045454725341     
           7           6   1.36964847496160     
           8           7   1.44459619164352     
           9           8   1.42352368885141     
          10           9   1.42411286980087     
          11           6   1.37003661981659     
          11          10   1.44405016966483     
          12           5  0.989857254050347     
          13          12   1.33927723739800     
          14          13   1.46193350766785     
          15          14   1.36497681050310     
          16          15   1.26122797517250     
          17          12   1.40167208414429     
          17          16   1.36265366450777     
          18          16   1.08379161389100     
          19          18   1.36153948324925     
          20          19   1.40241782898206     
          21          20  0.989803716985437     
          22          21   1.00124230623921     
          23          22   1.36939320163786     
          24          23   1.44465371807652     
          25          24   1.42351584497315     
          26          25   1.42396725075287     
          27          22   1.36969578573144     
          27          26   1.44429177888769     
          28          21  0.999978045559945     
          29          28   1.36994082158588     
          30          29   1.44464825503487     
          31          30   1.42350057344273     
          32          31   1.42420831450791     
          33          28   1.37032424690705     
          33          32   1.44383819801554     
          34          20   1.33858401364808     
          35          34   1.46314171759969     
          36          18   1.26237062808588     
          36          35   1.36389729543268     
          37          15   1.05065517869798     
          37          36   1.05062666876955     
          38          37  0.983131758056901     
          39          38   1.37467984883665     
          40          39   1.45216077583793     
          41          40   1.36566973277148     
          42          41   1.00920603941225     
          43          42   1.25263141787120     
          44          43   1.56592653524036     
          45          44   1.26191951143106     
          46          45   1.24796913910580     
          47          46   1.54445273886886     
          48          47   1.28732864941978     
          49          48   1.54977645978410     
          50          45   1.19879909334107     
          50          49   1.23645254443149     
          51          42   1.47972590229440     
          51          50   1.28354985081477     
          52          41   1.36390631494868     
          53          38   1.37337581287419     
          53          52   1.45373097732600     
          54           4   1.37000035340588     
          55           1   1.42408513514052     
          55          54   1.44402206328633     
          56           1  0.946647815924335     
          57           2  0.945327926709144     
          58           3  0.946075657950278     
          59           7  0.946187111170107     
          60           8  0.945300765907389     
          61           9  0.946651950006243     
          62          10  0.945312443867672     
          63          11  0.946095223983073     
          64          13  0.942458358061281     
          65          14  0.940400359102733     
          66          17  0.942622146539959     
          67          19  0.942547409859856     
          68          23  0.946155821142067     
          69          24  0.945303324228921     
          70          25  0.946655003950363     
          71          26  0.945321028321913     
          72          27  0.946066401286202     
          73          29  0.946085737388052     
          74          30  0.945329820401258     
          75          31  0.946646260713454     
          76          32  0.945318722804448     
          77          33  0.946109397978917     
          78          34  0.942522471384828     
          79          35  0.940512643143250     
          80          39  0.944428577810914     
          81          40  0.943674674935706     
          82          43  0.943837403929789     
          83          44  0.941635520324471     
          84          47  0.947306746860265     
          85          48  0.947088084305451     
          86          51  0.942353333872617     
          87          52  0.943460116750694     
          88          53  0.944459292438730     
          89          54  0.946078998901477     
          90          55  0.945316994168005     
