 -8.434052948274307E-002
 -8.918450535908562E-003
 -4.979318901720031E-002
 -4.802790865447726E-002
  4.824803493233798E-002
 -0.126012095778164     
  4.845928591964643E-002
 -4.717480792694762E-002
 -4.936265323221622E-002
 -8.788609421626070E-003
 -8.429919847132616E-002
 -4.834223813614980E-002
 -4.785510678099669E-002
  4.263240631144205E-002
 -1.642832234250768E-003
 -3.741778115359473E-002
 -3.689530713670575E-002
 -3.626201400150109E-002
 -4.146152015446081E-002
 -3.013475292222623E-003
 -2.015058656422752E-002
  6.773286889965036E-003
 -3.352051065945894E-002
 -4.010111945015282E-002
 -5.162597945255687E-002
  0.354551946477616     
 -0.389489034541068     
 -4.807615820466715E-002
 -3.997108397174998E-002
 -2.962931287567105E-002
 -3.043623694312192E-002
 -2.566666241046445E-002
 -2.578859598345673E-002
 -4.814745785292374E-002
 -2.595699127695728E-002
 -2.576964744832200E-002
 -3.055722076744427E-002
 -2.973058732890976E-002
 -3.994732963336034E-002
 -2.635057921938078E-002
 -2.928840042264458E-002
 -1.733887362795450E-003
 -3.983129950480002E-002
 -3.443962765584541E-002
 -3.565957512255480E-002
 -3.823663155499624E-002
 -1.172288254771559E-003
 -4.737564570721986E-002
 -4.790263122482408E-002
  3.877603747898961E-002
  4.129013874874299E-002
  4.128572725201807E-002
  3.789698511354722E-002
  4.001939011293343E-002
  4.032478169838527E-002
  3.792710131909349E-002
  3.943729942092100E-002
  4.039500577177879E-002
  4.156954936537294E-002
  3.765090600772503E-002
  3.920935058438879E-002
  4.480837702895313E-002
  4.045248409078583E-002
  4.017139576065598E-002
  4.142131995812104E-002
  4.164010756431202E-002
  4.288658226290898E-002
  4.072956804992089E-002
  4.129562307717238E-002
  4.154605231579811E-002
  4.227086703489180E-002
  4.843317286992632E-002
  4.838895046293812E-002
  4.225952997515869E-002
  4.149995167182252E-002
  4.118309319377134E-002
  4.061578518612941E-002
  5.063374012651978E-002
  4.262414116006719E-002
  4.304862418880828E-002
  4.120031467305685E-002
  4.054126396969804E-002
  4.455424775656780E-002
  3.969430468766244E-002
  3.781606833428053E-002
