 -0.121407734406334     
  9.819684310440913E-002
 -2.898304542431163E-002
 -2.464401080343759E-002
 -3.151715826101675E-002
  9.667229988400505E-002
 -0.124020193474103     
  6.931477287659238E-002
 -8.010722997059183E-002
  7.091386165103186E-002
 -7.680185565353082E-002
  7.091999218696188E-002
 -8.095260062716925E-002
 -3.357744464361190E-002
 -8.096118617925718E-002
 -5.012262384173738E-003
 -7.729984151418456E-002
 -3.340975806439239E-002
 -4.627146976806351E-002
 -3.249166808940096E-002
 -5.444637844866573E-002
  6.048371815716624E-002
 -8.603523676950431E-002
  6.256629721148288E-002
 -2.848350515963816E-002
 -2.947623134776212E-002
 -3.402957714118848E-002
 -2.971383381393533E-002
 -2.802974338830211E-002
  6.480097068992530E-002
 -8.050436540177852E-002
  6.275793695670551E-002
 -0.119150563199558     
  5.571287553563753E-002
 -4.285198658264466E-002
 -3.507493243552418E-002
 -4.867464426952228E-002
 -3.524508248836877E-002
 -4.542401449134736E-002
  5.587139893616211E-002
 -4.301293478027191E-002
 -3.404011721718092E-002
 -4.704261927577402E-002
 -3.451636993360285E-002
 -4.523780301553515E-002
 -7.919388225555313E-002
  6.717483787009648E-002
 -0.104955698355890     
 -5.021079336203105E-003
 -7.730474363690298E-002
 -3.343675337588525E-002
 -4.628940194945308E-002
 -3.249103466490055E-002
 -5.446420621984682E-002
  6.047765497643542E-002
 -8.603029899236336E-002
  6.258477590658318E-002
 -2.847292986262140E-002
 -2.947685038283154E-002
 -3.401861063664313E-002
 -2.970255954500889E-002
 -2.801660546191531E-002
  6.479989712743173E-002
 -8.057334596930943E-002
  6.276459271124901E-002
 -0.119159408466228     
  5.571568364346291E-002
 -4.277916593311204E-002
 -3.505473526700342E-002
 -4.863711104489088E-002
 -3.523878400813540E-002
 -4.536603810444451E-002
  5.586844940698654E-002
 -4.527444630594601E-002
 -3.451998113179222E-002
 -4.706097458830438E-002
 -3.404579902697957E-002
 -4.302796142118126E-002
 -7.929317986940898E-002
  6.717672024268717E-002
 -0.104973365503158     
 -8.006965059368021E-002
  6.933139447555892E-002
  9.822319764640364E-002
 -0.121388751254821     
 -2.898619572789407E-002
 -2.464439254351802E-002
 -3.151266416220455E-002
  9.668402927461006E-002
 -0.123999812393056     
  5.033549800544468E-002
  5.649108891689936E-002
  4.989459690957254E-002
  3.931714691606270E-002
  5.933494730030298E-002
  4.909182539135970E-002
  3.955710978616489E-002
  4.278292511573656E-002
  3.903323089349497E-002
  4.041817236266898E-002
  4.273494794856048E-002
  3.990390909871222E-002
  4.310224736367407E-002
  4.058556431704530E-002
  4.176456647060656E-002
  4.144132504408571E-002
  4.178743115256311E-002
  3.766703766451096E-002
  4.124892087955945E-002
  3.788881446307779E-002
  3.957787573808347E-002
  4.154147685058451E-002
  3.802579260224370E-002
  4.125766825709609E-002
  3.764681497612210E-002
  3.882629668860038E-002
  4.911524519574051E-002
  3.955396598663530E-002
  4.278295230823825E-002
  3.902605328669251E-002
  4.041625367185453E-002
  4.273549889548933E-002
  3.990627093601695E-002
  4.310526011837679E-002
  4.058760996849831E-002
  4.177350284246850E-002
  4.145500000170432E-002
  4.180347824528918E-002
  3.767069573340998E-002
  4.125124089405707E-002
  3.788852797226527E-002
  3.764292270580305E-002
  4.125547782897854E-002
  3.802331326561292E-002
  4.153825687760004E-002
  3.957580513209025E-002
  3.882406709570807E-002
  5.033896427821238E-002
  5.648826647281358E-002
  4.989975511675393E-002
