 -0.217330280371432     
  0.103137342796336     
  1.394805831467316E-002
 -2.080018451856525E-002
 -2.297731134927528E-002
 -5.477675148664929E-003
 -5.737971411194920E-003
 -2.006152638548730E-002
  1.339543754954464E-002
 -6.635136096694083E-003
 -2.008767679631340E-002
  1.399671870923935E-002
  0.103115035716717     
 -0.217545466474585     
 -2.083375873235660E-002
 -2.297094990843451E-002
 -5.762496932823602E-003
 -1.783409594208774E-002
 -4.312805610180970E-002
 -4.787781620318832E-002
 -3.415927812111530E-002
 -5.209442804896014E-002
  5.236922442130254E-002
 -0.121297989182529     
  5.831876098282018E-002
 -2.906699124011869E-002
 -2.887997417093935E-002
 -3.246260585057303E-002
 -2.868505633006180E-002
 -2.899975681937050E-002
  5.237149309329991E-002
 -5.210762353557108E-002
 -3.416517392560614E-002
 -4.788692293021590E-002
 -4.314153690942213E-002
 -1.783295233274984E-002
  5.123239704880378E-002
  4.552448489115790E-002
  5.050066007500875E-002
  5.049070895947361E-002
  5.115442126610437E-002
  4.536755858664210E-002
  4.082455645260474E-002
  4.096511440012662E-002
  4.404524597491366E-002
  4.129240878186280E-002
  3.950174648067850E-002
  4.344853945255178E-002
  4.066122224584534E-002
  4.355127685304638E-002
  3.949796977468423E-002
  4.129555132223495E-002
  4.404439034699847E-002
  4.096215324246044E-002
  4.082821403098325E-002
