 -9.975959183312977E-002
  2.751887110360807E-002
 -0.101767523604356     
 -0.101834963503681     
 -1.516520149499190E-002
 -4.352873363722143E-002
 -3.555547903425449E-002
  4.450438213764629E-002
 -1.534311896397789E-002
 -5.103672351249333E-002
  2.381049218634024E-002
 -9.756084854674452E-002
 -9.572851199020249E-002
 -1.534472106329421E-002
 -5.103375084220207E-002
 -1.516899182838927E-002
  2.751781732645808E-002
 -0.101838923442132     
 -0.101759732060451     
 -9.975859959087519E-002
 -4.353299232344821E-002
 -3.555734885028095E-002
  4.450378107582775E-002
 -0.117790498104740     
  6.417777926138246E-002
 -4.857439071143332E-002
 -2.447658459059099E-002
  4.857700715239055E-003
  0.281801774438482     
 -0.134864597132831     
 -0.134981137048807     
 -0.146373485700882     
 -2.447495166813063E-002
 -4.856784621673782E-002
  3.537299778503300E-002
  3.559139226899699E-002
  3.376949127871143E-002
  3.530048995542256E-002
  3.379669004293473E-002
  3.162377504693159E-002
  3.363247705841277E-002
  3.174217460355844E-002
  3.525839398187058E-002
  4.589477509526851E-002
  4.383861459293004E-002
  4.532103357160844E-002
  3.211599480000593E-002
  3.856961049166685E-002
  3.211624588765860E-002
  3.655831797586917E-002
  3.747061622961545E-002
  3.747080366076105E-002
  4.531903049976438E-002
  3.525982200883027E-002
  3.174135007778867E-002
  3.363052790451482E-002
  3.162567111775583E-002
  3.529613424111788E-002
  3.379780746021910E-002
  3.558885104376819E-002
  3.377018412044641E-002
  3.537680246161046E-002
  4.589572573086054E-002
  4.383213252149842E-002
  4.559624634682857E-002
  4.746028588419893E-002
  4.745581921662800E-002
  4.559636408822298E-002
