  7.350392076892920E-003
 -0.154283669596484     
  7.456145470772446E-002
 -5.662501820205179E-002
 -4.142350178027865E-002
 -1.592091869100987E-002
 -9.854228116017438E-003
 -4.140080423238768E-002
 -3.417968113652226E-002
  4.241895096413284E-002
 -2.320716252550437E-002
 -4.050329725335544E-002
 -2.098085780049352E-002
 -3.930388345329661E-002
 -9.376848284134098E-003
 -1.615184889296994E-002
 -4.116007198134231E-002
 -4.801871800737434E-002
  7.507397375810898E-002
 -0.153691630857865     
  7.414814241053946E-003
 -5.672744847877187E-002
 -4.207722174255935E-002
 -4.252429617178510E-002
 -4.064295136806972E-002
  3.680758987929522E-002
 -7.371032355639962E-002
  0.120902858712309     
 -2.713794282701620E-002
 -4.622658239089361E-003
 -1.967126743235514E-002
  0.144917414700551     
 -0.238805472778930     
 -1.918099311000443E-002
 -2.947644910358527E-002
 -2.647485831055540E-002
 -7.668587414464412E-003
  6.404789572084013E-002
 -1.043053668535077E-002
 -3.346602269012333E-002
 -3.524814069254667E-002
 -3.835635287108552E-002
 -3.408826395151543E-002
 -2.768411081079503E-002
 -2.230514344327972E-002
 -3.843131788376830E-002
  2.051160999268609E-002
 -0.194801736363660     
 -4.207251881240204E-002
 -4.858655450764005E-002
  4.125236673644339E-002
  4.373239946917995E-002
  4.115408807224286E-002
  3.801082582441684E-002
  4.144771799724101E-002
  4.507396195116908E-002
  4.737603794577860E-002
  4.300430401188415E-002
  4.423800531235222E-002
  4.062626470274566E-002
  3.736103087539100E-002
  4.113802318985116E-002
  4.388992040908268E-002
  4.116965074807399E-002
  3.805500188900557E-002
  4.083058748121304E-002
  4.522552677017178E-002
  4.542511130754401E-002
  4.702923157251826E-002
  5.158621247346229E-002
  5.082345067758298E-002
  4.576911611504386E-002
  4.247852838224497E-002
  4.296888993823134E-002
  4.209857660380623E-002
  4.161801661297770E-002
  4.727194617209940E-002
  5.842995604015022E-002
  4.008290677197601E-002
  3.709869924940767E-002
