           2           1   1.42237351258509     
           3           2   1.44722343074066     
           4           3   1.36023332347747     
           5           4   1.03279971161396     
           6           5   1.18429136019203     
           7           6   1.54064058714147     
           8           7   1.03573240704201     
           9           8   1.35431749699745     
          10           9   1.44909248670853     
          11          10   1.42026184552870     
          12          11   1.42379812391847     
          13           8   1.36055412592541     
          13          12   1.44519232285917     
          14           7   1.12907650554636     
          15          14  0.956956836214237     
          16          15   1.38157345636773     
          17          16   1.44326241957123     
          18          17   1.37668640653891     
          19          18  0.974427963315896     
          20          19   1.31030905835695     
          21          20   1.21626803498419     
          22          21   1.59622076311141     
          23          22   1.26574575463332     
          24          23   1.59596841647755     
          25          20   1.17527064895258     
          25          24   1.21669454968415     
          26          25   1.30923060024919     
          27          26  0.977098996136222     
          28          27   1.37102703699687     
          29          28   1.45166852060341     
          30          29   1.36022161875937     
          31          30   1.02225234706992     
          32          31   1.56037027280900     
          33          32   1.17102668456226     
          34          33   1.13290477457441     
          35          34   1.30885250090230     
          36          35   1.49956488348445     
          37          36   1.35783510396892     
          38          37   1.49606449086536     
          39          34   1.26564473692545     
          39          38   1.31893875327652     
          40          39   1.10857604268344     
          41          40   1.32541124694873     
          42          41   1.49088621761621     
          43          42   1.35994083665106     
          44          43   1.49785495761776     
          45          40   1.24903975688093     
          45          44   1.30448543523752     
          46          33   1.38595633806951     
          46          45   1.15346991401294     
          47          31   1.11642529998891     
          47          46   1.08323655167321     
          48          47  0.954001485854780     
          49          48   1.39052718620859     
          50          49   1.43347725324055     
          51          50   1.43050473322053     
          52          51   1.42745740572623     
          53          48   1.38215578282525     
          53          52   1.43551372447293     
          54          30   1.35666466272196     
          55          27   1.37047399414123     
          55          54   1.45282052733537     
          56          26   1.30722126294114     
          57          56   1.21709420843495     
          58          57   1.59553529014821     
          59          58   1.26621474371522     
          60          59   1.59586533807457     
          61          19   1.30831709098219     
          61          56   1.17635122596350     
          61          60   1.21652688442001     
          62          18   1.37753405380488     
          63          15   1.38276362733590     
          63          62   1.44177258634580     
          64           5   1.49572970407777     
          64          14   1.09177891959318     
          65          64   1.01431578415612     
          66          65   1.36691457094622     
          67          66   1.44071419870192     
          68          67   1.42643612054484     
          69          68   1.42214391412999     
          70          65   1.36298377574058     
          70          69   1.44483640768316     
          71           4   1.36262797197655     
          72           1   1.42271439396165     
          72          71   1.44651950122732     
          73           1  0.947472231732320     
          74           2  0.946345744757770     
          75           3  0.946856649856377     
          76           9  0.946420935868031     
          77          10  0.945674970206430     
          78          11  0.946987361659519     
          79          12  0.946056455291018     
          80          13  0.943859154813646     
          81          16  0.944528754087830     
          82          17  0.943547049122586     
          83          21  0.940795171546418     
          84          22  0.945479105109469     
          85          23  0.945403171798352     
          86          24  0.940522042292475     
          87          28  0.944571900605699     
          88          29  0.942278899612996     
          89          35  0.944896427344586     
          90          36  0.945384936119379     
          91          37  0.945712505753474     
          92          38  0.942151319901791     
          93          41  0.941113429244838     
          94          42  0.945427186445735     
          95          43  0.945144803394425     
          96          44  0.938335756655404     
          97          49  0.946698622743047     
          98          50  0.944898786890805     
          99          51  0.945974024659822     
         100          52  0.944776100463253     
         101          53  0.946871605008518     
         102          54  0.944345655200866     
         103          55  0.944164701537035     
         104          57  0.940189975229279     
         105          58  0.945520626373331     
         106          59  0.945437956071773     
         107          60  0.940019185859938     
         108          62  0.943587663506848     
         109          63  0.944072186882003     
         110          66  0.945556848236426     
         111          67  0.945729793116753     
         112          68  0.947169962832057     
         113          69  0.945661932209060     
         114          70  0.946421334027401     
         115          71  0.944862159439267     
         116          72  0.946502000320268     
