 -0.210930843920044     
  0.105159281599992     
  2.058916379584641E-002
 -1.310411202168993E-002
  3.859575384907865E-002
  0.115348900691249     
 -0.235531437889740     
  0.188289325854933     
 -5.524700228086932E-002
  4.788337096194928E-002
 -3.322939711654360E-002
 -3.564257996738807E-002
 -4.216154813436912E-002
 -3.434008659816445E-002
 -2.276904754798359E-002
 -2.286495404139011E-002
 -3.412740153919014E-002
 -4.134741981572354E-002
 -3.440882111396171E-002
 -3.301834516969748E-002
  4.806110474342473E-002
 -0.230318197990325     
  0.187968261061739     
 -5.647454194740220E-002
  4.773295896346808E-002
 -3.308866908503205E-002
 -3.546869465804292E-002
 -4.262171909263213E-002
 -3.474631475527001E-002
 -2.356635916583549E-002
 -2.349383624970347E-002
 -3.507766575495364E-002
 -4.342344591733038E-002
 -3.602680087779664E-002
 -3.234629058155569E-002
  4.791763609361910E-002
 -0.235446892211437     
 -2.071377516558393E-002
 -8.107850640179226E-002
  0.305043874372044     
 -9.537349309155996E-002
 -3.485987041652905E-002
 -3.344548870310682E-002
 -2.954761044650045E-002
 -3.076009291917892E-002
 -3.330982768734181E-002
 -9.559549423844782E-002
 -3.433903979749697E-002
 -3.278110159605241E-002
 -3.015195701884910E-002
 -3.209456575497160E-002
 -3.591021647777826E-002
 -9.664834136934974E-002
 -3.395200061992210E-002
 -3.214915511020955E-002
 -2.984395945285012E-002
 -3.254316773328014E-002
 -3.612755029606429E-002
 -2.222159406364899E-002
  5.761696994034748E-002
  4.904303712350822E-002
  4.475744849571617E-002
  4.123464757285411E-002
  4.295772543054177E-002
  4.292295012561598E-002
  4.163940643882680E-002
  4.525427756854250E-002
  4.654558453491942E-002
  4.889422211913619E-002
  4.483338361433087E-002
  4.118400175330594E-002
  4.269149827399610E-002
  4.259726129029162E-002
  4.067913218117325E-002
  4.617154929896850E-002
  4.751297862846460E-002
  5.576952265851554E-002
  3.858767284733267E-002
  3.866236543203661E-002
  3.970654769085902E-002
  4.036653369900234E-002
  3.939304725927262E-002
  3.866706877205750E-002
  3.912267027882677E-002
  3.944960802648467E-002
  3.960577682366195E-002
  3.755818074770345E-002
  3.924892046755601E-002
  3.952013518864728E-002
  3.964766985690460E-002
  3.952180619198975E-002
  3.744142278960005E-002
  5.287457869623202E-002
