 -0.102194977088668     
  2.747788928992678E-002
 -0.100151884526738     
 -0.102137675065348     
 -2.390564454361943E-002
 -4.792770183988182E-002
 -4.420171260001560E-002
  3.339792450827561E-002
 -2.696536952705841E-002
 -4.599860646886889E-002
 -2.705523686408728E-002
 -4.603864510330080E-002
 -2.385341552385878E-002
  2.748010824455083E-002
 -0.102192455048724     
 -0.102070152392975     
 -0.100194040157510     
 -4.771134850375258E-002
 -4.407138170435321E-002
  3.350294347214522E-002
 -9.361205005809925E-002
  6.066389058251387E-002
 -3.446276282637761E-002
 -3.454120516805492E-002
 -3.409134242846612E-003
 -5.770536910675972E-003
 -3.636884119839046E-002
 -3.972047043801208E-002
 -2.962330678073499E-003
 -3.795365802390993E-002
 -4.017745116928317E-002
 -4.293462282555005E-003
 -6.769673221148409E-003
  9.783084497834160E-004
 -2.813129247558699E-002
 -1.871118963940788E-002
  2.537465807697314E-002
  6.271055837430861E-002
 -0.184278997328805     
 -0.184586524865349     
  6.203623194643448E-002
  2.756267716179917E-002
 -4.168640748360186E-002
 -2.810448592699988E-002
 -3.379866709694390E-002
 -2.312318141281011E-002
 -1.972985250289661E-002
 -8.336802341078897E-002
  6.438262611274581E-002
 -3.132028815984533E-002
 -2.548230292208320E-002
 -3.259116345649371E-002
 -2.500398502735468E-002
 -3.072906741294545E-002
 -3.977979053097336E-002
 -3.180910219016386E-002
 -3.443922083583839E-002
 -3.732597715866959E-002
 -1.650981722909783E-003
 -3.650504137817734E-002
 -3.804765802030818E-002
 -2.755709771302683E-003
 -7.145436642093550E-003
 -6.882139162415868E-003
 -3.302010696552138E-002
 -3.460411532702690E-002
  3.494471461781612E-002
  3.375021296866165E-002
  3.138398911725160E-002
  3.309586077523474E-002
  3.543354053438064E-002
  3.555317559019200E-002
  3.369088877038995E-002
  3.149960716731648E-002
  3.493831029823180E-002
  4.439649047991878E-002
  4.191946268958735E-002
  4.399356561306123E-002
  4.399467486950759E-002
  3.146790406337274E-002
  3.495794268751151E-002
  3.362923859499167E-002
  3.146678645509382E-002
  3.373985462004059E-002
  3.504829312207103E-002
  3.541927839117964E-002
  3.549467731072642E-002
  3.312444771695533E-002
  4.452003999498366E-002
  4.179187031175657E-002
  4.241039785643586E-002
  4.309732894208163E-002
  4.191536984366584E-002
  4.082446948132945E-002
  4.044475402703462E-002
  4.403818184478958E-002
  4.348858088181717E-002
  5.035008619241532E-002
  4.126782073708346E-002
  4.097318400504635E-002
  4.145511721461603E-002
  4.321035071943291E-002
  4.812800503576653E-002
  4.270971576487892E-002
  4.538048448434784E-002
  4.227606796564276E-002
  4.575508730685396E-002
  4.281368283534925E-002
  4.386393827440338E-002
  4.296918297685726E-002
  4.330602545003648E-002
  4.189852674566519E-002
  4.148641307843992E-002
  4.526053748911596E-002
  4.477320950313357E-002
  4.240337036754283E-002
