           2           1   1.00646815902580     
           3           2  0.990583786592368     
           4           3  0.987125930991145     
           5           4  0.990128570005584     
           6           5  0.977421553127583     
           7           6  0.962386871222868     
           8           7   1.02335383090587     
           9           8   1.75569007191149     
          10           9  0.988966439478111     
          11          10  0.965516429510820     
          12          11   1.79834471815122     
          13          12  0.966540870962828     
          14          13  0.937678303341599     
          15          14   1.44599014157085     
          16          15   1.34740450578098     
          17          16   1.01454587220363     
          18          17   1.36696308624185     
          19          18   1.44148823968115     
          20          19   1.38880160785914     
          21          20  0.962119426181819     
          22          20   1.38811731356139     
          23          17   1.36359863004407     
          23          22   1.44586423984691     
          24          16   1.36440981136827     
          25          24   1.45062255202400     
          26          14   1.29734715541146     
          26          25   1.36575938907480     
          27          26   1.04781197568455     
          28          27   1.37015995127454     
          29          28   1.44666326629956     
          30          29   1.36993151671600     
          31          30   1.00514553892588     
          32          31   1.37037936995540     
          33          32   1.44276831149434     
          34          33   1.39025596625817     
          35          34  0.963274180630944     
          36          34   1.39031350954718     
          37          31   1.37056850285404     
          37          36   1.44254494136384     
          38          30   1.35180894204999     
          39          13  0.959922657749253     
          39          27   1.29508599656985     
          39          38   1.44452104451273     
          40          11   1.07527693586746     
          41           8   1.01962038687204     
          41          40   1.69722470227237     
          42          41   1.02985626349553     
          43          42   1.01005952941604     
          44          43   1.40053625285662     
          45          44   1.42492513122434     
          46          45   1.42330728521361     
          47          46   1.43480241799244     
          48           7   1.04146399515759     
          48          43   1.30109998867474     
          48          47   1.36880371242153     
          49           1  0.984781395667221     
          50           1  0.978854279285131     
          51           1  0.983671162360068     
          52           2  0.969100860330762     
          53           2  0.971326854479066     
          54           3  0.969526091254168     
          55           3  0.966907041235155     
          56           4  0.968450919895865     
          57           4  0.968041818594189     
          58           5  0.961471880183662     
          59           5  0.967434304824263     
          60           6  0.960140172675048     
          61           6  0.962972465619412     
          62           9  0.935488894604781     
          63          10  0.956125389347809     
          64          10  0.938211081642628     
          65          12  0.941545198977598     
          66          13  0.923903822263016     
          67          15  0.933921803132563     
          68          18  0.942645785880125     
          69          19  0.945994209774553     
          70          22  0.944075148862412     
          71          23  0.942341517716333     
          72          24  0.943962153543088     
          73          25  0.944058440356112     
          74          28  0.943927809490488     
          75          29  0.944168188762270     
          76          32  0.943919414030576     
          77          33  0.946048975208683     
          78          36  0.946024978030554     
          79          37  0.943930240526419     
          80          38  0.944638183021607     
          81          40  0.934634758966753     
          82          44  0.945688840591398     
          83          45  0.944708673281511     
          84          46  0.943847268686593     
          85          47  0.942081740368965     
