 -3.595080023554065E-002
 -3.399966539084964E-002
 -3.984108977805700E-002
 -1.933640693110306E-003
  6.482164163601922E-003
 -3.676530527593602E-002
 -2.400484807933445E-002
 -2.695176094153418E-002
  2.768593156170063E-002
  0.111730003272882     
 -0.215421421257030     
  0.111403796089896     
  2.778577355357070E-002
 -2.716432685334524E-002
 -2.384948140969101E-002
 -3.663491725281265E-002
  6.655086819122413E-003
 -1.981455833408141E-003
 -3.971277566434939E-002
 -3.387045148774437E-002
 -3.572622576685536E-002
 -3.327461569536005E-002
 -3.748200921492817E-002
 -3.113705907461561E-002
 -0.215981250997737     
  0.111661442118067     
  2.770473320103317E-002
 -2.710817806894195E-002
 -2.399125678407099E-002
 -3.660815211944524E-002
  6.508269224163143E-003
 -1.949017793979380E-003
 -3.967715544615746E-002
 -3.394883063457854E-002
 -3.594334814556444E-002
 -3.335617740146724E-002
 -3.736234141416173E-002
 -3.135156456924548E-002
 -0.215243638050022     
 -3.151770782492225E-002
 -3.745398347423112E-002
 -3.337954267880772E-002
  3.788414487407632E-002
  3.856263712064134E-002
  3.695721657627160E-002
  4.248937589995916E-002
  4.303166178274886E-002
  4.766135749798095E-002
  4.759663855545326E-002
  4.302847832080836E-002
  4.254164202988242E-002
  3.692246034345481E-002
  3.860211033858052E-002
  3.802036100711048E-002
  3.878084408286009E-002
  3.860144483316164E-002
  4.666242888052829E-002
  4.740207967283272E-002
  4.300043235655437E-002
  4.240845331716636E-002
  3.688724213257910E-002
  3.858745009316011E-002
  3.789219843831015E-002
  3.888250608509458E-002
  3.893193034256748E-002
  4.678843986571846E-002
  4.686712900685031E-002
  3.908429646758171E-002
  3.888183538178280E-002
