 -0.100033238720036     
  2.776367936534685E-002
 -0.101749617294749     
 -0.101898372879342     
 -2.166602154257635E-002
 -4.590183409718840E-002
 -4.344714333163679E-002
  3.313119062418846E-002
 -2.515421631241921E-002
 -4.490124302603338E-002
 -2.505815709339654E-002
 -4.484089359710808E-002
 -2.144496024456455E-002
  2.781992635966013E-002
 -0.100086143238709     
 -0.101738737102053     
 -0.101719927834833     
 -4.502614746978129E-002
 -4.509505677829662E-002
  3.214954659927649E-002
 -9.524004058096303E-002
  7.357364975772951E-002
 -4.753101685844108E-002
 -4.538302991889509E-003
  0.155147564119725     
 -0.215636003318598     
 -1.501732280557277E-003
  5.081817886002549E-002
 -0.168744238513884     
  8.713969103476282E-002
 -0.173771974588893     
  4.002259257754304E-002
 -3.454979827358962E-002
  7.538240257504869E-002
 -9.343580543461716E-002
  3.300569362830608E-002
 -4.416167083452560E-002
 -4.670454440170246E-002
 -2.218323487325158E-002
  2.769010644239733E-002
 -9.999790545201925E-002
 -0.101825984032557     
 -0.102002637358606     
 -4.509219077015203E-002
 -2.502263593829124E-002
 -2.564625756081451E-002
 -4.547477769731767E-002
 -2.193106440444659E-002
  2.772068553386609E-002
 -0.101917575525157     
 -0.101751873155428     
 -0.100248391033122     
 -4.532578938369625E-002
 -4.202758912074422E-002
  3.382533758970174E-002
 -3.664437314002544E-002
  3.329337828740186E-002
  3.538152927870097E-002
  3.549501782655440E-002
  3.515873911688783E-002
  3.369083589671851E-002
  3.163098336797088E-002
  3.520181000868305E-002
  3.165844234459891E-002
  3.355359165667926E-002
  4.544999274062156E-002
  4.347821003294694E-002
  4.453916875755271E-002
  4.457746530205253E-002
  3.543031913312056E-002
  3.330460661116175E-002
  3.533843825324579E-002
  3.555733792459248E-002
  3.156638628258612E-002
  3.359958757426940E-002
  3.343410102870237E-002
  3.162268467861706E-002
  3.532245888098307E-002
  4.630674945121649E-002
  4.238572982047417E-002
  4.933256663339336E-002
  5.953107413714109E-002
  6.804425169519179E-002
  5.693292808443484E-002
  5.199728762491473E-002
  4.268173775595940E-002
  4.512924078878378E-002
  3.322539346449582E-002
  3.544240250420405E-002
  3.555455711225197E-002
  3.510766080736449E-002
  3.377393068041323E-002
  3.162825346792930E-002
  3.156724551395151E-002
  3.503103187054979E-002
  3.360395299854213E-002
  4.454544709036501E-002
  4.423487604806542E-002
  3.342629777144879E-002
  3.150717623857024E-002
  3.533644698833771E-002
  3.141132146878001E-002
  3.548857070530298E-002
  3.373298368884725E-002
  3.547902495792776E-002
  3.527632934238922E-002
  3.320968066974450E-002
  4.554750650925721E-002
  4.394022559576816E-002
  4.878190654773995E-002
