           2           1   1.39439328786433     
           3           2   1.45168531678032     
           4           3   1.36988820182831     
           5           4   1.26532274488438     
           6           1   1.46052192549967     
           6           5   1.35333580762401     
           7           5   1.08753363252675     
           8           7   1.35345202773194     
           9           8   1.46034689679782     
          10           9   1.39433103787966     
          11          10   1.45167863655916     
          12           7   1.26509055015278     
          12          11   1.36950621008673     
          13           4   1.05400139594464     
          13          12   1.05534152959294     
          14          13  0.974743195409274     
          15          14   1.39330402793264     
          16          15   1.36490647783088     
          17          16   1.01251436226253     
          18          17   1.47845128912952     
          19          18   1.32073226825196     
          20          19   1.47844484440248     
          21          20   1.01252429206406     
          22          21   1.36882054675549     
          23          22   1.39167335630612     
          24          23  0.979914483944108     
          25          24   1.05166997983052     
          26          25   1.37003743528743     
          27          26   1.45154432237737     
          28          27   1.39431786264881     
          29          28   1.46073433162170     
          30          25   1.26683139078540     
          30          29   1.35293290180514     
          31          30   1.08706575849003     
          32          31   1.35399136535571     
          33          32   1.45980088537194     
          34          33   1.39494677768196     
          35          34   1.45108251222116     
          36          24   1.05429942684144     
          36          31   1.26535440489892     
          36          35   1.37015979161766     
          37          23   1.38000560380201     
          38          37   1.38322238799635     
          39          38  0.974656630393016     
          40          39   1.05402294926616     
          41          40   1.36988462357729     
          42          41   1.45169201020214     
          43          42   1.39438735344485     
          44          43   1.46052437593492     
          45          40   1.26530675677426     
          45          44   1.35333759192472     
          46          45   1.08753968335274     
          47          46   1.35345630618504     
          48          47   1.46034543107741     
          49          48   1.39432718042849     
          50          49   1.45168662816180     
          51          39   1.05537484694967     
          51          46   1.26507436758789     
          51          50   1.36949879571189     
          52          21   1.36491363967575     
          52          38   1.39330424856310     
          53          20   1.18973826870987     
          54          53   1.37795046757103     
          55          54   1.34337581029450     
          56          55   1.34339265609652     
          57          17   1.18974282988429     
          57          53   1.12068265030669     
          57          56   1.37794583467876     
          58          16   1.36884188546293     
          59          58   1.39165993261028     
          60          59  0.979841236999122     
          61          60   1.05431421797676     
          62          61   1.37016250891145     
          63          62   1.45108355380576     
          64          63   1.39494904485756     
          65          64   1.45979397181196     
          66          61   1.26533240799113     
          66          65   1.35400164098698     
          67          66   1.08706805479846     
          68          67   1.35292903330778     
          69          68   1.46074046477037     
          70          69   1.39430503150983     
          71          70   1.45156351932561     
          72          60   1.05171632930291     
          72          67   1.26682325545538     
          72          71   1.37001572761721     
          73          14   1.38313651846364     
          73          59   1.38009730221527     
          74           1  0.945020066098142     
          75           2  0.944645461945651     
          76           3  0.943595361688839     
          77           6  0.944707276156681     
          78           8  0.944677473172261     
          79           9  0.945034742206041     
          80          10  0.944803572968985     
          81          11  0.943709097428533     
          82          15  0.943439267233209     
          83          18  0.940703934780480     
          84          19  0.940705507605524     
          85          22  0.941036109975609     
          86          26  0.942011871734577     
          87          27  0.944705605333622     
          88          28  0.945060529814915     
          89          29  0.944738188247083     
          90          32  0.944712574331988     
          91          33  0.945052148478750     
          92          34  0.944707761381438     
          93          35  0.943477308429158     
          94          37  0.943298113246449     
          95          41  0.943598344918667     
          96          42  0.944646084060400     
          97          43  0.945020951084527     
          98          44  0.944706886093484     
          99          47  0.944677599082171     
         100          48  0.945035983119191     
         101          49  0.944804062107353     
         102          50  0.943720157326181     
         103          52  0.943438336977418     
         104          58  0.941037506647324     
         105          62  0.943476924316404     
         106          63  0.944707856781474     
         107          64  0.945052954113002     
         108          65  0.944712282760894     
         109          68  0.944738665021822     
         110          69  0.945061634835090     
         111          70  0.944705895697716     
         112          71  0.942040785819680     
         113          73  0.943299329879624     
