 -4.751901660689217E-002
 -3.467805370349808E-002
 -4.615183441488035E-002
  5.386451392988345E-002
 -0.126458128034633     
  5.379181616070250E-002
 -4.590241938160045E-002
 -3.443023144698998E-002
 -4.751260144127301E-002
 -3.461900222130065E-002
 -4.583982281850751E-002
  4.730377345551595E-002
 -4.352771404345557E-002
 -3.355009406045539E-002
  4.015641998350450E-002
 -1.195947639882355E-002
 -4.037939517982458E-002
 -1.415311409746334E-002
 -3.798061420920895E-002
  4.556958653858834E-002
 -0.127996918138667     
  5.400588292448250E-002
 -4.666419273840461E-002
 -3.519260022775228E-002
 -4.877171611279607E-002
 -3.502938531465460E-002
 -4.665783742392993E-002
  5.405992107801927E-002
 -4.621148332275737E-002
 -3.489243773402695E-002
 -4.868515936088080E-002
 -3.532016777692615E-002
 -4.668522656586216E-002
 -4.031269095936807E-002
 -1.624530485444442E-002
 -2.649122863617848E-002
  2.554550295901237E-003
 -3.859199516271783E-002
 -3.538209629465339E-002
 -3.801704909174486E-002
 -4.108097532962951E-002
 -7.625394543256725E-003
 -4.031432799517365E-002
 -2.790989833422941E-002
  4.528274013465605E-002
 -7.845700986804083E-002
 -5.996427974165996E-003
 -4.546588402326357E-002
 -3.453957555610287E-002
  3.828686924254521E-002
  4.146734641160565E-002
  3.776693590592639E-002
  3.776461850934343E-002
  4.145647858617552E-002
  3.817635900178340E-002
  4.137990328859220E-002
  3.784900962942428E-002
  4.759045386100580E-002
  4.775526088703508E-002
  4.549683628795853E-002
  4.842689549345258E-002
  3.785444551778472E-002
  4.125800256979317E-002
  3.798632009879643E-002
  4.126367022331956E-002
  3.783931459684131E-002
  3.797704664791002E-002
  4.150221707288115E-002
  3.804552214071188E-002
  4.123223076864901E-002
  3.782942525842892E-002
  4.939070943215496E-002
  4.089403185839513E-002
  4.087462345222692E-002
  3.944508841998662E-002
  3.761737837131163E-002
  4.652125678453445E-002
  4.615135224591971E-002
  3.800117810818282E-002
  4.150851622443863E-002
