 -0.214371025528916     
  9.787286680318541E-002
  8.568833337873727E-003
 -1.521110704184636E-002
 -1.857762637131710E-002
  6.911216827022271E-002
 -8.342982286107237E-002
  6.765033029767586E-002
  2.234568877387932E-002
 -2.128168875789882E-002
 -2.755534177640140E-002
  4.862797458514923E-003
 -1.374504404815990E-002
  2.379632337747850E-004
 -3.892633293056580E-002
 -3.257448823927156E-002
 -3.173637968507403E-002
 -3.588518363413229E-002
  2.710810462758673E-003
  4.673109576709100E-002
 -9.599383426160113E-002
  3.474478664281211E-002
 -4.400281079072421E-002
 -3.999333161237928E-002
 -4.991884104331312E-002
 -3.715745197176812E-002
 -3.007203080820187E-002
 -2.999003278799073E-002
 -3.714468122490810E-002
 -4.995372194465286E-002
 -4.012969686383716E-002
 -4.411689860434631E-002
  3.462281619871854E-002
  2.394246462545713E-003
 -3.500862309855002E-002
 -3.215247948854749E-002
 -3.345045898870058E-002
 -4.083027132956296E-002
 -8.828768201665227E-004
 -3.085749389447212E-002
 -4.075835483240198E-002
 -0.217139004655865     
 -8.747281412346375E-003
  1.337182810324533E-002
 -2.787359557117952E-002
 -3.436821341106899E-002
 -3.936093142371710E-002
 -4.331638168308594E-002
 -1.161229972757472E-002
 -2.333428878992905E-003
 -3.895358322281517E-002
 -3.906846753554571E-002
 -3.598078912242197E-002
 -5.031218830991602E-002
  3.420082283626336E-003
  9.386781448623260E-003
  5.456668534635778E-003
 -3.463272641963133E-002
 -2.180469952764064E-002
 -2.417955192823129E-002
 -2.808433759052686E-002
  6.242526502973078E-003
  5.899360053336278E-002
  5.007937334113843E-002
  4.816551293574356E-002
  4.374174070701886E-002
  4.374773875149218E-002
  4.186517836019332E-002
  4.163770557588364E-002
  4.437616694107649E-002
  4.013955490592391E-002
  4.313863704404886E-002
  3.991434017397277E-002
  4.183141836227688E-002
  4.185927126384748E-002
  3.988487873223245E-002
  4.305748453099367E-002
  4.007889405848186E-002
  4.461022513369906E-002
  4.182315129007264E-002
  4.124872512755684E-002
  4.243335621500810E-002
  4.267044905391126E-002
  4.297477008086126E-002
  4.395925449498506E-002
  4.088460380628101E-002
  3.953405406650934E-002
  4.192991997028650E-002
  4.499691004663742E-002
  4.086086007065692E-002
  4.113360252561049E-002
  3.982504627287653E-002
  4.631449091151341E-002
  4.410598165817092E-002
  4.471132730090210E-002
  4.721489683584079E-002
