           2           1   2.81345140698081     
           3           2   1.06370105877029     
           4           3   1.43671860364188     
           5           4   1.34300147654370     
           6           5   1.47818874272973     
           7           6  0.959104063843026     
           8           7   1.10696044717748     
           9           8   1.02861932380904     
          10           9   1.35020607988470     
          11          10   1.45684190394853     
          12          11   1.36651809866999     
          13          12  0.978938047649184     
          14          13   1.30774858949838     
          15          14   1.21686715610470     
          16          15   1.59520634318570     
          17          16   1.26623546408891     
          18          17   1.59542794747957     
          19          14   1.17311705124100     
          19          18   1.21660889753993     
          20          19   1.31457765857983     
          21          20  0.959975957757130     
          22          21   1.05965287949654     
          23          22   1.36580147055804     
          24          23   1.45428945321619     
          25          24   1.39221698653391     
          26          25   1.46152146674541     
          27          22   1.26173853329334     
          27          26   1.35260545011214     
          28          27   1.08931882974744     
          29          28   1.35253289979139     
          30          29   1.46153860565474     
          31          30   1.39222743108565     
          32          31   1.45431658914164     
          33          21   1.05945985048032     
          33          28   1.26190615770481     
          33          32   1.36585067767548     
          34          20   1.31447699182838     
          35          34   1.21657693343373     
          36          35   1.59550821077739     
          37          36   1.26618534415264     
          38          37   1.59519992317523     
          39          13   1.30767144974472     
          39          34   1.17332283126335     
          39          38   1.21697479502008     
          40          12   1.37178245024069     
          41           9   1.36011298180944     
          41          40   1.45068506647258     
          42           8   1.56051037833436     
          43          42   1.17029178958817     
          44          43   1.13178745880880     
          45          44   1.30915004502151     
          46          45   1.49923232345094     
          47          46   1.35808079019563     
          48          47   1.49601884329700     
          49          44   1.26595447042540     
          49          48   1.31885471299275     
          50          49   1.10836146037121     
          51          50   1.32526615698746     
          52          51   1.49095189829387     
          53          52   1.35989515550359     
          54          53   1.49781835318858     
          55          50   1.24886189726901     
          55          54   1.30442556714798     
          56           7   1.07711853201165     
          56          43   1.38850102278673     
          56          55   1.15369444858714     
          57           6   1.21494227192432     
          58          57   1.25948202168178     
          59          58   1.55266703843796     
          60          59   1.30956167933452     
          61          60   1.54944759752146     
          62           3   1.18242734484805     
          62          57   1.22869413721352     
          62          61   1.26619343150463     
          63           4  0.940817134864154     
          64           5  0.942678735537027     
          65          10  0.944234558553507     
          66          11  0.944027550654125     
          67          15  0.940195693089231     
          68          16  0.945229379810828     
          69          17  0.945347043543856     
          70          18  0.942437042228431     
          71          23  0.944898944706246     
          72          24  0.944813142317413     
          73          25  0.945185516997587     
          74          26  0.944683442081145     
          75          29  0.944687493381159     
          76          30  0.945184820299269     
          77          31  0.944819689481650     
          78          32  0.944892384130618     
          79          35  0.942492125151038     
          80          36  0.945331628824003     
          81          37  0.945320457012718     
          82          38  0.940176883851399     
          83          40  0.944471117479964     
          84          41  0.941515131819756     
          85          45  0.944930725965310     
          86          46  0.945327646072387     
          87          47  0.945644439559788     
          88          48  0.942166905046719     
          89          51  0.941081640624006     
          90          52  0.945348330830226     
          91          53  0.945070591716664     
          92          54  0.939130524148943     
          93          58  0.943116096835274     
          94          59  0.945527887702450     
          95          60  0.945354005633433     
          96          61  0.941139248780683     
