 -0.217383497106168     
  0.103107486695732     
  1.396937927630049E-002
 -2.081296389809761E-002
 -2.298002646992803E-002
 -5.579394284730199E-003
 -6.043977303058057E-003
 -2.006759852083118E-002
  1.338041228492637E-002
 -6.380815603356460E-003
 -2.007705608258892E-002
  1.398647710195577E-002
  0.103105443720420     
 -0.217468160928924     
 -2.082481039561124E-002
 -2.297820345694568E-002
 -5.686799808951370E-003
 -1.781551214045063E-002
 -4.311796539034773E-002
 -4.786269684929234E-002
 -3.416158084419152E-002
 -5.210145679713918E-002
  5.239402667316684E-002
 -0.121175599110600     
  5.832638930373513E-002
 -2.908843257978599E-002
 -2.883335826428013E-002
 -3.250618253116588E-002
 -2.876043215294999E-002
 -2.906006194808786E-002
  5.239883739363993E-002
 -5.211590123031318E-002
 -3.416601355912974E-002
 -4.786598629790539E-002
 -4.312711140695935E-002
 -1.782758059690348E-002
  5.120982097071669E-002
  4.547492262785169E-002
  5.049265882170373E-002
  5.049014016986686E-002
  5.117928399453031E-002
  4.541510601180310E-002
  4.081974246099673E-002
  4.096682232410187E-002
  4.404725960907863E-002
  4.131010572940075E-002
  3.949942399865214E-002
  4.347516655465122E-002
  4.065785234181785E-002
  4.351409396131922E-002
  3.949827037587650E-002
  4.131665918815552E-002
  4.404700686529495E-002
  4.096662590445588E-002
  4.081976119851460E-002
