           2           1   2.82682834613965     
           3           2   1.05440013260559     
           4           3   1.29634434131724     
           5           4   1.49643576713966     
           6           5   1.32145195537889     
           7           6   1.27788038797042     
           8           3   1.37967613288613     
           8           7   1.35872467666065     
           9           7   1.06857538644062     
          10           9   1.35859372174697     
          11          10   1.37977354320636     
          12          11   1.05439878533703     
          13          12   2.82682908078545     
          14          11   1.29638019274724     
          15          14   1.49629832654010     
          16           9   1.27811399730285     
          16          15   1.32168667649507     
          17          16   1.09296742810317     
          18          17   1.41784846066452     
          19          18   1.28721382987360     
          20          19   1.25868513901924     
          21          20   1.51351712170055     
          22          21  0.999527728162202     
          23          22   1.37072328954678     
          24          23   1.45119765708463     
          25          24   1.36697956332650     
          26          25   1.00527929305518     
          27          26   1.00084504501683     
          28          27   1.37045531351467     
          29          28   1.44382288555671     
          30          29   1.42418740283876     
          31          30   1.42389845841754     
          32          27   1.36995249928893     
          32          31   1.44420201907329     
          33          26  0.990383797253560     
          34          33   1.37146551715976     
          35          34   1.44400559407625     
          36          35   1.42294376737328     
          37          36   1.42624079098138     
          38          33   1.37555263202743     
          38          37   1.44069181552160     
          39          25   1.35470820149086     
          40          22   1.35600542318218     
          40          39   1.46623481524003     
          41          21   1.18536542661117     
          42          41  0.988371180454293     
          43          42   1.37178934419052     
          44          43   1.45051916790166     
          45          44   1.36971672207345     
          46          45  0.994673394013639     
          47          46  0.993801557480042     
          48          47   1.37325691785235     
          49          48   1.44203575413962     
          50          49   1.42505769438813     
          51          50   1.42391283718996     
          52          47   1.37128418567246     
          52          51   1.44387801957179     
          53          46   1.00455867034567     
          54          53   1.36843304465047     
          55          54   1.44381201947957     
          56          55   1.42420657597436     
          57          56   1.42309329310069     
          58          53   1.36815035975749     
          58          57   1.44533947847919     
          59          45   1.36345534220338     
          60          42   1.36589901467652     
          60          59   1.45737816917927     
          61          41   1.52248444106940     
          62          19   1.16229233496386     
          62          61   1.25448582035158     
          63          62   1.28993056013446     
          64           6   1.09349298352477     
          64          17   1.17369868027031     
          64          63   1.41635745626232     
          65           4  0.943716205206614     
          66           5  0.940948168793972     
          67           8  0.941021103545699     
          68          10  0.941027577523884     
          69          14  0.943718366689418     
          70          15  0.940940416483765     
          71          20  0.939990937295937     
          72          23  0.943913068067681     
          73          24  0.944134297216623     
          74          28  0.946053390736787     
          75          29  0.945326504565841     
          76          30  0.946623353803544     
          77          31  0.945333445381839     
          78          32  0.946205600743646     
          79          34  0.945074012412327     
          80          35  0.942177568095680     
          81          36  0.946541681096887     
          82          37  0.945355671436433     
          83          38  0.946536290062425     
          84          39  0.943567018274434     
          85          40  0.942084261035702     
          86          43  0.944149941128571     
          87          44  0.944601805865956     
          88          48  0.946316829066261     
          89          49  0.945291951567967     
          90          50  0.946597955097596     
          91          51  0.945222118057994     
          92          52  0.945058941273399     
          93          54  0.944318101513009     
          94          55  0.945282409010795     
          95          56  0.946582636668757     
          96          57  0.945318279699988     
          97          58  0.945991179481750     
          98          59  0.943800692788776     
          99          60  0.943221586115541     
         100          61  0.940128521745601     
