 -9.189943408323220E-002
 -4.912652958269081E-002
 -6.453763792738698E-002
 -5.503651399216025E-002
 -6.073509311200187E-002
 -6.262893794116309E-002
 -5.055048705739829E-002
  1.610741142894101E-002
 -9.052141359485599E-002
  2.949438738405918E-002
 -4.930237485859390E-002
 -4.491055358912899E-002
 -5.345177550509383E-002
 -3.502239914192984E-002
 -2.567508477762281E-002
 -2.397454590197512E-002
 -2.952059818101205E-002
  4.706720822294930E-002
 -0.101822534614307     
  0.170138467373414     
 -0.269497079175189     
  0.172298145878607     
 -8.650701122016891E-002
  4.941228922206120E-002
 -4.580006252872248E-002
 -4.662439392075690E-002
  1.859498828733175E-002
 -2.912308287696508E-002
 -5.933987598072044E-002
 -2.933358513156215E-002
 -3.936331331612131E-002
 -5.318451675357050E-002
 -4.330381353768065E-002
 -4.939590749781697E-002
  3.063676933019410E-002
 -9.267140589312906E-002
  2.203417363403970E-002
 -4.894403643924150E-002
 -5.805023560025102E-002
 -6.129605676012773E-002
 -5.139778265715211E-002
 -5.502333146755678E-002
 -5.319201004771301E-002
 -9.147843599763483E-002
 -0.305719868922622     
  0.200288889472935     
 -0.102508621947186     
  2.429299716327549E-002
 -0.296646183455345     
 -4.482538378573953E-002
 -4.192365425858657E-002
  2.883668878590084E-002
  3.430450581565581E-002
  2.479328842536321E-002
  3.454077936514166E-002
  2.701010067197673E-002
  2.178022417367709E-002
  2.204077539161298E-002
  3.155216534395966E-002
  3.403583228767526E-002
  2.180175378453908E-002
  3.340170585927849E-002
  3.249168862118601E-002
  2.875926279227137E-002
  2.950476588458184E-002
  3.138970305119526E-002
  4.125739115616522E-002
  5.047520414299889E-002
  4.742329685581637E-002
  3.875249113839141E-002
  4.178066241333311E-002
  3.959246875049560E-002
  4.401692857648964E-002
  4.754924582738240E-002
  0.153067278733023     
  0.157381922871664     
  5.646315390185397E-002
  5.031203095673820E-002
  3.714615598733861E-002
  4.096281358893206E-002
  3.924488802843007E-002
  4.211054377035994E-002
  3.906295360848711E-002
  4.681843721162826E-002
  5.382828394924744E-002
  3.512695300529467E-002
  3.343256396540795E-002
  2.966657749984525E-002
  2.297249690070335E-002
  2.200977434196405E-002
  3.028130313345934E-002
  3.063559483724732E-002
  2.703401734596156E-002
  3.128406938986994E-002
  2.427598207405313E-002
  2.629232928673164E-002
  2.869063589510645E-002
  2.811434996841966E-002
  3.574681935461266E-002
  2.736713147913616E-002
  4.705306777289697E-002
  4.663237540701970E-002
  4.598075062954243E-002
  4.207292915249428E-002
  4.534072247169085E-002
