           2           1   1.42600279066998     
           3           2   1.44189235588798     
           4           3   1.37433349550429     
           5           4   1.00002358484606     
           6           5   1.34361282757072     
           7           6   1.45761035321468     
           8           7   1.36819576154385     
           9           8   1.26634360866728     
          10           5   1.39614251642094     
          10           9   1.36793930049073     
          11           9   1.07589678225713     
          12          11   1.37252760548387     
          13          12   1.39196070857639     
          14          13   1.00477576310300     
          15          14   1.37197836978244     
          16          15   1.44313172092107     
          17          16   1.42532707687623     
          18          17   1.42543664760122     
          19          14   1.37213707891244     
          19          18   1.44299009276210     
          20          13   1.34280699932605     
          21          20   1.45700004229914     
          22          11   1.26111193154978     
          22          21   1.37055499079654     
          23           8   1.04302972840238     
          23          22   1.04099050180853     
          24          23  0.978860143050103     
          25          24   1.53276785655317     
          26          25   1.25254611507463     
          27          26   1.28497242464976     
          28          27   1.42038074296120     
          29          28   1.09206217961680     
          30          29   1.32347905225218     
          31          30   1.46826531663971     
          32          31   1.37592057967497     
          33          32   1.46652233408159     
          34          29   1.27659078123385     
          34          33   1.33347201814040     
          35          34   1.08824397457797     
          36          35   1.33346475105855     
          37          36   1.46653190866528     
          38          37   1.37590897331782     
          39          38   1.46827550445280     
          40          35   1.27659523573682     
          40          39   1.32347057108656     
          41          28   1.16722717398607     
          41          40   1.09206932779738     
          42          41   1.42037676010774     
          43          26   1.17041379934607     
          43          42   1.28497963637522     
          44          43   1.25253205676984     
          45          24   1.18163912113720     
          45          44   1.53279017916742     
          46          45  0.978841513573015     
          47          46   1.04302849976603     
          48          47   1.36818175496123     
          49          48   1.45762591252753     
          50          49   1.34359331752556     
          51          50   1.00007984249862     
          52          51   1.37400124323540     
          53          52   1.44208311909633     
          54          53   1.42589704891950     
          55          54   1.42598842177537     
          56          51   1.37430347140011     
          56          55   1.44191242021753     
          57          50   1.39611530427373     
          58          47   1.26634611533232     
          58          57   1.36794611949301     
          59          58   1.07590142475131     
          60          59   1.37254339272179     
          61          60   1.39194069083297     
          62          61   1.00480541393839     
          63          62   1.37195720551859     
          64          63   1.44314639292555     
          65          64   1.42531549901031     
          66          65   1.42544254889951     
          67          62   1.37213221986387     
          67          66   1.44298623138682     
          68          61   1.34280176316287     
          69          68   1.45699859708513     
          70          46   1.04100119633100     
          70          59   1.26109626460965     
          70          69   1.37055487625164     
          71           4   1.37401923552186     
          72           1   1.42589617963094     
          72          71   1.44207711493157     
          73           1  0.947567422614785     
          74           2  0.946660175821741     
          75           3  0.947076808688795     
          76           6  0.942623298532877     
          77           7  0.941934286807037     
          78          10  0.943883989554431     
          79          12  0.942648882941173     
          80          15  0.946868109311811     
          81          16  0.946669785089016     
          82          17  0.947574903911462     
          83          18  0.946624805555233     
          84          19  0.946809971947873     
          85          20  0.943216812269409     
          86          21  0.942853579981898     
          87          25  0.938168392993194     
          88          30  0.942601705176740     
          89          31  0.945049538274690     
          90          32  0.947480560435926     
          91          37  0.947480950916796     
          92          38  0.945049428619403     
          93          39  0.942599952037207     
          94          44  0.938170705500035     
          95          48  0.941933704533498     
          96          49  0.942622448911428     
          97          52  0.946898864664314     
          98          53  0.946638969647652     
          99          54  0.947567686042891     
         100          55  0.946660173702808     
         101          56  0.947074004818996     
         102          57  0.943880399900033     
         103          60  0.942644380247043     
         104          63  0.946867241103229     
         105          64  0.946669917004570     
         106          65  0.947575074253805     
         107          66  0.946624903807876     
         108          67  0.946808323375306     
         109          68  0.943215298586962     
         110          69  0.942859567762820     
         111          71  0.946898519634158     
         112          72  0.946638787283432     
