 -9.730409439611698E-002
 -7.016437978731638E-003
 -0.101121554557507     
 -6.304056897547383E-002
 -5.756054203795991E-002
 -6.401935706731887E-002
 -1.602735260413812E-002
 -0.102056368089418     
 -3.994326493214562E-002
 -6.176991683649113E-002
 -6.041984578936965E-002
 -4.627375035011649E-002
 -2.344375056485681E-002
 -4.720056190162847E-002
 -6.240682579030565E-002
 -3.715623392452816E-002
 -6.105425785836704E-002
  4.222341852656397E-002
 -0.222662847806611     
 -5.790138412570123E-002
 -6.134142277874410E-002
  1.030214646586591E-002
 -0.107653911002472     
 -3.339324983214720E-002
 -6.082473678467881E-002
 -5.800245253540126E-002
 -9.444475923547913E-005
 -0.108974040623693     
  2.688392575997456E-002
  3.359315862976842E-002
  3.534017008898449E-002
  2.702149822524913E-002
  2.645892726076038E-002
  3.294408508750302E-002
  3.544050306001389E-002
  2.390961827797611E-002
  2.856044387229861E-002
  2.429825543787523E-002
  3.014051598562462E-002
  3.274870867424662E-002
  2.484324947177696E-002
  2.897802808643801E-002
  2.735655725764452E-002
  3.767102494833718E-002
  3.787434247049426E-002
  2.710883138468079E-002
  3.216948086288751E-002
  3.463949077520390E-002
  3.445805554379400E-002
  2.766323504296042E-002
  2.584022645229511E-002
  3.138492566627415E-002
  3.784001952995542E-002
  4.127532960104563E-002
  3.896237401881630E-002
  3.394267590011202E-002
  3.669691423721710E-002
  3.355931325725858E-002
  0.144910869292546     
  2.476908166513969E-002
  3.641375933886970E-002
  3.795347595388554E-002
  3.212009212489941E-002
  3.290948942885685E-002
  3.589733509845239E-002
  3.679672569281378E-002
  2.676542211950694E-002
  3.187579002855834E-002
  3.837432904341220E-002
  2.965880791375020E-002
  3.982297060142825E-002
  3.385730066468373E-002
  3.665418532276188E-002
  3.775408975367145E-002
