 -0.195735194583628     
  0.106165099199357     
  2.082672145635245E-002
 -1.429242618481563E-002
  7.462060753024424E-002
 -9.759615075743344E-002
  3.624333010512526E-002
 -4.288729496864185E-002
 -3.495025919531258E-002
 -4.363868263618897E-002
 -3.299460805602195E-002
 -2.329646298551769E-002
 -2.308368586017640E-002
 -3.314489123489928E-002
 -4.425503568321698E-002
 -3.671463273520104E-002
 -4.556126223925538E-002
  3.432355453083069E-002
  7.462227753357542E-002
 -9.759935188535884E-002
  3.624053789361037E-002
 -4.288852383520059E-002
 -3.495043344597804E-002
 -4.363949610078599E-002
 -3.299446640853354E-002
 -2.329373694316761E-002
 -2.308231400291927E-002
 -3.314453679930107E-002
 -4.425664014520692E-002
 -3.671496884311853E-002
 -4.555966312855553E-002
  3.432511690644402E-002
 -1.428915868305936E-002
  2.083200818797071E-002
  0.106148956694808     
 -0.195728697791362     
  5.972331117025942E-002
  4.002931945407506E-002
  4.435129909046209E-002
  4.065324338364429E-002
  4.271040138366777E-002
  4.345402013670785E-002
  4.135470119746931E-002
  4.454714387430248E-002
  3.915042835737359E-002
  4.002887874201511E-002
  4.435096695468910E-002
  4.065293871572140E-002
  4.270998458501674E-002
  4.345438721165229E-002
  4.135415137891252E-002
  4.454642025837507E-002
  3.914992562112796E-002
  5.972284357905433E-002
