           2           1   1.42430094244051     
           3           2   1.44347044968222     
           4           3   1.37164383507252     
           5           4  0.997044899350923     
           6           5  0.996326682315337     
           7           6   1.37206015787985     
           8           7   1.44316980153037     
           9           8   1.42453580528157     
          10           9   1.42406683125879     
          11           6   1.37156413230656     
          11          10   1.44374450355385     
          12           5  0.996325833499421     
          13          12   1.36832157021497     
          14          13   1.44019423307986     
          15          14   1.42893369077244     
          16          15   1.37610480196429     
          17          16  0.965701746092035     
          18          17   1.31236566000266     
          19          18   1.21590186425686     
          20          19   1.59717653456974     
          21          20   1.26449433057621     
          22          21   1.59773089877213     
          23          18   1.17349029876248     
          23          22   1.21500301765004     
          24          23   1.31318171066898     
          25          24  0.960561791594733     
          26          25   1.38694039622518     
          27          26   1.44353644826895     
          28          27   1.33524934574745     
          29          28   1.17375179875600     
          30          29   1.65797869171555     
          31          30   1.17608066795863     
          32          31   1.29319272201545     
          33          32  0.986122297202821     
          34          33   1.37124365323827     
          35          34   1.43153680650409     
          36          35   1.43908394907306     
          37          36   1.36633943957953     
          38          37  0.995506059422119     
          39          38  0.997735365537810     
          40          39   1.37105553065105     
          41          40   1.44381143915976     
          42          41   1.42408983486463     
          43          42   1.42417018723375     
          44          39   1.37111429168800     
          44          43   1.44375026074345     
          45          38  0.995652222438018     
          46          45   1.37264117490134     
          47          46   1.44288343021410     
          48          47   1.42479595177313     
          49          48   1.42406526711637     
          50          45   1.37171155289510     
          50          49   1.44365258136516     
          51          33   1.38798582152045     
          51          37   1.37908810702184     
          52          32   1.37676848203154     
          53          52   1.45092329593431     
          54          53   1.33197057953172     
          55          54   1.17431795615407     
          56          55   1.65886075943468     
          57          25   1.29680310445463     
          57          56   1.17430246176261     
          58          28   1.22339346440548     
          58          57   1.22542916013571     
          59          31   1.22594295942608     
          59          54   1.22344047830889     
          59          58   1.21562132077156     
          60          24   1.31345408251471     
          61          60   1.21497980798045     
          62          61   1.59774009341119     
          63          62   1.26453354660203     
          64          63   1.59715900213168     
          65          17   1.31240233012462     
          65          60   1.17347276124659     
          65          64   1.21577660700789     
          66          12   1.37455673881652     
          66          16   1.39649073436561     
          67           4   1.37133197812096     
          68           1   1.42418850015863     
          68          67   1.44366055211307     
          69           1  0.946608230152425     
          70           2  0.945306400165682     
          71           3  0.946345607564101     
          72           7  0.946358040120066     
          73           8  0.945328611323309     
          74           9  0.946606597665965     
          75          10  0.945316553962415     
          76          11  0.945876338451336     
          77          13  0.945378707861472     
          78          14  0.942878916435991     
          79          15  0.945750349546675     
          80          19  0.940584017780497     
          81          20  0.945607337402423     
          82          21  0.945526391118815     
          83          22  0.941513789972264     
          84          26  0.943553825009860     
          85          27  0.942785985501427     
          86          29  0.942141383317766     
          87          30  0.938281185894089     
          88          34  0.945666429481610     
          89          35  0.942987947297942     
          90          36  0.945436133468451     
          91          40  0.946284145309506     
          92          41  0.945312158051909     
          93          42  0.946615101821557     
          94          43  0.945295803786380     
          95          44  0.946278292264120     
          96          46  0.945936378720924     
          97          47  0.945358334361904     
          98          48  0.946591966496303     
          99          49  0.945305555593975     
         100          50  0.946417272930039     
         101          51  0.944672812352774     
         102          52  0.943259627500344     
         103          53  0.942888261192732     
         104          55  0.942053831221595     
         105          56  0.940056436719821     
         106          61  0.941377152072764     
         107          62  0.945521141229506     
         108          63  0.945585081378901     
         109          64  0.941073140744414     
         110          66  0.944912659442750     
         111          67  0.946309735555556     
         112          68  0.945315458967809     
