 -0.102020424865946     
  2.586737048468057E-002
 -0.102133428100541     
 -0.100515727105821     
 -1.413453608607718E-002
 -4.373081862309736E-002
 -4.170053098616577E-002
 -3.149910598973626E-003
 -1.564543387741679E-002
 -4.340939844296887E-002
 -4.620898210129454E-002
  3.170258283384930E-002
 -9.987685325430995E-002
  3.170738129674300E-002
 -4.620911395690275E-002
 -4.345276344401494E-002
 -1.563967478332717E-002
 -3.145026629296055E-003
 -4.168561106466040E-002
 -4.478656271563075E-002
 -1.414414939414854E-002
  2.586302728571788E-002
 -0.102015314083629     
 -0.102008350470106     
 -0.100637765782835     
 -4.338535135637933E-002
 -4.076814771580572E-002
 -4.051633720240400E-002
 -2.899094917861067E-002
 -2.899230655313723E-002
 -4.053661782517093E-002
 -4.069330835796148E-002
 -4.441261921972561E-002
  3.139012389330731E-002
  3.528228106386533E-002
  3.368360645086366E-002
  3.521669351347723E-002
  3.358298828134854E-002
  3.142304712274446E-002
  3.536223882018741E-002
  3.541266340104565E-002
  3.323496047014129E-002
  3.925867144893302E-002
  3.777470070953726E-002
  4.440527361869262E-002
  3.944334051561338E-002
  0.145186088737600     
  3.943832319726681E-002
  4.442124338893305E-002
  3.790277841685075E-002
  4.035618967460963E-002
  3.352528491264251E-002
  3.141517155724771E-002
  3.545855578003243E-002
  3.537579497471932E-002
  3.361567135290333E-002
  3.136766693002835E-002
  3.521697571241444E-002
  3.327745737204901E-002
  3.535715232024605E-002
  3.936281775239170E-002
  3.841266948025979E-002
  4.264260551754184E-002
  4.262103312267485E-002
  3.851322396742130E-002
  4.046835839772300E-002
