           2           1  0.990483048159783     
           3           2   1.38399712614383     
           4           3   1.43320002394236     
           5           4   1.43622945188301     
           6           5   1.37471523253361     
           7           6  0.992810075380264     
           8           7  0.998855786167301     
           9           8   1.37059613610656     
          10           9   1.44393623426118     
          11          10   1.42408522168457     
          12          11   1.42385740469451     
          13           8   1.37030197428605     
          13          12   1.44416069747616     
          14           7   1.00216812136298     
          15          14   1.36941605543797     
          16          15   1.44573341005417     
          17          16   1.37120798473043     
          18          17   1.29488183988803     
          19          14   1.34603165974318     
          19          18   1.45042124682811     
          20          18  0.940881550590270     
          21          20  0.958343863400606     
          22          20  0.958496143299968     
          23          20  0.940713633314610     
          24          23   1.45024496813465     
          25          24   1.34503953601619     
          26          25   1.00851716989588     
          27          26   1.37033989880832     
          28          27   1.44442677564129     
          29          28   1.37252049151224     
          30          29   1.29700119394962     
          31          26   1.34628854153754     
          31          30   1.44864821281150     
          32          30  0.941101447903954     
          33          32  0.958505470522520     
          34          32  0.958300458795361     
          35          32  0.941097740725194     
          36          35   1.44862783582527     
          37          36   1.34628498467009     
          38          37   1.00859995753472     
          39          38   1.37102329174902     
          40          39   1.44388773684271     
          41          40   1.37212926922677     
          42          41   1.29558787829406     
          43          38   1.34495420172356     
          43          42   1.45029628931196     
          44          42  0.940721525881700     
          45          44  0.958714981401291     
          46          44  0.958133621296643     
          47          44  0.940838873870816     
          48          47   1.45028978534885     
          49          48   1.34583900193018     
          50          49   1.00302394242154     
          51          50  0.998260242841091     
          52          51   1.37111139436116     
          53          52   1.44365633391380     
          54          53   1.42429151588999     
          55          54   1.42368423708920     
          56          51   1.37015419091752     
          56          55   1.44427490451343     
          57          50  0.992722548981224     
          58          57   1.37474988728097     
          59          58   1.43608973538468     
          60          59   1.43349513117400     
          61          60   1.38380959852207     
          62          61  0.990501571045570     
          63          57   1.37034084224665     
          63          61   1.41384115039100     
          64          49   1.36897593455284     
          65          64   1.44610033674046     
          66          41   1.04419957331917     
          66          47   1.29499720687485     
          66          65   1.37096555218761     
          67          37   1.37028433252131     
          68          67   1.44446847258069     
          69          29   1.04277958070671     
          69          35   1.29701731780646     
          69          68   1.37248878229118     
          70          25   1.37103316985777     
          71          70   1.44388610541407     
          72          17   1.04415789945271     
          72          23   1.29562074039424     
          72          71   1.37216098343020     
          73           2   1.41369208306919     
          73           6   1.37038955406403     
          74           1  0.969863558258965     
          75           1  0.978452644961231     
          76           1  0.974428811906977     
          77           3  0.946412673285713     
          78           4  0.943333944574402     
          79           5  0.945119946367482     
          80           9  0.946193204675412     
          81          10  0.945278596821793     
          82          11  0.946611160511782     
          83          12  0.945269567967137     
          84          13  0.946208379036556     
          85          15  0.943446904598982     
          86          16  0.942564510532617     
          87          19  0.943472571482567     
          88          21  0.978576075260326     
          89          21  0.978554534322155     
          90          21  0.978612420798368     
          91          22  0.978556153723243     
          92          22  0.978498980890195     
          93          22  0.978565836606749     
          94          24  0.944289130778542     
          95          27  0.944074750942886     
          96          28  0.943894469509725     
          97          31  0.944273885737274     
          98          33  0.978597077260485     
          99          33  0.978641650300799     
         100          33  0.978639710600046     
         101          34  0.978576038238248     
         102          34  0.978595772366763     
         103          34  0.978601727375324     
         104          36  0.944277767966275     
         105          39  0.944087939943930     
         106          40  0.943966219548232     
         107          43  0.944279348737772     
         108          45  0.978552593352351     
         109          45  0.978601772990982     
         110          45  0.978590843683924     
         111          46  0.978523931090294     
         112          46  0.978577554295227     
         113          46  0.978502428340904     
         114          48  0.943482196553153     
         115          52  0.946241288935949     
         116          53  0.945300435841596     
         117          54  0.946604694406231     
         118          55  0.945265964710476     
         119          56  0.946075189151904     
         120          58  0.945079354144121     
         121          59  0.943309929474632     
         122          60  0.946449475135952     
         123          62  0.973912401272760     
         124          62  0.978613771942036     
         125          62  0.970214407366883     
         126          63  0.944529144766808     
         127          64  0.943344673063284     
         128          65  0.942573278316463     
         129          67  0.944050385598233     
         130          68  0.943893044501244     
         131          70  0.944085404092932     
         132          71  0.943959035943886     
         133          73  0.944429897171030     
