 -9.480576553302544E-002
  2.193311774479101E-002
 -9.720400711419241E-002
 -1.441779120356479E-002
 -4.021249313616249E-002
 -3.724039453521488E-002
 -3.283299556426478E-002
 -3.539864187818154E-002
  4.721942315560845E-002
 -0.118007867301057     
  6.666847906027584E-002
 -3.610889938082718E-002
 -2.138329412474249E-002
  3.944347572333617E-002
 -0.192664128271292     
  4.378681110129001E-002
  1.644891595537423E-002
 -1.358432613127025E-002
  1.858325372523417E-002
  0.103613400395604     
 -0.212517655221282     
 -2.132430192324808E-002
 -2.679147505446267E-002
  3.285917870885058E-003
  2.974739309073549E-003
 -2.649501729651771E-002
 -2.120238879138014E-002
  1.902531028061905E-002
  0.103692409327691     
 -0.212541752812118     
 -1.238983680591144E-002
  1.818472977310881E-002
  4.546762644531288E-002
 -0.188674146362822     
  4.582040069968940E-002
 -5.789874517905691E-002
  4.839419467157313E-002
 -3.213727275812062E-002
 -3.134788766659202E-002
 -3.675656242238290E-002
 -4.080618820734916E-002
 -1.540347125327113E-002
  3.660749423844356E-002
  3.824561720937936E-002
  3.759604948451423E-002
  3.818099237034656E-002
  3.317654228960354E-002
  3.204850513895519E-002
  4.478511895417159E-002
  4.171012976010047E-002
  4.466973838735366E-002
  4.235253005130990E-002
  5.051723638590344E-002
  5.029819467461327E-002
  5.713958589521517E-002
  5.242068019775903E-002
  4.915022201459118E-002
  4.906233411798078E-002
  5.254504688006123E-002
  5.827758391083848E-002
  4.277064381717799E-002
  4.334349093742029E-002
  4.502317592361649E-002
  4.154859885562312E-002
  4.413558919386673E-002
