           2           1  0.950304372176004     
           3           2  0.950084441610354     
           4           2  0.946660971023391     
           5           4   1.39811008298204     
           6           5   1.43252781131111     
           7           6   1.41436653305109     
           8           7   1.45253709522625     
           9           4   1.33351195361529     
           9           8   1.35215251120430     
          10           9   1.03403752380942     
          11          10  0.940502750202079     
          12          11   1.39500934317820     
          13          12   1.43210305857719     
          14          13   1.43105865569981     
          15          14   1.42958407450462     
          16          11   1.39197550123621     
          16          15   1.43356739046504     
          17          10   1.03784202482088     
          18          17   1.24138367674231     
          19          18   1.58018455675270     
          20          19   1.24345285684921     
          21          20   1.26117113890938     
          22          21   1.54971403733590     
          23          22   1.30857468700022     
          24          23   1.55304961628098     
          25          20   1.22130504383944     
          25          24   1.25319812137432     
          26           2  0.945885217563548     
          26          17   1.43787244032186     
          26          25   1.22494772748021     
          27           1  0.974189541228890     
          28           1  0.974236718922680     
          29           1  0.976229132613467     
          30           3  0.971412092730311     
          31           3  0.976437976925621     
          32           3  0.974867978618012     
          33           5  0.944062104803794     
          34           6  0.944901690729578     
          35           7  0.944010741017378     
          36           8  0.942000469286601     
          37          12  0.947437947195741     
          38          13  0.945139223476251     
          39          14  0.946110348614205     
          40          15  0.945106930173743     
          41          16  0.947393992518621     
          42          18  0.937586691915608     
          43          19  0.939761761639332     
          44          21  0.943945253056969     
          45          22  0.945688565097276     
          46          23  0.945441368227131     
          47          24  0.938158955084517     
