 -0.192126642364528     
  0.107065032938721     
  1.991222706914408E-002
  7.257385936729177E-002
 -9.737722836190521E-002
  3.701006581527411E-002
 -4.432198099632956E-002
 -3.507079785865219E-002
 -4.313398716896888E-002
 -3.208442800774858E-002
 -2.086202230959788E-002
 -2.103900391982538E-002
 -3.220995908121171E-002
 -4.310674477947085E-002
 -3.476323877047616E-002
 -4.361943048824202E-002
  3.701924118544575E-002
  7.256457778325842E-002
 -9.739358357999262E-002
  3.701053664721732E-002
 -4.361976544258717E-002
 -3.476073832684001E-002
 -4.311011251653696E-002
 -3.220588823170889E-002
 -2.103670027930793E-002
 -2.085805175663591E-002
 -3.208245957447797E-002
 -4.313864863347483E-002
 -3.507571288481692E-002
 -4.431642089371657E-002
  3.702091124091256E-002
  1.992049862681888E-002
  0.107045652909214     
 -0.192117399732027     
  7.257562181515986E-002
 -9.735347438090436E-002
  3.699119195363298E-002
 -4.432501346003903E-002
 -3.506059301886566E-002
 -4.312034204347892E-002
 -3.208658209538484E-002
 -2.086022840932422E-002
 -2.103975183428375E-002
 -3.220741442930386E-002
 -4.309993712435300E-002
 -3.475499074396815E-002
 -4.360070004440342E-002
  3.703375608492454E-002
  7.257681106823499E-002
 -9.736716766374442E-002
  3.700125178923308E-002
 -4.431683799282826E-002
 -3.506383583505812E-002
 -4.312441930642041E-002
 -3.208579634631370E-002
 -2.085827538303775E-002
 -2.103768423144992E-002
 -3.220492024845711E-002
 -4.310171645511485E-002
 -3.475319826246093E-002
 -4.360505193804620E-002
  3.702211580833881E-002
  3.845562110775569E-002
  4.411773321043733E-002
  4.097389025885168E-002
  4.329162233730943E-002
  4.300775747970587E-002
  4.065833797486240E-002
  4.423033942583454E-002
  3.877686308665484E-002
  3.876524942866466E-002
  4.423003220512023E-002
  4.065740684004115E-002
  4.300798213926749E-002
  4.329200389875809E-002
  4.097429815323517E-002
  4.411650772445819E-002
  3.845310179706052E-002
  3.847141197304527E-002
  4.412504799089478E-002
  4.097829792645657E-002
  4.329307835167162E-002
  4.300916206510785E-002
  4.066014858035671E-002
  4.423565197025359E-002
  3.878677159628185E-002
  3.846729180744068E-002
  4.412431383167725E-002
  4.097887513163168E-002
  4.329337977227066E-002
  4.300912727163075E-002
  4.065912455564902E-002
  4.423545867814049E-002
  3.877963653308170E-002
