 -8.904689473288752E-002
  1.903679116603030E-002
 -8.928418890475687E-002
 -2.254530261460364E-002
 -3.742943774102958E-002
 -3.604194821935547E-002
 -3.519588768152193E-002
 -3.579005375551514E-002
 -1.315631768540548E-002
 -1.458488577404804E-002
 -3.472097659441253E-002
 -3.786655384547544E-002
  1.148142998215196E-003
 -8.193603100217217E-003
 -2.401690485037911E-003
 -3.794332200304140E-002
 -3.453311034078954E-002
 -3.284843349698718E-002
 -4.248923522042247E-002
 -2.582242558589520E-003
 -1.640090690260987E-002
  1.215412977297214E-002
 -2.618105993239883E-002
 -2.166750808938378E-002
  9.897251692805753E-003
  0.100100182722521     
 -0.218796116767795     
 -2.158410637946773E-002
 -2.611672138574583E-002
 -2.689095208401326E-003
 -4.249608767935964E-002
 -3.292457380544445E-002
 -3.471407558488604E-002
 -3.803824252041021E-002
 -2.499193773775943E-003
 -4.035746045676536E-002
 -2.247181623153782E-002
  3.696641442731785E-002
  3.501919693848421E-002
  3.492642322544437E-002
  3.674433807547617E-002
  3.494491324026117E-002
  3.495662465376170E-002
  3.830888989801218E-002
  4.012706903411123E-002
  4.054059642342034E-002
  3.916906593422942E-002
  4.222239404496830E-002
  4.136251735123975E-002
  4.312812193519167E-002
  4.142308853422560E-002
  4.127137707510364E-002
  4.093591531291885E-002
  4.287676078438574E-002
  4.871466375651246E-002
  4.874976031003098E-002
  4.290482506266602E-002
  4.086792565804365E-002
  4.125140429612995E-002
  4.135892880017511E-002
  4.339154689427194E-002
  3.909178945309488E-002
