 -4.727020766879164E-002
 -3.456202060439040E-002
 -4.510553720252464E-002
  5.384232178349047E-002
 -0.128430880992455     
  5.397499970944653E-002
 -4.485672334096513E-002
 -3.446949580230640E-002
 -4.688580299611278E-002
 -3.434798716337895E-002
 -4.525598638776440E-002
  5.403559475974040E-002
 -4.663225473233634E-002
 -3.384106262964170E-002
 -4.971475162913741E-002
  3.046407248036509E-003
 -1.115743165549876E-002
 -2.825987775970873E-003
 -3.955525117226966E-002
 -3.540788959113517E-002
 -3.479953461588181E-002
 -3.872083435067353E-002
 -3.078779053677927E-003
 -1.095073948703718E-002
 -2.721488835341290E-003
 -3.573869814987152E-002
 -4.069122914940415E-002
 -3.629311079209607E-003
 -3.801038927620581E-002
 -3.814381859465144E-002
 -3.015286878892631E-003
 -4.649564694518382E-003
  1.196201264393792E-003
 -5.071371219320664E-002
 -3.308704843754828E-002
 -4.568011204067712E-002
  5.449890861206308E-002
 -0.129100247473922     
  5.374048575735069E-002
 -4.549579015439775E-002
 -3.470132377965029E-002
 -4.748000485964354E-002
 -3.465284549579106E-002
 -4.554927266482345E-002
  5.393400341841437E-002
 -4.523691783591755E-002
 -3.451718531098091E-002
 -4.660526401378107E-002
 -3.418182751066645E-002
 -4.431778495157968E-002
 -4.791744368040085E-002
 -3.637790855777645E-002
 -3.945404308145228E-002
 -2.469472989954369E-003
 -3.682796041272773E-002
 -3.591164899414778E-002
 -4.238577707317503E-003
 -8.335293893384943E-003
 -7.433802936216871E-003
 -3.137051888253417E-003
 -3.890286864795378E-002
 -3.483465214767190E-002
 -3.528189487089239E-002
 -3.938044391551188E-002
 -2.849582284781604E-003
 -4.892966250948572E-002
 -4.539361134016229E-002
 -3.467747824366274E-002
  3.829839554226933E-002
  4.148318895497660E-002
  3.779909169227258E-002
  3.774143412686182E-002
  4.142291479075921E-002
  3.827128385104905E-002
  4.141054415689249E-002
  3.767014561234538E-002
  3.970989409326187E-002
  4.463220837796278E-002
  3.913194967199685E-002
  4.236155569816269E-002
  4.043528157440268E-002
  4.079146465834160E-002
  4.220943009382516E-002
  4.189722799847806E-002
  4.095694029586761E-002
  4.065041305157024E-002
  4.584050463358469E-002
  3.873699779497641E-002
  4.458197244352124E-002
  3.984121032830501E-002
  3.775279035190071E-002
  4.140128005513277E-002
  3.825771072801110E-002
  4.143674607230408E-002
  3.772920218325426E-002
  3.758511539336196E-002
  4.112066816847049E-002
  3.832229952210531E-002
  4.152341033124252E-002
  3.784511713933203E-002
  3.914354674456388E-002
  4.175592869482680E-002
  4.108121531319697E-002
  4.118235249355007E-002
  4.516666538976644E-002
  4.214874917217593E-002
  4.078875654682890E-002
  4.060224588901740E-002
  4.194375735495259E-002
  3.818668217251941E-002
  3.764753155020217E-002
  4.137693707300849E-002
