           2           1   1.44092517021519     
           3           2   1.41723114483821     
           4           3   1.39129672984184     
           5           4   1.30411655552621     
           6           1   1.41149096832706     
           6           5   1.41068689461906     
           7           5   1.00842008787211     
           8           7   1.00794698424055     
           9           8   1.41061379835884     
          10           9   1.41155908637407     
          11          10   1.44090593621164     
          12          11   1.41739330454786     
          13           8   1.30457456631507     
          13          12   1.39128592996564     
          14           4   1.00792848981612     
          14          13   1.00769894654310     
          15          14  0.971049836112829     
          16          15   1.33250107745958     
          17          16   1.48537133814518     
          18          17   1.32425928445284     
          19          18   1.27958947521438     
          20          15   1.42064689640194     
          20          19   1.34909419312193     
          21          19   1.07102832351382     
          22          21   1.34254171463853     
          23          22   1.47063774243662     
          24          23   1.38119591264539     
          25          24   1.47512227054671     
          26          21   1.28503496552987     
          26          25   1.33189675915679     
          27          26   1.08978465178567     
          28          27   1.43637774968493     
          29          28   1.27158296329243     
          30          29   1.26344505713584     
          31          30   1.50503451862144     
          32          31  0.992671777151695     
          33          32   1.36363598814932     
          34          33   1.44402397683671     
          35          34   1.41622527255284     
          36          35   1.41848950304069     
          37          32   1.36523553930322     
          37          36   1.44201918751289     
          38          31   1.19738448814235     
          39          38  0.992666633045456     
          40          39   1.36517552977182     
          41          40   1.44205470095192     
          42          41   1.41845888788395     
          43          42   1.41631148693692     
          44          39   1.36374215873620     
          44          43   1.44392321133384     
          45          38   1.50575302430302     
          46          29   1.17443721655739     
          46          45   1.26219584781257     
          47          46   1.27396718795478     
          48          18   1.09639838287925     
          48          27   1.15737959340901     
          48          47   1.42926482559323     
          49           1  0.944504360772679     
          50           2  0.943815844796591     
          51           3  0.941026141823144     
          52           6  0.945679130188524     
          53           9  0.945700967945513     
          54          10  0.944524534503149     
          55          11  0.943806882057725     
          56          12  0.941246805742802     
          57          16  0.943715484985936     
          58          17  0.939969796677645     
          59          20  0.940781411171772     
          60          22  0.942620754642854     
          61          23  0.945350453410176     
          62          24  0.945166422395338     
          63          25  0.943548126418690     
          64          30  0.940194741684230     
          65          33  0.944849467284653     
          66          34  0.947381858192444     
          67          36  0.947521012202486     
          68          37  0.945925155013448     
          69          40  0.945915575252399     
          70          41  0.947517939943331     
          71          43  0.947386830290654     
          72          44  0.944839781192357     
          73          45  0.940204659510698     
