 -0.101271968185596     
  2.764438866097629E-002
 -0.102026783302210     
 -0.104609390454037     
 -1.765610065641887E-002
 -4.463437930528080E-002
 -4.447844197155337E-002
  3.263247387623869E-002
 -2.242513807723778E-002
 -4.171669320166238E-002
 -2.356148474208108E-002
 -4.291089403964943E-002
 -2.027918317418198E-002
  2.784574396164796E-002
 -0.101882711400648     
 -0.101614462528742     
 -9.959398092950522E-002
 -4.585111981057644E-002
 -4.350579283110445E-002
  3.361061330664095E-002
 -9.674868140617221E-002
  7.500570497462444E-002
 -9.472393224688958E-003
  7.629977187405768E-003
  3.303593837073038E-002
  0.438665162775932     
 -0.311785289232323     
 -0.312444974804494     
  3.443562288295077E-002
  7.085697428867110E-003
 -1.074038362979568E-002
  7.498321299182109E-002
 -9.470498672963501E-002
  3.300888174202887E-002
 -4.319192592010523E-002
 -4.489713104932935E-002
 -2.033588755014115E-002
  2.786009749377882E-002
 -0.101380598122238     
 -9.984468851203232E-002
 -0.101705669186308     
 -4.404015171880182E-002
 -2.367312303959945E-002
 -2.277060303214906E-002
 -4.277072800898907E-002
 -1.792400268140781E-002
  2.786857553723143E-002
 -0.100831361296797     
 -0.102244540924389     
 -0.103099076984705     
 -4.308520221116297E-002
 -4.231880739447025E-002
  3.320218846142620E-002
  2.793749694839764E-002
 -0.165887800793332     
 -0.167588699076536     
  2.866821867616887E-002
  3.310167016863363E-002
  3.758902421181143E-002
  3.515990529855795E-002
  3.453556221085829E-002
  3.311131749154128E-002
  3.090840545951301E-002
  3.095742807793900E-002
  3.532088187354498E-002
  3.725157531754808E-002
  4.793399132959308E-002
  4.375646312843584E-002
  4.357557090682984E-002
  4.383359239173590E-002
  3.172830950731576E-002
  3.313407189249751E-002
  3.531056326386273E-002
  3.362900361473220E-002
  3.153659951255872E-002
  3.533019952012650E-002
  3.516143696837015E-002
  3.571984863347055E-002
  3.404932320227771E-002
  4.688512596532424E-002
  4.232941676711799E-002
  5.256065798942322E-002
  5.883815838221684E-002
  5.894233751193845E-002
  5.258756401451314E-002
  4.277800032096668E-002
  4.584203604473880E-002
  3.522152067688655E-002
  3.186893114099576E-002
  3.384982551799642E-002
  3.363744640205357E-002
  3.575574316300578E-002
  3.518289350835835E-002
  3.327400149887016E-002
  3.206984863990303E-002
  3.512803362865047E-002
  4.519144762764848E-002
  4.502564099845230E-002
  3.608987869537827E-002
  3.324483296502501E-002
  3.530869172087081E-002
  3.161036657432326E-002
  3.339935417770157E-002
  3.514942704111468E-002
  3.579955052883099E-002
  3.094414177462856E-002
  3.620818798751635E-002
  4.631939998321533E-002
  4.387940569057713E-002
  6.147758938459458E-002
  6.135103555864574E-002
