 -4.957694523835965E-002
 -4.036024289330165E-002
 -4.488700544107616E-002
  3.521803905245013E-002
 -2.936807032730915E-002
 -3.702443289624480E-002
 -2.933495005658049E-002
 -3.700437716324512E-002
 -4.964020818121018E-002
 -4.051332635134575E-002
 -4.505886750360943E-002
  3.507031485624523E-002
 -9.414065491000567E-002
  4.404497826204379E-002
 -3.495356437919028E-002
 -5.250282132533890E-002
  4.939480722975187E-002
 -0.136715773395796     
  4.937610852574759E-002
 -5.254485192791325E-002
 -3.498308054465138E-002
  4.397881991298780E-002
 -9.409625359485041E-002
  3.521735488753786E-002
 -4.488769919975422E-002
 -4.036955055258318E-002
 -4.957267812376998E-002
 -3.702736583341171E-002
 -2.937054576875031E-002
 -2.933244105023647E-002
 -3.700618637281661E-002
 -4.963591659838951E-002
 -4.051594925162583E-002
 -4.505597186912524E-002
  3.508663371061527E-002
 -3.558163017624505E-002
 -4.753886302286503E-002
 -4.737499952638302E-002
 -3.550610430765477E-002
  3.982617598797045E-002
  4.290047890752258E-002
  4.036015980416485E-002
  4.182886350462911E-002
  4.186176096097849E-002
  3.981046662935472E-002
  4.282240474543053E-002
  4.012239097197967E-002
  4.451036896892435E-002
  3.838348254295965E-002
  0.138474246426827     
  3.838226343293138E-002
  4.452027868179198E-002
  4.037448693206569E-002
  4.289938098836410E-002
  3.982611431070149E-002
  4.182902202922389E-002
  4.186219158854121E-002
  3.981087422520058E-002
  4.282084161171062E-002
  4.013159209210648E-002
  4.489083459895971E-002
  4.546890177913676E-002
  4.548470331680088E-002
  4.489198630794422E-002
