 -0.215930868484623     
  0.102094184827616     
  1.464787872980677E-002
 -1.749964774143198E-002
 -2.325329564348877E-002
  6.768285150772879E-003
  1.177320561330442E-002
 -2.377980944452140E-002
  1.545781406913216E-002
  0.103985878402104     
 -0.209198684993646     
 -2.378637685814589E-002
  1.179087784522936E-002
  6.770933423671188E-003
 -2.606595245169174E-002
 -1.860392171506398E-002
  1.464328890378175E-002
  0.102106991484807     
 -0.215933394920737     
 -1.750632988621881E-002
 -2.327583545515477E-002
  5.604048114644922E-002
 -0.131850819616907     
  4.330988952845916E-002
 -5.840989457274226E-002
 -4.337071356021571E-002
 -4.469715607572322E-002
 -4.338155600197258E-002
  7.532920077283745E-002
 -0.135874724598279     
  7.533213131611127E-002
 -4.338660557560559E-002
 -4.469970152960201E-002
 -4.336368161114112E-002
 -5.842246210458590E-002
  4.331534038854334E-002
 -2.607795072780128E-002
 -1.860495326091982E-002
  4.985344945936954E-002
  4.460833956631938E-002
  5.484893556891257E-002
  5.485577400650066E-002
  4.139035773825661E-002
  4.900435010205328E-002
  4.984836871358511E-002
  4.460864702448342E-002
  4.099570923002693E-002
  4.421897975096167E-002
  4.430901725033543E-002
  4.257824347175532E-002
  4.257120951666382E-002
  4.430396230095046E-002
  4.421954277765439E-002
  4.101005069998309E-002
  4.138280555632601E-002
  4.900021249344277E-002
