 -4.399653731680697E-002
 -3.278340787607625E-002
 -4.336500004082833E-002
  5.426473163408829E-002
 -0.123776377662883     
  5.417807409403963E-002
 -4.347842188804041E-002
 -3.259526846956806E-002
 -4.418601546498113E-002
 -3.260033610435631E-002
 -4.304801509376066E-002
  5.798997608959722E-002
 -3.913976367423988E-002
 -2.245012911942723E-002
 -2.446605443285677E-003
  5.651053364654768E-002
  3.279546336622996E-002
 -0.163140704386548     
  8.586907148257339E-002
 -0.168439150214685     
  5.073768845922322E-002
  5.024300004957638E-002
 -0.164070681442032     
  8.551362698794573E-002
 -0.178651211748690     
  5.569550021615743E-003
 -8.071963034595342E-003
 -1.771516505417114E-002
 -2.814309115807134E-002
  8.916000035149363E-003
 -2.782003129330501E-002
 -1.781714481156893E-002
 -8.177240646710437E-003
  5.103868973316050E-003
 -3.777251736165077E-002
 -3.668851680078511E-002
 -4.161280858546501E-002
 -4.238759866898079E-002
 -3.187709368081482E-002
  3.898734169238494E-002
  4.197355096085886E-002
  3.809281925830010E-002
  3.840454663756021E-002
  4.224558071076912E-002
  3.906728323734232E-002
  4.216713859109056E-002
  3.843668354637242E-002
  4.242766214065596E-002
  5.290538591483362E-002
  5.859914831963720E-002
  5.212727086414914E-002
  4.581338536697266E-002
  4.487011390840656E-002
  4.482717221895238E-002
  4.581810352302784E-002
  5.188677919481044E-002
  4.650601834231960E-002
  4.192399351289466E-002
  3.892997980102186E-002
  4.254925445997482E-002
