 -0.100262198649578     
  2.745561571345423E-002
 -0.102178663497806     
 -0.102188613234071     
 -2.400169290512988E-002
 -4.773359361626728E-002
 -4.374610966638226E-002
  3.382941391133842E-002
 -2.719257139645492E-002
 -4.628147088317913E-002
 -2.697120068572545E-002
 -4.618214520988939E-002
 -2.413043450978769E-002
  2.742412371391545E-002
 -0.102143275160226     
 -0.100168051136662     
 -0.102335273666627     
 -4.829844881400192E-002
 -4.397900255885823E-002
  3.372354323799565E-002
 -9.279843996795734E-002
  5.945864816086832E-002
 -3.492795267951276E-002
 -3.467871813973034E-002
 -3.399337711122996E-003
 -1.821474127035927E-003
 -4.036114728712725E-002
 -3.482338726554079E-002
 -1.578157674373948E-002
 -1.686458726767093E-002
 -4.001720995560287E-002
  1.357976330984911E-002
 -1.232349833573121E-002
 -3.456604676694486E-002
 -3.558998315712181E-002
 -3.613096749841560E-002
 -3.637763067851552E-002
 -1.302432011907051E-002
 -1.384218171424756E-002
 -4.170752405470779E-002
 -4.988259279553020E-002
 -3.820576800267617E-002
 -5.600591015871892E-002
  4.963327724828748E-002
 -0.123308724163062     
  5.825188546272431E-002
 -2.964123317227951E-002
 -3.038114775513190E-002
 -3.417916727885473E-002
 -3.007758907325186E-002
 -3.006740545660769E-002
  4.939353235711375E-002
 -5.498502237955005E-002
 -3.774580445613385E-002
 -4.944139864356778E-002
 -4.130764609297177E-002
 -1.332561251826370E-002
 -3.465728224442266E-002
 -3.548556504440281E-002
  3.543969685092208E-002
  3.304705742641323E-002
  3.546291372107879E-002
  3.497892629770116E-002
  3.363898138914911E-002
  3.137707478186458E-002
  3.136288920792174E-002
  3.373881434601922E-002
  3.514793916245174E-002
  4.446046042766494E-002
  4.232900328414235E-002
  4.383119558112225E-002
  4.391745065679753E-002
  3.384388571507002E-002
  3.489731433106447E-002
  3.134501423991432E-002
  3.543584057858973E-002
  3.559853998498275E-002
  3.301147461468934E-002
  3.372579902881145E-002
  3.480160364254181E-002
  3.140566927290134E-002
  4.409818612801553E-002
  4.229857812448579E-002
  4.207567077074359E-002
  4.369270454341478E-002
  4.086323682735427E-002
  4.140237688194237E-002
  4.121281116519437E-002
  4.010782647282918E-002
  4.082453366507921E-002
  4.065982936162171E-002
  3.954922565176366E-002
  4.336199863609047E-002
  4.008171338243316E-002
  4.255318818111697E-002
  3.986356566043270E-002
  3.974537937167100E-002
  4.281166123637348E-002
  4.013376647149181E-002
  4.277695327177544E-002
  3.935642737232925E-002
  3.965867087951069E-002
  4.256000821947703E-002
  4.007509837523704E-002
  4.332553246154569E-002
  4.494021165880280E-002
  4.195009586776921E-002
