           2           1   1.42811031687999     
           3           2   1.43872833588729     
           4           3   1.37910434882085     
           5           4  0.987826384501945     
           6           5   1.37588896365472     
           7           6   1.44315187410113     
           8           7   1.37596626313465     
           9           8  0.987653275095212     
          10           9   1.37790998079538     
          11          10   1.44121965805099     
          12          11   1.42559832517619     
          13          12   1.42817512183632     
          14           9   1.37925721085507     
          14          13   1.43864001662530     
          15           8   1.33555209287493     
          16          15  0.980140059011797     
          17          16   1.38075135369178     
          18          17   1.43891057113758     
          19          18   1.42728543438928     
          20          19   1.42723027848014     
          21          16   1.38066076473817     
          21          20   1.43885050349316     
          22           5   1.33552702957720     
          22          15   1.34848542298225     
          23          22  0.980085261214589     
          24          23   1.38075499133539     
          25          24   1.43890363639118     
          26          25   1.42728478464706     
          27          26   1.42723709319187     
          28          23   1.38066052270218     
          28          27   1.43884204808921     
          29           4   1.37791363488994     
          30           1   1.42563025188080     
          30          29   1.44118519595345     
          31           1  0.947485926536153     
          32           2  0.946516930027477     
          33           3  0.947272494821026     
          34           6  0.942365217296428     
          35           7  0.942368761001019     
          36          10  0.945841163934029     
          37          11  0.946482986148823     
          38          12  0.947486768778792     
          39          13  0.946519063747107     
          40          14  0.947282393135471     
          41          17  0.946599360738370     
          42          18  0.946446004859909     
          43          19  0.947481916854159     
          44          20  0.946453358724369     
          45          21  0.946317196496041     
          46          24  0.946601988308331     
          47          25  0.946445655952534     
          48          26  0.947482418233182     
          49          27  0.946452939228109     
          50          28  0.946326018602634     
          51          29  0.945821133142693     
          52          30  0.946485578324463     
