 -0.238743896757206     
  0.141704895356500     
 -1.466030869953183E-002
 -3.394668265545242E-002
 -3.160904177468193E-002
  6.566862182289857E-002
 -9.359301388723917E-002
  3.509924187377811E-002
 -4.502463663959055E-002
 -3.941563545769622E-002
 -4.723684568603481E-002
 -3.531996068585386E-002
 -2.684652606499238E-002
 -2.770395745754506E-002
 -3.573482409654982E-002
 -4.703612607392316E-002
 -3.801062108334197E-002
 -4.317858047858181E-002
  3.569651011617658E-002
 -2.836653927779231E-002
 -2.144415103241126E-002
 -1.648262708745829E-002
 -2.926316261804640E-002
 -2.662356642804298E-002
 -8.475898576833174E-003
  6.268651200976549E-002
 -1.046637841133347E-002
 -3.303943374396479E-002
 -3.542254500181219E-002
 -3.884684319658938E-002
 -3.521578938682701E-002
 -2.787406359637057E-002
 -2.330677223708122E-002
 -3.980361143212807E-002
  4.813147754105696E-002
  4.260279267345368E-002
  3.994409908525420E-002
  4.323881678913999E-002
  4.052195058241581E-002
  4.266027876382206E-002
  4.231058838004365E-002
  4.051603367017820E-002
  4.389806698111054E-002
  4.157848336470560E-002
  4.362880050618156E-002
  5.117680818790549E-002
  5.091312816173510E-002
  4.583536349141604E-002
  4.276379362368421E-002
  4.307348962013124E-002
  4.186571648155202E-002
  4.100409629384205E-002
  4.617247414817471E-002
