           2           1   1.80909397304948     
           3           2  0.982844037134749     
           4           3   1.35734768621894     
           5           4   1.45549764726347     
           6           5   1.37034625933284     
           7           6  0.987832757770046     
           8           7   1.05107004074228     
           9           8   1.37128440591756     
          10           9   1.45012771001997     
          11          10   1.39579019512614     
          12          11   1.45924257014983     
          13           8   1.26669549484585     
          13          12   1.35439381637086     
          14          13   1.08588772558661     
          15          14   1.35419469457965     
          16          15   1.45946093515485     
          17          16   1.39570145212410     
          18          17   1.45024237495086     
          19           7   1.05039012797106     
          19          14   1.26696984107584     
          19          18   1.37131873096419     
          20           6   1.36844882019581     
          21           3   1.35447548835021     
          21          20   1.45844541593344     
          22           2  0.983442659164439     
          23          22   1.32182278445970     
          24          23   1.47525885367132     
          25          24   1.36352187270956     
          26          25   1.07552699577885     
          27          26   1.05578827877931     
          28          27   1.37988698014435     
          29          28   1.45280214455358     
          30          29   1.39327264417716     
          31          30   1.46653166108629     
          32          27   1.29434695262777     
          32          31   1.34429785396077     
          33          25   1.27896562357820     
          33          32   1.07845988678274     
          34          22   1.39141456753961     
          34          33   1.36255538754565     
          35           4  0.941933394022230     
          36           5  0.944230365305224     
          37           9  0.943648813769897     
          38          10  0.944730638377282     
          39          11  0.944989376410653     
          40          12  0.944703200575877     
          41          15  0.944732562476861     
          42          16  0.944982624206760     
          43          17  0.944632729911791     
          44          18  0.943464552709942     
          45          20  0.943863836114760     
          46          21  0.943594203965904     
          47          23  0.943851525367787     
          48          24  0.943460590802387     
          49          28  0.945976466685317     
          50          29  0.945400619891996     
          51          30  0.945205465504061     
          52          31  0.945059123983621     
          53          34  0.941546665563751     
