           2           1   1.44080540078115     
           3           2   1.41753853674797     
           4           3   1.39112567174801     
           5           4   1.30443564761312     
           6           1   1.41148493068886     
           6           5   1.41068100105972     
           7           5   1.00795271668137     
           8           7   1.00809107920221     
           9           8   1.41075010978808     
          10           9   1.41140983472809     
          11          10   1.44088531575739     
          12          11   1.41739434381178     
          13           8   1.30429689336513     
          13          12   1.39120586035680     
          14           4   1.00816210452712     
          14          13   1.00817650527915     
          15          14  0.972725155040986     
          16          15   1.37010386733265     
          17          16   1.46119270192471     
          18          17   1.34618900300181     
          19          18   1.05717110700061     
          20          19   1.37072845663737     
          21          20   1.35467125585691     
          22          21   1.45305999430627     
          23          22   1.03285045549758     
          24          23   1.35694122288642     
          25          24   1.45007697654916     
          26          25   1.37933836361190     
          27          26  0.967691344948925     
          28          27   1.00919991587245     
          29          28   1.39201576354781     
          30          29   1.41639663282279     
          31          30   1.44212328992492     
          32          31   1.40999690536550     
          33          28   1.30338198471359     
          33          32   1.41248774814412     
          34          33   1.00676740404295     
          35          34   1.00844761645285     
          36          35   1.41122792909438     
          37          36   1.41061766739350     
          38          37   1.44127420182336     
          39          38   1.41571424150104     
          40          27   1.00865507635898     
          40          35   1.30361898485295     
          40          39   1.39138582154557     
          41          26   1.36988880820821     
          42          23   1.34973458116866     
          42          41   1.46065208973459     
          43          22   1.19165697215844     
          44          43   1.03045877437502     
          45          44   1.34698259642784     
          46          45   1.46309226479097     
          47          46   1.36683770601229     
          48          47  0.971272964710606     
          49          48   1.00660935003125     
          50          49   1.39143776645434     
          51          50   1.41615810970768     
          52          51   1.44070375672256     
          53          52   1.41159441060660     
          54          49   1.30476899500090     
          54          53   1.41026933154216     
          55          54   1.00838470411218     
          56          55   1.00763224269850     
          57          56   1.41163681342528     
          58          57   1.41071578837333     
          59          58   1.44173053866020     
          60          59   1.41653443608463     
          61          48   1.00818252754831     
          61          56   1.30373449586451     
          61          60   1.39203403426564     
          62          47   1.37824610057160     
          63          44   1.35546804589118     
          63          62   1.45050489199866     
          64          19   1.31202456626675     
          64          43   1.42680421765136     
          65          18   1.34612333230100     
          66          15   1.37016958659691     
          66          65   1.46088614127405     
          67           1  0.944576803295919     
          68           2  0.943833971575140     
          69           3  0.941246167730726     
          70           6  0.945750258295406     
          71           9  0.945740306828886     
          72          10  0.944575547446506     
          73          11  0.943858890969797     
          74          12  0.941174832966038     
          75          16  0.944780629901168     
          76          17  0.942306619453619     
          77          24  0.942937013397561     
          78          25  0.944243890067534     
          79          29  0.941617294143042     
          80          30  0.943807607630881     
          81          31  0.944589445234671     
          82          32  0.945752111149462     
          83          36  0.945748025832203     
          84          37  0.944522080458112     
          85          38  0.942974359013264     
          86          39  0.941278702126225     
          87          41  0.944502778526811     
          88          42  0.942375805788302     
          89          45  0.941690847585499     
          90          46  0.944136652450003     
          91          50  0.941166615142109     
          92          51  0.942877421653377     
          93          52  0.944446323826960     
          94          53  0.945709478242021     
          95          57  0.945703403698615     
          96          58  0.944532589812849     
          97          59  0.943818765304150     
          98          60  0.941562578025834     
          99          62  0.944114174224006     
         100          63  0.943317036980542     
         101          65  0.943168216632765     
         102          66  0.944836521642225     
