           2           1   1.42792901400939     
           3           2   1.42835583362071     
           4           3   1.38773632665223     
           5           4   1.32109583120495     
           6           1   1.42871415789795     
           6           5   1.39247477509777     
           7           5   1.01196879396922     
           8           7   1.00120420445237     
           9           8   1.40037234454316     
          10           9   1.42258943768703     
          11          10   1.43508000754725     
          12          11   1.42044166632338     
          13           8   1.31982283522163     
          13          12   1.39708607348066     
          14           4  0.986953090124154     
          14          13  0.976439430967039     
          15          14   1.06889157901051     
          16          15   1.23469890100424     
          17          16   1.56674946146491     
          18          17   1.24680098840561     
          19          18   1.24792444287731     
          20          19   1.56512408258205     
          21          20   1.23646481051351     
          22          21   1.06510010915256     
          23          22  0.988056746355186     
          24          23   1.38758900159741     
          25          24   1.42822141034654     
          26          25   1.42822408903886     
          27          26   1.42819341888672     
          28          23   1.32054419414942     
          28          27   1.39300981147207     
          29          28   1.01186974413161     
          30          29   1.00135520738805     
          31          30   1.40070748927061     
          32          31   1.42223305882722     
          33          32   1.43525790102460     
          34          33   1.42028954290251     
          35          22  0.977453389597608     
          35          30   1.31928163024515     
          35          34   1.39694930457269     
          36          21   1.43580672961477     
          37          18   1.20090976379298     
          37          36   1.26512681570997     
          38          15   1.43415643343370     
          38          37   1.26568503075486     
          39           1  0.944260735420480     
          40           2  0.943696247544224     
          41           3  0.942766109097677     
          42           6  0.945349745125500     
          43           9  0.945474859544363     
          44          10  0.944066938569772     
          45          11  0.943356106766952     
          46          12  0.932813869443529     
          47          16  0.941894229783653     
          48          17  0.938282051345056     
          49          19  0.938280941838320     
          50          20  0.942096238953683     
          51          24  0.942727272751054     
          52          25  0.943709643342219     
          53          26  0.944279257529361     
          54          27  0.945373016688304     
          55          31  0.945484743559015     
          56          32  0.944073427495817     
          57          33  0.943376061451117     
          58          34  0.932481194560626     
