 -0.214374801654372     
  0.106670736788203     
  1.738749836659581E-002
  1.383211290711595E-002
 -9.931193910079017E-003
 -3.186530337298255E-002
 -3.272684957511984E-002
  6.595429164890110E-002
 -9.310766621923605E-002
  3.527674088495525E-002
 -4.505429752238399E-002
 -3.992376033953704E-002
 -4.824159920004778E-002
 -3.614083623786790E-002
 -2.770858129830245E-002
 -2.832445406560868E-002
 -3.650275995782337E-002
 -4.800626383789375E-002
 -3.857189064148958E-002
 -4.314114599938002E-002
  3.555110220199120E-002
 -3.002176904591813E-002
 -2.864404632727613E-002
  2.610568332909580E-002
 -0.164901318774092     
  2.610878811254391E-002
  1.381961738225845E-002
 -9.870580421044828E-003
 -2.868623144857541E-002
 -2.994996947437389E-002
  6.597644527447022E-002
 -9.317311614422152E-002
  3.525577784927592E-002
 -4.505606429863018E-002
 -3.991889652351510E-002
 -4.824828606559617E-002
 -3.613746245280236E-002
 -2.771372042052711E-002
 -2.832656297224379E-002
 -3.649498893932535E-002
 -4.801498084276723E-002
 -3.856863491472584E-002
 -4.314712903972495E-002
  3.555341963369019E-002
 -3.265329321217791E-002
 -3.182379772043031E-002
  4.389299614813846E-002
  4.361964509812855E-002
  4.001232188004922E-002
  4.306593302550055E-002
  4.016750469577401E-002
  4.228802999230175E-002
  4.198957292395000E-002
  4.013381913766412E-002
  4.377320594121192E-002
  4.194785609003959E-002
  4.461405527422513E-002
  4.711638671888940E-002
  5.610486949281113E-002
  5.612610123351280E-002
  4.717069002123864E-002
  4.460166766044893E-002
  3.999202152182602E-002
  4.306796762912635E-002
  4.016650218007278E-002
  4.228811284227818E-002
  4.199056307895033E-002
  4.013493524104339E-002
  4.377050407235938E-002
  4.190510136665382E-002
  4.361158945135080E-002
  4.392808577345531E-002
