 -4.710686736165925E-002
 -3.453951049645632E-002
 -4.541540702060765E-002
  5.378026188039398E-002
 -0.127519165345523     
  5.379984113093572E-002
 -4.515398569315376E-002
 -3.446868019201599E-002
 -4.687762031983045E-002
 -3.439442841127782E-002
 -4.484703740851348E-002
  5.245172021543842E-002
 -4.426453070201219E-002
 -3.728051397026277E-002
 -9.136094335901568E-003
 -1.275277476847236E-002
 -3.637834263233053E-003
 -4.015919530193912E-002
 -3.584296257868935E-002
 -3.507980207137873E-002
 -3.903129078742218E-002
 -3.413216095772498E-003
 -1.156905174779954E-002
 -2.917043099590622E-003
 -3.583829756087642E-002
 -4.098366686682997E-002
 -3.876182705101705E-003
 -3.877246119043409E-002
 -3.884871336228013E-002
 -4.144798109456005E-003
 -6.275301196420280E-003
 -1.145116932385193E-002
 -3.843211641457067E-002
 -4.386075646746157E-002
  5.322682991270611E-002
 -0.126724789434716     
  5.377132497071502E-002
 -4.509991736292385E-002
 -3.444260780153474E-002
 -4.678586777476657E-002
 -3.429987106300203E-002
 -4.488159597996066E-002
  5.377708820455274E-002
 -4.465625277053498E-002
 -3.428200638084355E-002
 -4.662597372858901E-002
 -3.434015378623290E-002
 -4.483006344817664E-002
 -4.398642157830945E-002
 -3.704685557029475E-002
 -3.752574364677219E-002
 -4.009814192186045E-002
 -3.195253396580888E-003
 -3.729125631582519E-002
 -3.644554195486727E-002
 -4.340175324887063E-003
 -8.400635279480539E-003
 -7.791790615605976E-003
 -3.530596566688082E-003
 -3.910531577870824E-002
 -3.516450234856183E-002
 -3.577151496473086E-002
 -4.008682327555313E-002
 -3.512008082886986E-003
 -3.711333032338437E-002
 -4.418594061436831E-002
 -4.518921678445054E-002
 -3.446276717339636E-002
  3.834979123744353E-002
  4.145412997620057E-002
  3.759943798552745E-002
  3.760491898652374E-002
  4.148144227998996E-002
  3.837966208251309E-002
  4.154345414842175E-002
  3.788053889796739E-002
  4.045973417587811E-002
  4.239188312661690E-002
  4.193546951849059E-002
  4.047709787807985E-002
  4.083355612640682E-002
  4.236305012475494E-002
  4.198310011987472E-002
  4.097028433345862E-002
  4.068435129654768E-002
  4.513257811249449E-002
  4.204044315774980E-002
  4.043438466281901E-002
  3.764418786760748E-002
  4.147139750724738E-002
  3.839855034110928E-002
  4.157990175396864E-002
  3.787234651276972E-002
  3.784896982662145E-002
  4.157912719298562E-002
  3.841840087826875E-002
  4.153616478246847E-002
  3.779819190048528E-002
  4.046606032251432E-002
  4.370594867100475E-002
  4.155142188935501E-002
  4.087841019438543E-002
  4.102449963617372E-002
  4.490604114948749E-002
  4.204699025694314E-002
  4.077182312785199E-002
  4.050428755307389E-002
  4.192196530349768E-002
  4.250576441622411E-002
  4.049495893566746E-002
  3.784603711011170E-002
  4.152558454492761E-002
