           2           1   2.82030899338922     
           3           2   1.06053269710512     
           4           3   1.33737799756019     
           5           4   1.45694280833126     
           6           5   1.37152229509257     
           7           6  0.972956812348558     
           8           7   1.31043247843727     
           9           8   1.21600125745767     
          10           9   1.59665727245276     
          11          10   1.26522221215235     
          12          11   1.59658182298357     
          13           8   1.17483312312578     
          13          12   1.21613843459599     
          14          13   1.31063295129937     
          15          14  0.970705622497029     
          16          15   1.36756990507815     
          17          16   1.42566197572797     
          18          17   1.44717670726046     
          19          18   1.34624369915477     
          20          19   1.06305040601816     
          21          20   1.58223000505365     
          22          21   1.15044403189198     
          23          22   1.13455929213015     
          24          23   1.31097442185358     
          25          24   1.49808101328677     
          26          25   1.35880928029851     
          27          26   1.49571449173195     
          28          23   1.26199205139448     
          28          27   1.31971129907597     
          29          28   1.11081796565863     
          30          29   1.32316614968612     
          31          30   1.49388570870017     
          32          31   1.35572343136807     
          33          32   1.50311014642184     
          34          29   1.25013043974609     
          34          33   1.29924407068753     
          35          22   1.40502510192656     
          35          34   1.16477998696985     
          36          20   1.07703752826930     
          36          35   1.06187236079890     
          37          15   1.40439560095464     
          37          19   1.34706677198615     
          38          14   1.31049698591724     
          39          38   1.21625529879089     
          40          39   1.59643599888354     
          41          40   1.26539666453337     
          42          41   1.59650265184146     
          43           7   1.31014057226280     
          43          38   1.17472520630546     
          43          42   1.21617375131786     
          44           6   1.37133067977223     
          45           3   1.33738168995996     
          45          44   1.45703728358358     
          46           4  0.944665282630404     
          47           5  0.944853104039717     
          48           9  0.941174059332898     
          49          10  0.945412032844125     
          50          11  0.945454135576796     
          51          12  0.940958955967533     
          52          16  0.945930297643303     
          53          17  0.943901784914198     
          54          18  0.946343585777698     
          55          24  0.944902609758120     
          56          25  0.945417961433898     
          57          26  0.945721911807640     
          58          27  0.942478723000873     
          59          30  0.942005945931447     
          60          31  0.945788032466893     
          61          32  0.945347512814593     
          62          33  0.945643724314605     
          63          37  0.944978045549958     
          64          39  0.940643464153489     
          65          40  0.945386768401580     
          66          41  0.945391813143758     
          67          42  0.941161396234162     
          68          44  0.944791762802719     
          69          45  0.944642441287960     
