           2           1   1.39623855498941     
           3           2   1.44956482315015     
           4           3   1.37181981366950     
           5           4   1.26680986391580     
           6           1   1.45911950584747     
           6           5   1.35457550509823     
           7           5   1.08570901515275     
           8           7   1.35408304549992     
           9           8   1.45959742215301     
          10           9   1.39595568314058     
          11          10   1.44981774848918     
          12           7   1.26746386691230     
          12          11   1.37193491459600     
          13           4   1.05048447578147     
          13          12   1.04906021273676     
          14          13  0.986271256442166     
          15          14   1.37806703816878     
          16          15   1.43056762779809     
          17          16   1.40502068942269     
          18          17   1.40455114208426     
          19          14   1.37796989024425     
          19          18   1.43089588752749     
          20          17  0.754050915659825     
          21          20   1.76901772278144     
          22          20   1.76910673599979     
          23          20  0.753957663867256     
          24          23   1.40564250566421     
          25          24   1.42970798381420     
          26          25   1.37878044364762     
          27          26   1.37729027628722     
          28          23   1.40400079638606     
          28          27   1.43170661673141     
          29          26  0.986262269327743     
          30          29   1.05054752733681     
          31          30   1.37184222052959     
          32          31   1.44953790694096     
          33          32   1.39626000574943     
          34          33   1.45909248930025     
          35          30   1.26675113194717     
          35          34   1.35461091566864     
          36          35   1.08571422488582     
          37          36   1.35404486737002     
          38          37   1.45962501023730     
          39          38   1.39593572782744     
          40          39   1.44984233478657     
          41          29   1.04899604811205     
          41          36   1.26751419940249     
          41          40   1.37191882729377     
          42           1  0.944959861466417     
          43           2  0.944734014094923     
          44           3  0.943599272203735     
          45           6  0.944671712002098     
          46           8  0.944688713590006     
          47           9  0.944946467351182     
          48          10  0.944639141999900     
          49          11  0.943431275464855     
          50          15  0.940721050109871     
          51          16  0.942994400122214     
          52          18  0.942676819992902     
          53          19  0.940728172736280     
          54          24  0.942636428950490     
          55          25  0.940681037106048     
          56          27  0.940775875512377     
          57          28  0.943048354424319     
          58          31  0.943625536966300     
          59          32  0.944735015690463     
          60          33  0.944960675530896     
          61          34  0.944669346465310     
          62          37  0.944691186866385     
          63          38  0.944946742546378     
          64          39  0.944637142335102     
          65          40  0.943405992678275     
