 -8.340301481081092E-002
 -7.818983816446412E-003
 -5.312837415212712E-002
 -4.619655815510182E-002
  3.352112809113894E-002
 -1.928140843943549E-002
 -5.800602588974701E-002
 -2.191694293011359E-002
 -7.151202768275411E-003
  2.424826518499890E-002
 -2.192054689234446E-002
 -7.161742951744543E-003
  2.425289284614873E-002
 -8.673665271748288E-002
  5.610299503342420E-002
 -4.804851520791154E-002
 -4.436140498769436E-002
 -2.028372106137866E-002
  2.822106925859158E-002
 -0.102024392186088     
 -0.102054831349975     
 -9.994079114686016E-002
 -5.060769456232084E-002
 -8.782219420705673E-003
  2.356260485652539E-002
 -1.019895691437611E-002
 -3.192880122756403E-002
 -3.390264481048799E-002
 -3.578329710930195E-002
 -3.704409033677880E-002
 -1.093786850191680E-002
 -1.373338698464366E-002
 -3.710014859492983E-002
 -3.607442682846340E-002
 -3.405849480270717E-002
 -3.278863309702285E-002
 -1.336422794088499E-002
 -1.934355442502245E-002
 -5.804494128966287E-002
 -7.814778171657544E-003
 -8.339034456484828E-002
 -5.310995942339591E-002
 -4.615426307818904E-002
  3.350687494226401E-002
 -8.666204444146963E-002
  5.612488758809064E-002
 -4.807853637252890E-002
 -4.436584403220767E-002
 -2.027254764514286E-002
  2.822473279139404E-002
 -9.993656156530495E-002
 -0.102023548575289     
 -0.102044548421074     
 -5.058545366954537E-002
 -8.768169206191168E-003
  2.354293613613745E-002
 -1.031924478181701E-002
 -3.194076303750837E-002
 -3.389939916659035E-002
 -3.578235914074046E-002
 -3.704807193176762E-002
 -1.098963415258059E-002
 -1.365377233883081E-002
 -3.710622106130046E-002
 -3.607922318692758E-002
 -3.406150655787066E-002
 -3.278153840291864E-002
 -1.330190896140948E-002
  4.094949287033445E-002
  3.907943489402543E-002
  4.138497528367147E-002
  3.958392882321948E-002
  4.606789556969781E-002
  4.736324307895345E-002
  4.647221238286303E-002
  4.541985832167272E-002
  3.647136949611418E-002
  3.338788602848664E-002
  3.088489621905399E-002
  3.076514679462328E-002
  3.325991896035674E-002
  3.653849296474110E-002
  3.337892906876794E-002
  3.508553843559536E-002
  3.525547612382229E-002
  4.707465132438149E-002
  4.086013199458860E-002
  4.100709207846287E-002
  4.037069845121499E-002
  3.907669232898614E-002
  3.863697133701660E-002
  4.035069057494478E-002
  4.083800051972952E-002
  4.140565766590953E-002
  4.740562390093550E-002
  3.919763413474053E-002
  4.137786729912241E-002
  4.084564638279509E-002
  3.955189480910326E-002
  4.610518290548449E-002
  4.649746614443817E-002
  4.542095838863236E-002
  3.338293584102991E-002
  3.525777320070300E-002
  3.508108348973837E-002
  3.338699797615208E-002
  3.646899028224770E-002
  3.088421779023987E-002
  3.076618832325073E-002
  3.653679590028125E-002
  3.326335641643297E-002
  4.706140368886580E-002
  4.085437783124735E-002
  4.100230636987579E-002
  4.036631622791187E-002
  3.905994942140711E-002
  3.865267393674243E-002
  4.035233694934715E-002
  4.084491025826587E-002
  4.139618200851314E-002
