           2           1   2.82306875568631     
           3           2   1.05895124629107     
           4           3   1.35559567272158     
           5           4   1.41913967374297     
           6           5   1.44736274908205     
           7           6   1.34790828651103     
           8           3   1.29382682013004     
           8           7   1.29451321766184     
           9           8   1.07703247963828     
          10           9   1.07153146133386     
          11          10   1.36273826407405     
          12          11   1.47954899500209     
          13          12   1.31739744412698     
          14          13   1.04847844923588     
          15          14   1.34248093257823     
          16          15   1.34267410806830     
          17          16   1.04472152647952     
          18          17   1.35579041331341     
          19          18   1.45080167150927     
          20          19   1.42049430234461     
          21          20   1.42052494251694     
          22          17   1.35589424468362     
          22          21   1.45076507419126     
          23          16   1.34364071082024     
          24          23   1.34404333324884     
          25          24   1.04394810398385     
          26          25   1.35625847317790     
          27          26   1.45046808589528     
          28          27   1.42077273390466     
          29          28   1.42043746755169     
          30          25   1.35618008940897     
          30          29   1.45079778644930     
          31          14   1.33930141135468     
          31          24   1.34405641663430     
          32          13   1.38283423723738     
          33           7   1.07721462881078     
          33          10   1.27904647239044     
          33          32   1.36842789142235     
          34           4  0.943800516315023     
          35           5  0.942838022933779     
          36           6  0.943985175941400     
          37          11  0.943881670776373     
          38          12  0.942404330682961     
          39          18  0.945765038351559     
          40          19  0.946500482144338     
          41          20  0.947269707438503     
          42          21  0.946502199633582     
          43          22  0.945813282436890     
          44          26  0.945738593932094     
          45          27  0.946498380470572     
          46          28  0.947260109574027     
          47          29  0.946544110471633     
          48          30  0.945882055800167     
          49          32  0.941970424155769     
