           2           1   1.73998955760559     
           3           2   1.02109668057890     
           4           3   1.33272884731387     
           5           4   1.47888872014172     
           6           5   1.38337706577052     
           7           6   1.46820462053535     
           8           3   1.30742274904807     
           8           7   1.35825868713754     
           9           8   1.04273647700815     
          10           9   1.04385785936471     
          11          10   1.36976882172899     
          12          11   1.40576727702401     
          13          12   1.00257985920974     
          14          13   1.37361900158030     
          15          14   1.39023631928618     
          16          15  0.976999452806546     
          17          16   1.05341069877699     
          18          17   1.37037849680541     
          19          18   1.45116684397559     
          20          19   1.39482625277663     
          21          20   1.46011689895860     
          22          17   1.26541640830175     
          22          21   1.35369999694467     
          23          22   1.08713069461074     
          24          23   1.35334326680373     
          25          24   1.46042335146679     
          26          25   1.39448013683981     
          27          26   1.45156314882400     
          28          16   1.05379526462200     
          28          23   1.26582188016132     
          28          27   1.36983273647409     
          29          15   1.38378408780442     
          30          29   1.38315384583569     
          31          30  0.976997864180202     
          32          31   1.05413506696047     
          33          32   1.36984597639764     
          34          33   1.45144822075005     
          35          34   1.39451959384308     
          36          35   1.46029564844242     
          37          32   1.26564534050113     
          37          36   1.35348339161858     
          38          37   1.08716523552084     
          39          38   1.35358155318288     
          40          39   1.46024372195056     
          41          40   1.39479473754488     
          42          41   1.45121974885869     
          43          31   1.05318000684983     
          43          38   1.26559155403287     
          43          42   1.37037215099238     
          44          13   1.37280556864741     
          44          30   1.39070659720659     
          45          12   1.32421698365154     
          46          45   1.49348184669373     
          47           2   1.02472027851643     
          47          10   1.30037840230528     
          47          46   1.32482006908196     
          48           4  0.943388027281838     
          49           5  0.944860520520637     
          50           6  0.945531456415455     
          51           7  0.946638525217236     
          52          11  0.944993692119227     
          53          14  0.943325048303456     
          54          18  0.943631244564223     
          55          19  0.944683997509902     
          56          20  0.945009881277173     
          57          21  0.944680550990681     
          58          24  0.944700169077621     
          59          25  0.945003207575108     
          60          26  0.944692415669951     
          61          27  0.943667615689827     
          62          29  0.943458164676653     
          63          33  0.943574470419699     
          64          34  0.944775098160649     
          65          35  0.945015778446774     
          66          36  0.944670580961767     
          67          39  0.944690161319507     
          68          40  0.944996003242200     
          69          41  0.944644520119895     
          70          42  0.943599488495041     
          71          44  0.943475873421967     
          72          45  0.943394388927523     
          73          46  0.941086859533863     
