 -3.068586529884865E-002
 -2.487546396504570E-002
 -2.548692074667613E-002
  2.638591777781674E-002
  0.111978364440365     
 -0.213564339145524     
  0.111971252377406     
  2.638890719326303E-002
 -2.549127418441088E-002
 -2.487540741392635E-002
 -3.068507836003320E-002
 -2.473483445145597E-002
 -2.559362134099530E-002
 -0.215227908271998     
  0.117065561802814     
  3.505909535558427E-002
 -3.221942134000599E-002
  7.411412062471356E-002
 -9.328120615091517E-002
  3.617141442030736E-002
 -4.273331666138080E-002
 -3.890295352619511E-002
 -4.825161139328493E-002
 -3.652796544398651E-002
 -2.792386377630685E-002
 -2.748728437965653E-002
 -3.614306933518918E-002
 -4.774282935530128E-002
 -3.877433571052613E-002
 -4.405989835044366E-002
  3.550710274270097E-002
 -3.816874633348988E-002
  7.411333136893505E-002
 -9.327855163019461E-002
  3.618452485041646E-002
 -4.272730937102853E-002
 -3.890550053566511E-002
 -4.825143694845124E-002
 -3.652676949993516E-002
 -2.792481804149904E-002
 -2.748774977895074E-002
 -3.614302400222957E-002
 -4.774509702861174E-002
 -3.877536806363402E-002
 -4.406361856982510E-002
  3.549366834453638E-002
 -3.222309537887913E-002
 -0.215239323411179     
 -2.560001559112113E-002
 -2.473718318497120E-002
  4.180450980410388E-002
  4.074005843986395E-002
  4.583643649532620E-002
  4.583989953734890E-002
  4.074026710612866E-002
  4.180707728613131E-002
  4.086178388751993E-002
  4.596499731830250E-002
  5.207886191690447E-002
  4.217279817100950E-002
  4.348952859938304E-002
  3.999256814382923E-002
  4.212630506973281E-002
  4.220778149962467E-002
  4.025982843113496E-002
  4.368606013429088E-002
  4.116308197586771E-002
  4.785836755099104E-002
  4.216917987341451E-002
  4.348663811173714E-002
  3.999361166517890E-002
  4.212744202706753E-002
  4.220939997070883E-002
  4.025648768074808E-002
  4.368974636554157E-002
  4.116661854035719E-002
  5.207820857365242E-002
  4.596633558736496E-002
  4.085893490959525E-002
