           2           1  0.990227272503523     
           3           2   1.38351886169729     
           4           3   1.43326927486463     
           5           4   1.43686183264722     
           6           5   1.37382906673980     
           7           6  0.994762183596280     
           8           7  0.996788434163294     
           9           8   1.37234449461748     
          10           9   1.43791393750091     
          11          10   1.43198983745762     
          12          11   1.38443809363059     
          13          12  0.990264480627222     
          14           8   1.36966142909578     
          14          12   1.41389378567140     
          15           7  0.998914702028639     
          16          15   1.37416679478100     
          17          16   1.37008250433666     
          18          17   1.28034875021790     
          19          18   1.27788322993794     
          20          15   1.36729852759903     
          20          19   1.37710246299030     
          21          19   1.05814041842183     
          22          21  0.936060111554181     
          23          22   1.39117770894905     
          24          23   1.43424275735549     
          25          24   1.42902586718550     
          26          25   1.43172434952924     
          27          22   1.39660630832284     
          27          26   1.43140871971678     
          28          21   1.06158858049265     
          29          28   1.37712402420023     
          30          29   1.37722337517911     
          31          30   1.25951731427508     
          32          31   1.39272401975827     
          33          28   1.25973302226347     
          33          32   1.39172616858863     
          34          18   1.04946391882824     
          34          33  0.982433076938137     
          35          34  0.983376986369534     
          36          35   1.35244554199456     
          37          36   1.47661690033944     
          38          37   1.34094676881430     
          39          38  0.990094128826279     
          40          38   1.44422640862677     
          41          35   1.30784892335713     
          41          40   1.33453193095972     
          42          17   1.06306030526705     
          42          41   1.05850778463616     
          43          42  0.935646889533997     
          44          43   1.39270616551366     
          45          44   1.42770718394025     
          46          45   1.43768303627081     
          47          46   1.39105358205344     
          48          47  0.991079482780042     
          49          43   1.39519886057098     
          49          47   1.40095461134918     
          50          31  0.981855480262559     
          51          50  0.983521186941637     
          52          51   1.35258757957755     
          53          52   1.47644198891817     
          54          53   1.34107198957766     
          55          54  0.990085095137178     
          56          54   1.44413441110398     
          57          51   1.30766732897246     
          57          56   1.33457876023968     
          58          57   1.05860135385103     
          59          58  0.935790472948644     
          60          59   1.39941524492353     
          61          60   1.42380435057511     
          62          61   1.44172071768145     
          63          62   1.38717287237871     
          64          63  0.990992584141443     
          65          59   1.38808288188613     
          65          63   1.40516627930595     
          66          58   1.06339852217146     
          67          66   1.36966370638262     
          68          67   1.37403933145614     
          69          68   1.00007630783720     
          70          69  0.994965823558314     
          71          70   1.37377899942672     
          72          71   1.43679861970189     
          73          72   1.43310653914212     
          74          73   1.38366156549943     
          75          74  0.990257158221897     
          76          70   1.36937795055568     
          76          74   1.41450286671085     
          77          69  0.995568438782726     
          78          77   1.37234426251738     
          79          78   1.43806435558008     
          80          79   1.43171422725556     
          81          80   1.38486224189560     
          82          81  0.990217417274102     
          83          77   1.37030352621126     
          83          81   1.41353656219896     
          84          68   1.36661628492127     
          85          84   1.37739601800884     
          86          50   1.04964250271177     
          86          66   1.28033230074221     
          86          85   1.27794888750863     
          87          30   1.06165765717092     
          87          85   1.05785634446371     
          88          87  0.936274093867800     
          89          88   1.39136406902454     
          90          89   1.43427070409749     
          91          90   1.42911849122190     
          92          91   1.43154512887304     
          93          88   1.39617803652861     
          93          92   1.43156110098075     
          94           2   1.41481210778315     
          94           6   1.36908171687267     
          95           1  0.978840639503557     
          96           1  0.972738274383621     
          97           1  0.971365555908036     
          98           3  0.946592754202477     
          99           4  0.943279609073753     
         100           5  0.944850084159087     
         101           9  0.945069634913543     
         102          10  0.943341913458350     
         103          11  0.946434809289383     
         104          13  0.974784689376759     
         105          13  0.969779925149161     
         106          13  0.978363679135145     
         107          14  0.944354891975230     
         108          16  0.937196710234124     
         109          20  0.937663831339204     
         110          23  0.947366089022660     
         111          24  0.945057863356956     
         112          25  0.946113297104940     
         113          26  0.945206434676073     
         114          27  0.947446847113985     
         115          29  0.929839894281146     
         116          32  0.928065384252201     
         117          36  0.936795618401339     
         118          37  0.943657471413654     
         119          39  0.970946328579940     
         120          39  0.978716276449336     
         121          39  0.971398391103579     
         122          40  0.937603932439637     
         123          44  0.946174331122734     
         124          45  0.943116707459583     
         125          46  0.945981128232025     
         126          48  0.969815327526596     
         127          48  0.973628127648540     
         128          48  0.978539059194673     
         129          49  0.945852825624970     
         130          52  0.936818100912560     
         131          53  0.943663977012538     
         132          55  0.971173982653854     
         133          55  0.971173794796172     
         134          55  0.978716755607704     
         135          56  0.937571365627716     
         136          60  0.946190865338947     
         137          61  0.943165696246234     
         138          62  0.946084485176002     
         139          64  0.971259271871210     
         140          64  0.971914817652561     
         141          64  0.978850958413855     
         142          65  0.945745120126432     
         143          67  0.937223521019829     
         144          71  0.945085134214080     
         145          72  0.943334903815394     
         146          73  0.946497276576972     
         147          75  0.970206876234197     
         148          75  0.974131124738356     
         149          75  0.978566513601023     
         150          76  0.944370778996900     
         151          78  0.944750896039968     
         152          79  0.943293071468305     
         153          80  0.946466212451900     
         154          82  0.970027424648827     
         155          82  0.974485969191837     
         156          82  0.978491283510156     
         157          83  0.944584899635341     
         158          84  0.937388801047409     
         159          89  0.947396526796163     
         160          90  0.945124575574262     
         161          91  0.946127554890836     
         162          92  0.945144383409459     
         163          93  0.947420072080244     
         164          94  0.944430749964375     
