           2           1   1.42031246529518     
           3           2   1.44865957257852     
           4           3   1.35596495101313     
           5           4   1.02813908609454     
           6           5   1.55054047537151     
           7           6   1.17465269496007     
           8           7   1.13200263756075     
           9           8   1.30900088860803     
          10           9   1.49944103780742     
          11          10   1.35790381761724     
          12          11   1.49606519533300     
          13           8   1.26609660968436     
          13          12   1.31883777861150     
          14          13   1.10826799798822     
          15          14   1.32548397345893     
          16          15   1.49069085698521     
          17          16   1.36011091989605     
          18          17   1.49761496876113     
          19          14   1.24911888625447     
          19          18   1.30467804434071     
          20           7   1.38522429484838     
          20          19   1.15325625614689     
          21           5   1.12159547313710     
          21          20   1.08330849211727     
          22          21  0.948125772162880     
          23          22   1.39381347265812     
          24          23   1.43133691693474     
          25          24   1.43200035817456     
          26          25   1.42701599994196     
          27          22   1.38250249095006     
          27          26   1.43566948035397     
          28           4   1.36496237382170     
          29           1   1.42529703922720     
          29          28   1.44294620326219     
          30           1  0.946951108763611     
          31           2  0.945627558610660     
          32           3  0.946480254259271     
          33           9  0.944897587289442     
          34          10  0.945391734308952     
          35          11  0.945714084096825     
          36          12  0.942181025008525     
          37          15  0.941152901738231     
          38          16  0.945431558425339     
          39          17  0.945176678299893     
          40          18  0.938378678823837     
          41          23  0.947002117549209     
          42          24  0.944868393695014     
          43          25  0.945931819104809     
          44          26  0.944784976200808     
          45          27  0.947068704754934     
          46          28  0.943771861657136     
          47          29  0.946040060143821     
