 -8.814831464683337E-002
 -1.907058050828159E-002
 -8.818098297147614E-002
  0.147590189371915     
 -0.207263288676549     
 -1.944651826769306E-002
 -1.809454484726025E-002
  1.283729800958477E-002
 -3.595924408967832E-003
 -3.320176319073198E-002
 -2.992441459215822E-002
  5.866315504799502E-002
 -0.131781082450726     
  4.510715999374959E-002
 -5.776758094676016E-002
 -4.318944356874699E-002
 -4.865365769878238E-002
 -4.735464346577256E-002
  7.313429969202723E-002
 -0.140074081589621     
  7.341546843728208E-002
 -4.690840130931040E-002
 -4.957081307825018E-002
 -4.432781541277375E-002
 -5.680236226615598E-002
  4.684064422105561E-002
 -2.876672861340701E-002
 -3.387839989463348E-002
  1.280585004806989E-002
 -3.310676039807170E-003
 -3.380800279166785E-002
 -2.839285054423701E-002
  5.867213719286957E-002
 -0.132329363658777     
  4.689892326260781E-002
 -5.679716283430825E-002
 -4.428962665533476E-002
 -4.968629490610521E-002
 -4.690573173641788E-002
  7.331445438911377E-002
 -0.140221538443760     
  7.306987027549994E-002
 -4.735753448187108E-002
 -4.872492742683932E-002
 -4.315787115491343E-002
 -5.781559878739717E-002
  4.516494644981117E-002
 -2.962957898450824E-002
 -3.310503309826807E-002
 -1.814108442398243E-002
 -1.946427061073841E-002
  0.147589365987486     
 -0.207300353266747     
  3.924081980552696E-002
  3.928630491526475E-002
  3.642013020797008E-002
  3.924580973860581E-002
  3.929005526458274E-002
  3.640872639524750E-002
  5.053066919632654E-002
  4.520525753635196E-002
  4.334303040843956E-002
  4.244164033413333E-002
  4.510983193688867E-002
  4.285279701057609E-002
  4.046742372591283E-002
  4.074141071814041E-002
  4.248467172633641E-002
  4.345526647176745E-002
  4.201991004988848E-002
  4.324291018672644E-002
  4.393294302024331E-002
  4.401055003300125E-002
  4.319871499390138E-002
  4.187311083164846E-002
  4.345607049472133E-002
  4.246713888990328E-002
  4.073931288634425E-002
  4.047154051656088E-002
  4.285061601571161E-002
  4.494694616092254E-002
  4.234588467984712E-002
  4.335649248667084E-002
  4.533135905949215E-002
  5.056773417383664E-002
