           2           1   1.82951790769264     
           3           2  0.978084320786066     
           4           3   1.34443572802156     
           5           4   1.44835457508888     
           6           5   1.42225142962624     
           7           6   1.40864106979186     
           8           3   1.35115859501972     
           8           7   1.42634781029338     
           9           8  0.753731303729544     
          10           9   1.76992784086891     
          11           9   1.76639900404628     
          12           9  0.757822056940893     
          13          12   1.41716208706273     
          14          13   1.42374921651617     
          15          14   1.36003795973343     
          16          15   1.00651152383753     
          17          16   1.36203560605708     
          18          17   1.45834563320452     
          19          18   1.36281034468829     
          20          19   1.00151352119129     
          21          20  0.999292928146755     
          22          21   1.36701860311312     
          23          22   1.44933879423837     
          24          23   1.38804408141612     
          25          24   1.00187348271441     
          26          24   1.38817838259283     
          27          21   1.36714426284829     
          27          26   1.44912973339513     
          28          20  0.998774129047645     
          29          28   1.36723790515524     
          30          29   1.44923068232745     
          31          30   1.38809037063209     
          32          31   1.00194920513644     
          33          31   1.38819418182270     
          34          28   1.36732639187562     
          34          33   1.44904093794013     
          35          19   1.36201786385490     
          36          16   1.36103642888440     
          36          35   1.45954441042131     
          37          15   1.38247382943030     
          38           2  0.975551406796098     
          38          12   1.34290152197622     
          38          37   1.35881016617818     
          39           4  0.940272018088878     
          40           5  0.940840655404919     
          41           6  0.941813656433650     
          42           7  0.943712395697853     
          43          13  0.941999749697247     
          44          14  0.940467110426991     
          45          17  0.943888686388721     
          46          18  0.944274218226761     
          47          22  0.944363432788774     
          48          23  0.941544352606824     
          49          26  0.941547099733104     
          50          27  0.944428480814387     
          51          29  0.944391466477226     
          52          30  0.941541857466822     
          53          33  0.941543350727116     
          54          34  0.944430553838466     
          55          35  0.944254176217893     
          56          36  0.943593168134572     
          57          37  0.938893031248224     
