 -2.382054234068853E-002
  2.195300219174845E-002
 -0.180797997976485     
  1.858568345464340E-002
  5.323040369896948E-003
 -2.572118600384421E-003
 -2.597306723450732E-002
  4.655579470220017E-002
 -0.188207497288744     
  5.010534992134374E-002
  5.452358954294301E-003
 -2.088994767377095E-002
 -2.417887854663636E-002
  6.102357424939520E-002
 -0.127892474223998     
  4.659120179648157E-002
 -5.668768153655446E-002
 -4.380250435128819E-002
 -4.776274782583823E-002
 -4.544075253526447E-002
  7.425266529450436E-002
 -0.140753861154167     
  7.389841001356601E-002
 -4.564313176120471E-002
 -4.775529177268645E-002
 -4.329772815817012E-002
 -5.535088995082926E-002
  4.624210529661577E-002
 -3.751851282177032E-002
  2.597315226699592E-003
  2.582783803721345E-003
 -3.764772697532770E-002
  6.101513398289882E-002
 -0.127733486544238     
  4.655839204623069E-002
 -5.667099295459188E-002
 -4.381712137085447E-002
 -4.771456033579557E-002
 -4.542420076546261E-002
  7.428517723458361E-002
 -0.140695088627611     
  7.393216175363504E-002
 -4.562456000115755E-002
 -4.774906072128982E-002
 -4.332304279245669E-002
 -5.533689467552794E-002
  4.630035393992271E-002
 -2.423919846101352E-002
 -2.090151813654373E-002
  5.384146406153700E-003
  5.011298745619364E-002
 -0.188229425681761     
  4.655774827403603E-002
 -2.593815793574894E-002
 -2.586016202338115E-003
  5.395849950809328E-003
 -1.834240270989351E-002
 -2.383898393734007E-002
  2.192605311589979E-002
 -0.180769690645989     
  1.860970909913151E-002
 -1.837755704817212E-002
  4.241202865387250E-002
  5.116438221278363E-002
  5.052900645250602E-002
  4.608378793971057E-002
  5.544948402461825E-002
  4.638649190365940E-002
  4.264195424207240E-002
  4.356111741883817E-002
  4.301273822503693E-002
  4.131139493227032E-002
  4.122177377971881E-002
  4.300686524044195E-002
  4.402950953412454E-002
  4.304984713912718E-002
  4.790150249954583E-002
  4.789629114708405E-002
  4.272115709856616E-002
  4.356073459672394E-002
  4.302450524039780E-002
  4.132145873570847E-002
  4.123241287509005E-002
  4.300754987181521E-002
  4.400744140062185E-002
  4.306587592958688E-002
  4.642009150202353E-002
  5.545098637317658E-002
  4.603793505148945E-002
  4.220942022932062E-002
  4.239654873909349E-002
  5.116465351867183E-002
  5.051774849066704E-002
  4.226761874305796E-002
