           2           1  0.989881262889234     
           3           2   1.36933921410016     
           4           3   1.44394133225960     
           5           4   1.37692497945132     
           6           5   1.25743912233331     
           7           2   1.41827409376128     
           7           6   1.35939104157725     
           8           6   1.08314767312510     
           9           8   1.32321433855464     
          10           9   1.37146784999698     
          11          10   1.24465734651597     
          12          11   1.32320391772126     
          13           8   1.24464530923234     
          13          12   1.37148459537849     
          14           5   1.04776039486696     
          14          13   1.03729463310331     
          15          14   1.01104172411417     
          16          15   1.36723660975928     
          17          16   1.44296152614275     
          18          17   1.38735608323854     
          19          18  0.937139253752864     
          20          19  0.976178536212612     
          21          19  0.965505629593920     
          22          19  0.966601095105987     
          23          18   1.38799143058038     
          24          15   1.33194576727171     
          24          23   1.41424638009280     
          25          12  0.934245057391070     
          25          24  0.912303457366671     
          26          25  0.918648571795345     
          27          26   1.43354471252195     
          28          27   1.40731841855180     
          29          28   1.43460895678973     
          30          29   1.42774155178291     
          31          26   1.30100641489504     
          31          30   1.38281308290393     
          32          31   1.02979112058825     
          33          32   1.38295456701857     
          34          33   1.42642856074153     
          35          34   1.43620981783211     
          36          35   1.40532912292519     
          37          25  0.929037306376012     
          37          32   1.29683173833646     
          37          36   1.43704074081598     
          38          11   1.08314719051012     
          39          38   1.35937521785391     
          40          39   1.41829075417644     
          41          40  0.989883635735585     
          42          40   1.36932214355051     
          43          42   1.44396027507891     
          44          38   1.25745176429353     
          44          43   1.37690612466808     
          45          10   1.03730222023878     
          45          44   1.04776668745775     
          46          45   1.01104492828379     
          47          46   1.36723248319629     
          48          47   1.44296800418774     
          49          48   1.38735183077516     
          50          49  0.937141232388058     
          51          50  0.966597661893594     
          52          50  0.976178368945502     
          53          50  0.965507934353152     
          54          49   1.38799297507308     
          55          46   1.33194926131334     
          55          54   1.41424392970662     
          56           9  0.934240350119329     
          56          55  0.912303952549666     
          57          56  0.918660879681748     
          58          57   1.43354508945805     
          59          58   1.40731957347517     
          60          59   1.43460719356770     
          61          60   1.42774557575209     
          62          57   1.30100965510805     
          62          61   1.38280475283381     
          63          62   1.02978935642673     
          64          63   1.38295620497548     
          65          64   1.42643063010029     
          66          65   1.43620478173037     
          67          66   1.40533700670254     
          68          56  0.929024701317378     
          68          63   1.29684007159981     
          68          67   1.43703083706331     
          69           1  0.977330358864240     
          70           1  0.977131990391145     
          71           1  0.970351943949974     
          72           3  0.943658254371452     
          73           4  0.938908981238506     
          74           7  0.931995388958786     
          75          16  0.937762011466609     
          76          17  0.941107165220985     
          77          20  0.977489766049861     
          78          20  0.977895549988509     
          79          20  0.978281302995359     
          80          21  0.978091650387706     
          81          21  0.976170921621029     
          82          21  0.978187019658286     
          83          22  0.978050975862387     
          84          22  0.978290217969055     
          85          22  0.975879884826367     
          86          23  0.937057187131386     
          87          27  0.945949559613193     
          88          28  0.945487656670039     
          89          29  0.945400880014517     
          90          30  0.945379118129863     
          91          33  0.945489896167058     
          92          34  0.945401297314113     
          93          35  0.945611036772820     
          94          36  0.945882150407261     
          95          39  0.931997704340928     
          96          41  0.977134510927556     
          97          41  0.970351731945738     
          98          41  0.977326980937633     
          99          42  0.943658722362460     
         100          43  0.938908542786441     
         101          47  0.937760217602020     
         102          48  0.941105447247325     
         103          51  0.978051826349606     
         104          51  0.975881988260669     
         105          51  0.978289303113440     
         106          52  0.977892918579870     
         107          52  0.977491087716730     
         108          52  0.978282376838030     
         109          53  0.978091292450535     
         110          53  0.978187759087738     
         111          53  0.976169119535357     
         112          54  0.937059159098746     
         113          58  0.945949507076773     
         114          59  0.945487715865684     
         115          60  0.945400912038080     
         116          61  0.945379114417071     
         117          64  0.945489485439581     
         118          65  0.945401370989322     
         119          66  0.945610464837527     
         120          67  0.945883439145596     
