           2           1   2.82587269437028     
           3           2   1.05420024161388     
           4           3   1.29638636932338     
           5           4  0.996068570346763     
           6           5   1.03714602875926     
           7           6   1.37693442041744     
           8           7   1.44477962805786     
           9           8   1.40077398635831     
          10           9   1.45603276748208     
          11           6   1.27078142230506     
          11          10   1.35661037299436     
          12          11   1.08098774954619     
          13          12   1.35635098488540     
          14          13   1.45639668404771     
          15          14   1.40042262377336     
          16          15   1.44435877050562     
          17           5   1.03480960665400     
          17          12   1.27049787284304     
          17          16   1.37595790600930     
          18           4   1.34173134754757     
          19          18  0.995982577466531     
          20          19   1.03733314153586     
          21          20   1.37690639415405     
          22          21   1.44477882783079     
          23          22   1.40080612464610     
          24          23   1.45597075347483     
          25          20   1.27067608437535     
          25          24   1.35666202716639     
          26          25   1.08098938493835     
          27          26   1.35631048805111     
          28          27   1.45644262920906     
          29          28   1.40037505048898     
          30          29   1.44442969581829     
          31          19   1.03473567308540     
          31          26   1.27052406586717     
          31          30   1.37591307257905     
          32          18   1.29614294642997     
          33          32   1.05400445687476     
          34          33   2.82615114166651     
          35          32   1.29813550814125     
          36          35  0.993082690182469     
          37          36   1.03258920965924     
          38          37   1.37783854967516     
          39          38   1.44346712406850     
          40          39   1.39948726459867     
          41          40   1.45761640738224     
          42          37   1.26661689018083     
          42          41   1.35232730942277     
          43          42   1.08773855897025     
          44          43   1.31046898138268     
          45          44   1.07221465176080     
          46          45   1.05508974663436     
          47          46   1.38087826961415     
          48          47   1.45211977005419     
          49          48   1.39239733940966     
          50          49   1.46765939560341     
          51          46   1.29150997796716     
          51          50   1.34145739347838     
          52          44   1.30030820935104     
          52          51   1.08521131704308     
          53          52   1.32116242654648     
          54          53   1.47896681832600     
          55          36   1.04442038904206     
          55          43   1.28032756653554     
          55          54   1.34178082928741     
          56           3   1.29709338908460     
          56          35   1.34067434125727     
          57          56  0.995073538841491     
          58          57   1.03317093416004     
          59          58   1.37692960709255     
          60          59   1.44374351580385     
          61          60   1.40092224140759     
          62          61   1.45590861215351     
          63          58   1.27040227116865     
          63          62   1.35673181939497     
          64          63   1.08075135469732     
          65          64   1.35657701859651     
          66          65   1.45597950911465     
          67          66   1.40082969075406     
          68          67   1.44470168412216     
          69          57   1.03638691127525     
          69          64   1.27107129162891     
          69          68   1.37674908705893     
          70           7  0.943080559537490     
          71           8  0.944530316914857     
          72           9  0.944918831816399     
          73          10  0.944726541989128     
          74          13  0.944648265246317     
          75          14  0.944792908722522     
          76          15  0.944562056200387     
          77          16  0.941641919181849     
          78          21  0.943109041335492     
          79          22  0.944536135833836     
          80          23  0.944920136320272     
          81          24  0.944730580653430     
          82          27  0.944650051787012     
          83          28  0.944791613733877     
          84          29  0.944552966298462     
          85          30  0.941718660415152     
          86          38  0.941328024158632     
          87          39  0.944465013742232     
          88          40  0.944635829406260     
          89          41  0.942776216782990     
          90          47  0.946096929910557     
          91          48  0.945588707776080     
          92          49  0.945259141633503     
          93          50  0.944948551614142     
          94          53  0.940654566719682     
          95          54  0.940278211885175     
          96          59  0.941515943833648     
          97          60  0.944546113250219     
          98          61  0.944775471747601     
          99          62  0.944579584696303     
         100          65  0.944674932114820     
         101          66  0.944871444288314     
         102          67  0.944488223792854     
         103          68  0.943353721822807     
