           2           1  0.983768458423434     
           3           2   1.08488862658284     
           4           3   1.58197462147898     
           5           4   1.12413960615746     
           6           5   1.71626085629132     
           7           5   1.00288648756044     
           8           7   1.06002157528518     
           9           8   1.39303267830768     
          10           9   1.38918049387631     
          11          10   1.22175606538927     
          12          11   1.40411226285644     
          13           3   1.08555965565606     
          13           8   1.25798806378938     
          13          12   1.35461867708191     
          14          11   1.08252990595952     
          15          14   1.35650945275267     
          16          15   1.45657097799172     
          17          16   1.39824108404189     
          18          17   1.44738747359143     
          19          14   1.26687118162571     
          19          18   1.37442435355871     
          20          10   1.07795644594507     
          20          19   1.04685533800571     
          21          20  0.967049959840868     
          22          21   1.38763047655319     
          23          22   1.43570224290439     
          24          23   1.42874306128644     
          25          24   1.42851822993784     
          26          21   1.38754181938519     
          26          25   1.43591377266961     
          27           1  0.989588741219118     
          28           1  0.980755306754600     
          29           1  0.980748210032515     
          30           4  0.939458885958791     
          31           9  0.941916849194851     
          32          12  0.940370629794347     
          33          15  0.944802504831197     
          34          16  0.944937359436377     
          35          17  0.944689538580062     
          36          18  0.943758710302906     
          37          22  0.946720338690003     
          38          23  0.945178318298478     
          39          24  0.946136024694126     
          40          25  0.945115093800140     
          41          26  0.946683519598796     
