 -3.444613797241836E-002
 -3.118802867405357E-002
 -4.029699892576222E-002
  1.380261102742253E-002
  5.219031467604829E-002
 -3.782141247725601E-002
  8.596696562429340E-003
 -2.035161995226353E-003
 -3.885973818167532E-002
 -3.123069523444943E-002
 -3.371724382939512E-002
 -3.083842439155404E-002
 -3.724901627526833E-002
 -6.051345288362597E-004
 -4.629927601884454E-002
  6.094852473064494E-002
 -0.128737710918827     
  4.760365479935524E-002
 -5.711346436909182E-002
 -4.488303804437344E-002
 -4.989098443928874E-002
 -4.684702684500408E-002
  7.297445465214425E-002
 -0.142646239118193     
  7.262462981373119E-002
 -4.687650183729275E-002
 -4.957821398781359E-002
 -4.401796855006079E-002
 -5.570526820053789E-002
  4.708265500677378E-002
 -2.948472387974466E-002
 -1.648592186199327E-002
  3.815860646819003E-002
 -0.201108686662151     
 -2.690508356087395E-002
 -2.894810303274120E-002
  3.953821106482425E-002
  3.920837280371336E-002
  3.894323614676376E-002
  4.187188994371560E-002
  3.762966776288534E-002
  3.952356821415459E-002
  3.936490908560741E-002
  3.999235547159696E-002
  3.959279509216485E-002
  4.448776468539040E-002
  4.279491766342158E-002
  4.323160895959277E-002
  4.240574171836098E-002
  4.084471800622724E-002
  4.072071922552900E-002
  4.245343660226619E-002
  4.370257991762583E-002
  4.337853181068219E-002
  4.736116648367616E-002
  4.898582064989165E-002
  4.394761547815262E-002
  3.985442928967076E-002
