           2           1   1.43949230740040     
           3           2   1.36936623398031     
           4           3  0.999743254833735     
           5           4   1.37047872682320     
           6           5   1.43833759229554     
           7           6   1.43087621987459     
           8           7   1.38107939544143     
           9           8  0.968082823480237     
          10           9   1.04798372174732     
          11          10   1.37353188446118     
          12          11   1.45010860354207     
          13          12   1.39487306269188     
          14          13   1.46027035239046     
          15          10   1.26535909713147     
          15          14   1.35178372757212     
          16          15   1.08891924019719     
          17          16   1.37628411155978     
          18          17   1.42031092633876     
          19          18   1.42595210358359     
          20          19   1.40941344346433     
          21           9   1.10171835850315     
          21          16   1.22723253680155     
          21          20   1.36315282731829     
          22           4   1.37711416710553     
          22           8   1.39620838589529     
          23           3   1.37830812334842     
          24          23   1.39661421089971     
          25          24  0.969199008507449     
          26          25   1.04766273535756     
          27          26   1.37386839557593     
          28          27   1.44956028633880     
          29          28   1.39532127566121     
          30          29   1.46001255604097     
          31          26   1.26548516391515     
          31          30   1.35204172161899     
          32          31   1.08848590331036     
          33          32   1.37569785652845     
          34          33   1.42067902462156     
          35          34   1.42586811330045     
          36          35   1.40957891512213     
          37          25   1.09990127096125     
          37          32   1.22866588153472     
          37          36   1.36314709170511     
          38           1   1.42967661135347     
          38          24   1.37993947206364     
          39           1  0.943110299498351     
          40           2  0.944937248072254     
          41           5  0.945120738996775     
          42           6  0.943068123521170     
          43           7  0.945429685012904     
          44          11  0.942993589373525     
          45          12  0.944604740360717     
          46          13  0.944924784373513     
          47          14  0.944752532005065     
          48          17  0.942924956021849     
          49          18  0.945603394633841     
          50          19  0.947629701827251     
          51          22  0.944497831924515     
          52          23  0.944356211559139     
          53          27  0.943345221663353     
          54          28  0.944655635891094     
          55          29  0.944812648020062     
          56          30  0.944674602563146     
          57          33  0.942942619833970     
          58          34  0.945562480328921     
          59          35  0.947464820149819     
          60          38  0.945534964624147     
