           2           1  0.969492695754858     
           3           2  0.959974982388364     
           4           2  0.932399351370360     
           5           4   1.35198349504807     
           6           5   1.47159809536704     
           7           6   1.35305007588982     
           8           7   1.31645511696496     
           9           4   1.42586613215092     
           9           8   1.35981806177532     
          10           8  0.971796785088077     
          11          10  0.970937557963098     
          12          11   1.35325700635781     
          13          12   1.47203194908120     
          14          13   1.34273456313467     
          15          14  0.958216899234021     
          16          15   1.02502625882230     
          17          16   1.35770942512677     
          18          17   1.44957393927689     
          19          18   1.41614126625108     
          20          19   1.43120870599330     
          21          16   1.33327395481799     
          21          20   1.40149762735636     
          22          21  0.947003490023246     
          23          22  0.952921023645879     
          24          22  0.953832427715693     
          25          22  0.947431593726949     
          26          25   1.40062684811764     
          27          26   1.43293184492632     
          28          27   1.41411494882952     
          29          28   1.45271521977724     
          30          15   1.02942713476472     
          30          25   1.33364549301596     
          30          29   1.35449352040805     
          31          14   1.42142469069551     
          32          11   1.31302634749623     
          32          31   1.35662964318166     
          33          32   1.04096907494854     
          34          33   1.04560480331530     
          35          34   1.37727857263548     
          36          35   1.42895166323010     
          37          36   1.43438009103996     
          38          37   1.37397387560153     
          39          10   1.01796010926622     
          39          34   1.30042761657826     
          39          38   1.30038175052330     
          40           7   1.04001845740934     
          40          38   1.05159162925672     
          41           2  0.927273887716411     
          42          41   1.35719808778253     
          43          42   1.46429235962067     
          44          43   1.35851351731330     
          45          44   1.31483280746743     
          46          41   1.42077810609263     
          46          45   1.36943983900265     
          47          45  0.967426337805392     
          48          47  0.996015529105652     
          49          48   1.34244918279575     
          50          49   1.49053411562659     
          51          50   1.31129018820143     
          52          51   1.04529478751528     
          53          52  0.980096223722657     
          54          53   1.38794047749197     
          55          54   1.42736657099361     
          56          55   1.43059555474444     
          57          56   1.42387984170621     
          58          53   1.33637533331039     
          58          57   1.40641831542639     
          59          58  0.938022848392007     
          60          59  0.973605481809782     
          61          59  0.950740390346688     
          62          59  0.938410264653507     
          63          62   1.39957146881989     
          64          63   1.43075184723451     
          65          64   1.42224387478343     
          66          65   1.43805603094219     
          67          52  0.978455068723734     
          67          62   1.34480184674304     
          67          66   1.38173523091852     
          68          51   1.37568521821544     
          69          48   1.29605687489482     
          69          68   1.38917888618828     
          70          69   1.03682583536317     
          71          70   1.04889818239727     
          72          71   1.37568667983969     
          73          72   1.43216435113589     
          74          73   1.43140386775509     
          75          74   1.37678917134654     
          76          47   1.01581552184906     
          76          71   1.30209351981887     
          76          75   1.30210400621761     
          77          44   1.03835173000714     
          77          75   1.04718652731164     
          78           1  0.975751286676810     
          79           1  0.976351218330682     
          80           1  0.978895663511595     
          81           3  0.977762157343765     
          82           3  0.977149434790198     
          83           3  0.974569364470575     
          84           5  0.942269160052046     
          85           6  0.943313959558856     
          86           9  0.938716523503261     
          87          12  0.937254557596137     
          88          13  0.942702256575878     
          89          17  0.935299742785250     
          90          18  0.942058806525812     
          91          19  0.944498228763767     
          92          20  0.942188442143924     
          93          23  0.976384174823146     
          94          23  0.975842187082307     
          95          23  0.976006550207351     
          96          24  0.977603224608777     
          97          24  0.975591217010142     
          98          24  0.975538202975166     
          99          26  0.942308326377612     
         100          27  0.944802271859055     
         101          28  0.943909832535311     
         102          29  0.940886994292186     
         103          31  0.943933156561774     
         104          35  0.945161363129922     
         105          36  0.943267864356587     
         106          37  0.945146092453318     
         107          42  0.943066204481956     
         108          43  0.943437095917191     
         109          46  0.935045017611429     
         110          49  0.937143523371377     
         111          50  0.935515094110892     
         112          54  0.935145019611139     
         113          55  0.941185163339220     
         114          56  0.944292632952675     
         115          57  0.942822376261600     
         116          60  0.978373488220273     
         117          60  0.977409048051596     
         118          60  0.977462759632610     
         119          61  0.978118618308021     
         120          61  0.975262848758053     
         121          61  0.978150320013917     
         122          63  0.943099668121660     
         123          64  0.944417045953653     
         124          65  0.942271207940546     
         125          66  0.943873662567310     
         126          68  0.940518044609952     
         127          72  0.945247362017414     
         128          73  0.943444321206856     
         129          74  0.945326300927157     
