           2           1   2.83065598580732     
           3           2   1.05400668948932     
           4           3   1.45511400879225     
           5           4   1.28554777137214     
           6           5   1.23035079678597     
           7           6   1.51529311309933     
           8           7   1.01904276779909     
           9           8   1.36422641237997     
          10           9   1.44386971694696     
          11          10   1.42478988904860     
          12          11   1.42129116746433     
          13           8   1.36196559927044     
          13          12   1.44778718716729     
          14           7   1.13592040372377     
          15          14   1.02333095630208     
          16          15   1.35536969991361     
          17          16   1.45689618191294     
          18          17   1.37038684318576     
          19          18  0.977012767746328     
          20          19   1.04063464810489     
          21          20   1.37725616429938     
          22          21   1.44564474054920     
          23          22   1.39723040140064     
          24          23   1.45892419609296     
          25          20   1.26315617670546     
          25          24   1.34654900629785     
          26          25   1.09208356096607     
          27          26   1.26691616363682     
          28          27   1.29036857383699     
          29          28   1.09267178327992     
          30          29   1.34590770168174     
          31          30   1.46083811998912     
          32          31   1.39489662890059     
          33          32   1.44886648257345     
          34          29   1.26232914042903     
          34          33   1.37407457821537     
          35          27   1.07148775889141     
          35          34   1.04678541920285     
          36          35  0.965072098675746     
          37          36   1.38165320117169     
          38          37   1.43744835581838     
          39          38   1.42716841917144     
          40          39   1.42976019449688     
          41          36   1.38579792531450     
          41          40   1.43360036675395     
          42          28   1.27267092802935     
          43          42   1.28761387595671     
          44          43   1.09367882194923     
          45          44   1.34462351738214     
          46          45   1.45970851178953     
          47          46   1.39534247403664     
          48          47   1.44729072810275     
          49          44   1.26094416102286     
          49          48   1.37516046489587     
          50          42   1.06779867092687     
          50          49   1.04713932786209     
          51          50  0.968141953049092     
          52          51   1.38419389432316     
          53          52   1.43394805599333     
          54          53   1.42964188170724     
          55          54   1.42677603441585     
          56          51   1.37993603724617     
          56          55   1.43810501277622     
          57          19   1.06265382351231     
          57          26   1.29435096814090     
          57          43   1.27348153401653     
          58          18   1.36867942440508     
          59          15   1.35648650722528     
          59          58   1.45422180679632     
          60          14   1.51084074932252     
          61           5   1.19317465814295     
          61          60   1.23224254395624     
          62          61   1.28421057792874     
          63           3   1.17113660831060     
          63          62   1.45603166632282     
          64          63   1.05366136014352     
          65          64   2.83098681531760     
          66           4  0.939576688007805     
          67           9  0.946882488052081     
          68          10  0.945955646412327     
          69          11  0.947239940919672     
          70          12  0.946003954212126     
          71          13  0.945218595231015     
          72          16  0.942254983112947     
          73          17  0.944265488355406     
          74          21  0.942376559911643     
          75          22  0.944724559270332     
          76          23  0.944514826483541     
          77          24  0.937255066217581     
          78          30  0.936328798937962     
          79          31  0.944591758481365     
          80          32  0.944712212335420     
          81          33  0.942537754596614     
          82          37  0.946650868941138     
          83          38  0.945095007003600     
          84          39  0.946265725521457     
          85          40  0.945243107583888     
          86          41  0.946720825338309     
          87          45  0.939209085649090     
          88          46  0.944486381126109     
          89          47  0.944668040897920     
          90          48  0.942340483192224     
          91          52  0.946400529208652     
          92          53  0.945195224167872     
          93          54  0.946270072653881     
          94          55  0.945106993708575     
          95          56  0.946752654138264     
          96          58  0.943622378457416     
          97          59  0.943453777015717     
          98          62  0.939563369136221     
