 -9.113327541491145E-002
 -4.864871517911418E-002
 -6.473617754004835E-002
 -5.842759138498188E-002
 -4.567982984283336E-002
  3.102481080222841E-002
 -0.156970272759735     
  7.501891297605834E-002
 -5.902908817884800E-002
 -3.690389311216968E-002
 -3.799211868961017E-002
 -3.861266752623127E-002
 -3.682168723644796E-002
 -5.777333554132191E-002
  7.544593331337079E-002
 -0.151642213652743     
  2.935341004845249E-002
 -4.820520681699580E-002
 -4.916060676181999E-002
 -6.424329643653159E-002
 -5.025807185430597E-002
 -9.091424789828917E-002
 -6.785606466778482E-002
  3.299562214665563E-002
 -9.828948013334315E-002
  8.213009711095554E-002
 -3.198024091030582E-002
  2.665445885122919E-002
 -0.201529194232484     
  5.101308724223008E-002
  2.533218736933041E-002
 -1.072258862087772E-002
 -1.493833519353061E-002
  0.105812393567350     
 -0.109946395730876     
  2.149743220621270E-002
  0.103536743133544     
 -0.203935479203157     
  9.931789336136987E-002
 -0.110445259746151     
 -3.293403634791581E-002
  3.292356052083223E-002
 -6.861348439256165E-002
  2.774650486500951E-002
  3.513210649388465E-002
  3.030272866616424E-002
  2.592026590726293E-002
  2.697356990983701E-002
  2.463513608451895E-002
  2.304665609098222E-002
  3.068051141075212E-002
  3.106227023788855E-002
  3.545217648736565E-002
  3.461615312684085E-002
  4.453246219322848E-002
  4.382357193325481E-002
  3.921484111185014E-002
  4.751663270743123E-002
  4.737715388651631E-002
  3.972766495397440E-002
  3.814426559430573E-002
  4.072673473624822E-002
  3.016656200686751E-002
  3.521282699402950E-002
  3.742915005944691E-002
  2.723030577192398E-002
  2.353477749062993E-002
  2.596567195289601E-002
  2.549876926080186E-002
  2.707009134573324E-002
  2.777065834051584E-002
  2.930536090820868E-002
  3.650684310656760E-002
  4.227182714334599E-002
  4.348246102502007E-002
  5.716497571289270E-002
  6.816716216268337E-002
  5.392622087930199E-002
  4.571198463586790E-002
  4.323925716200527E-002
