 -2.744851174306540E-002
 -4.135015756537630E-002
  4.139482009342998E-003
  5.381088887851604E-003
 -4.033133787718768E-002
 -2.696276712763535E-002
 -3.648189912717026E-002
  6.134005332050352E-002
 -9.514091757381404E-002
  3.591192812141974E-002
 -4.188562307828914E-002
 -3.651148334062615E-002
 -4.402506800942252E-002
 -2.549409210919773E-002
 -1.501955995774562E-002
  2.226010532699707E-002
 -0.185821564847745     
  5.920237896782865E-003
 -3.485705960063168E-002
 -2.916877137922480E-002
  3.819652604402002E-002
 -4.136808967599936E-002
 -4.174893143753788E-002
  6.331432297422701E-002
 -9.442129902930496E-002
  3.474104942116396E-002
 -4.522646518399576E-002
 -3.957903431251264E-002
 -4.869029333404029E-002
 -3.668085224189976E-002
 -2.878969986027613E-002
 -2.848135373272598E-002
 -3.645880103045318E-002
 -4.873095120512971E-002
 -4.001366768359471E-002
 -4.494955226454067E-002
  3.524570757980783E-002
 -3.532620215084936E-002
  4.632148993985696E-002
  4.064613961457719E-002
  4.121166679024368E-002
  4.663122896099203E-002
  4.191078031506279E-002
  4.167254170209989E-002
  4.542313599176051E-002
  4.140222590944043E-002
  4.785458337485249E-002
  5.095263514176451E-002
  4.278730929485275E-002
  4.121090216480716E-002
  4.125338371159404E-002
  4.055735452209708E-002
  4.062986706877036E-002
  4.396687304247815E-002
  4.018152421303878E-002
  4.202350148245748E-002
  4.213377453817713E-002
  4.011442846516766E-002
  4.306059219061154E-002
  4.026345195324366E-002
  4.230411450990246E-002
