           2           1   1.42297304826816     
           3           2   1.44610561447433     
           4           3   1.36318134576454     
           5           4   1.03263234540626     
           6           5   1.18341248951619     
           7           6   1.53223353867342     
           8           7   1.04767704296915     
           9           8   1.35682598872673     
          10           9   1.45316655293424     
          11          10   1.35989739289341     
          12          11   1.04641089318959     
          13          12  0.972994455818765     
          14          13  0.988175661528756     
          15          14  0.991689450039463     
          16          15  0.974241078512930     
          17          16  0.979610178289587     
          18          17   1.41379538689611     
          19          18   1.39154875258464     
          20          19   1.45976317263695     
          21          20   1.35052547793817     
          22          17   1.32431058085245     
          22          21   1.25906757220477     
          23          22   1.09621286886286     
          24          23   1.09309615348543     
          25          24   1.36372031461564     
          26          25   1.45565349306038     
          27          26   1.39056786449632     
          28          27   1.46209670543158     
          29          21   1.09102032125834     
          29          24   1.25847084078051     
          29          28   1.35097718983679     
          30          11   1.34678958371090     
          31           8   1.33385796668387     
          31          30   1.47857375787164     
          32           7   1.12593181418368     
          33          32  0.958909407816098     
          34          33   1.38796573121095     
          35          34   1.43378851873223     
          36          35   1.43037746588313     
          37          36   1.42672207172879     
          38          33   1.38348567895392     
          38          37   1.43785172254188     
          39           5   1.49666316605316     
          39          32   1.08967496854706     
          40          39   1.01472633030320     
          41          40   1.36146637764614     
          42          41   1.44556986150371     
          43          42   1.42150915808967     
          44          43   1.42696632332850     
          45          40   1.36763235193630     
          45          44   1.44014063887801     
          46           4   1.35907392425570     
          47           1   1.42187565492430     
          47          46   1.44772491575718     
          48           1  0.947493837656069     
          49           2  0.946534887954421     
          50           3  0.944843463143766     
          51           9  0.939277253874708     
          52          10  0.942052431793411     
          53          13  0.953696908604415     
          54          13  0.968474761477542     
          55          14  0.962405808833035     
          56          14  0.966536795945223     
          57          15  0.963361567343917     
          58          15  0.965659921236351     
          59          16  0.963339714884713     
          60          16  0.958307534252565     
          61          18  0.943697684371234     
          62          19  0.943834719424890     
          63          20  0.943932949466227     
          64          23  0.953614327724407     
          65          25  0.945511882019357     
          66          26  0.943325188609041     
          67          27  0.943857814476965     
          68          28  0.944724180688387     
          69          30  0.945767501675613     
          70          31  0.944371639408377     
          71          34  0.944567185074610     
          72          35  0.944999244931302     
          73          36  0.946114330917674     
          74          37  0.944984161041747     
          75          38  0.946681580018776     
          76          41  0.945855054459765     
          77          42  0.945692133188031     
          78          43  0.947201416906899     
          79          44  0.945918084019789     
          80          45  0.945819933617209     
          81          46  0.946324544695898     
          82          47  0.946379547920646     
