           2           1   1.43939066878101     
           3           2   1.41870506751224     
           4           3   1.39057161082970     
           5           4   1.30628784325992     
           6           1   1.41327062808550     
           6           5   1.40926851248194     
           7           5   1.00704885799988     
           8           7   1.00767479440423     
           9           8   1.40857342526766     
          10           9   1.41359968508752     
          11          10   1.43906339314480     
          12          11   1.41924068931457     
          13           8   1.30664705454153     
          13          12   1.38904491778911     
          14           4   1.00465049384898     
          14          13   1.00475763098596     
          15          14  0.977416718270362     
          16          15   1.48083564562177     
          17          16   1.34041150457262     
          18          17   1.45074137519381     
          19          18   1.18998517598908     
          20          19   1.19073609137180     
          21          20   1.46361872010269     
          22          21   1.32520189725469     
          23          22   1.53842646751405     
          24          15   1.19832477459256     
          24          19   1.26084599914302     
          24          23   1.24958547478214     
          25          20   1.05288359202916     
          26          25   1.52666410039821     
          27          26   1.20515377984590     
          28          27   1.29557382144145     
          29          28   1.47483760815127     
          30          29  0.993040168011164     
          31          30   1.36468852217241     
          32          31   1.44322577973619     
          33          32   1.41744271938799     
          34          33   1.41577357176173     
          35          30   1.36362283505341     
          35          34   1.44466933131197     
          36          29   1.22521237879147     
          37          36  0.991382420613902     
          38          37   1.36408974918807     
          39          38   1.44451274707139     
          40          39   1.41586561088883     
          41          40   1.41774254896964     
          42          37   1.36541303082693     
          42          41   1.44280632577736     
          43          36   1.47672993129112     
          44          27   1.20273518659174     
          44          43   1.29378882445798     
          45          44   1.20786639736757     
          46          18   1.06049265712889     
          46          25   1.09475063315115     
          46          45   1.51870370439559     
          47           1  0.944421772751149     
          48           2  0.943727880407544     
          49           3  0.941535987763793     
          50           6  0.945581488381322     
          51           9  0.945604855654688     
          52          10  0.944491869969132     
          53          11  0.943730996046986     
          54          12  0.942117905247156     
          55          16  0.942786737213183     
          56          17  0.941676554435121     
          57          21  0.944477231906224     
          58          22  0.943927734839317     
          59          23  0.943470757094069     
          60          28  0.940438014124275     
          61          31  0.945969726542208     
          62          32  0.947577643658588     
          63          34  0.947422148379900     
          64          35  0.944930705718234     
          65          38  0.945075664634184     
          66          39  0.947408979053917     
          67          41  0.947572154337284     
          68          42  0.946008123040142     
          69          43  0.940501847461976     
