 -9.010865947055535E-002
 -4.881271203800264E-002
 -6.216541169991441E-002
 -5.014444469297530E-002
 -4.997824281121677E-002
  2.925687681923073E-002
 -0.151040955716293     
  7.429828649215020E-002
 -5.803700692451130E-002
 -3.665211075725505E-002
 -3.753845391025923E-002
 -3.886104774503973E-002
 -3.699375265182514E-002
 -5.834769391833206E-002
  7.705183336453070E-002
 -0.148669472112233     
  3.110774265973193E-002
 -4.908814911988824E-002
 -4.951069960528276E-002
 -6.192303667363142E-002
 -4.838183506280824E-002
 -9.180384038129219E-002
 -6.837409634021707E-002
  3.293853787078982E-002
 -9.720024806702732E-002
  8.210245715191267E-002
 -3.421986257549658E-002
  2.588509394132599E-002
 -0.203139334296100     
  5.094744627736114E-002
  2.339605430011726E-002
 -9.949871870849947E-003
 -1.655248368270623E-002
  0.106155755308158     
 -0.107861038537822     
  2.034231023076938E-002
  0.105144464642465     
 -0.205010769804535     
  9.996255581520774E-002
 -0.110682759299103     
 -3.464352098149703E-002
  3.274609491447089E-002
 -7.005249016568538E-002
  3.618417846874644E-002
  3.097233200323923E-002
  2.798299237183743E-002
  2.564011268543820E-002
  2.605039758514283E-002
  2.537004970728129E-002
  2.502706603806348E-002
  3.545315005290728E-002
  2.683327675381875E-002
  3.054542546073113E-002
  3.475996748810029E-002
  3.842986358760481E-002
  4.036389465411172E-002
  3.972219542086675E-002
  4.768337175688575E-002
  4.721253465074027E-002
  3.956763852282719E-002
  4.314287602948541E-002
  3.903064122652988E-002
  3.356597428363406E-002
  2.901650103251097E-002
  2.785539261098324E-002
  3.403761896779045E-002
  2.801839871419753E-002
  2.311381283541658E-002
  2.721602868067208E-002
  2.551405790683892E-002
  2.603240201838442E-002
  3.664638059115621E-002
  2.981329332345706E-002
  4.389137640871099E-002
  4.351212720262898E-002
  5.754128919250556E-002
  6.692970013654298E-002
  5.312704544956814E-002
  4.525458492627987E-002
  4.335054237858027E-002
