           2           1   1.36778221733025     
           3           2   1.46867638240634     
           4           3   1.34686546591825     
           5           4   1.10972606942335     
           6           5   1.10731562816912     
           7           6   1.47182664086515     
           8           7   1.30581727761529     
           9           8   1.49266555825713     
          10           9   1.08954481651137     
          11          10   1.37658082403687     
          12          11   1.44145378594568     
          13          12   1.38927761677265     
          14          13   1.46090482915553     
          15          10   1.21221503966042     
          15          14   1.33677939367437     
          16          15   1.17609063356379     
          17           9   1.10136689702521     
          17          16   1.49283613078711     
          18           6   1.11364008519450     
          18          17   1.10970373575460     
          19          18   1.49863500443458     
          20           4   1.24126135889046     
          20          19   1.19840399733129     
          21           1   1.49340771231658     
          21          20   1.29801839055773     
          22           1  0.944542101943884     
          23           2  0.944745936747841     
          24           3  0.944951425077686     
          25           5  0.941292678247894     
          26           7  0.944360184185391     
          27           8  0.942040570800363     
          28          11  0.946201044765764     
          29          12  0.947215343141870     
          30          13  0.946797093703212     
          31          14  0.946059871206988     
          32          16  0.948698339621312     
          33          19  0.940425855488645     
          34          21  0.943796782863320     
