           2           1  0.966233789540196     
           3           2  0.976746755220242     
           4           2  0.966028087048571     
           5           2  0.937404064946231     
           6           5   1.35602512542167     
           7           6   1.45654218036115     
           8           7   1.36789304388278     
           9           8   1.26968209283720     
          10           5   1.42585062681661     
          10           9   1.35446268643055     
          11           9   1.08040306380750     
          12          11   1.35420059109542     
          13          12   1.42626735190103     
          14          13  0.937474328805191     
          15          14  0.965920846730039     
          16          14  0.966417978110716     
          17          14  0.976692911523335     
          18          13   1.35568147526617     
          19          18   1.45689816624385     
          20          11   1.27018510453152     
          20          19   1.36735220568596     
          21           8   1.04535574810092     
          21          20   1.04386064342815     
          22          21  0.991070372514437     
          23          22   1.38985298026307     
          24          23   1.43831629174540     
          25          24   1.40937727805163     
          26          25   1.45420355711511     
          27          22   1.29868076125331     
          27          26   1.33932050915346     
          28          27   1.06132903583274     
          29          28   2.81765181922180     
          30           1  0.978231317900554     
          31           1  0.977929824413437     
          32           1  0.976117910813788     
          33           3  0.977485877194892     
          34           3  0.977668006551536     
          35           3  0.978314651349782     
          36           4  0.978146213324546     
          37           4  0.976142335288565     
          38           4  0.977963613742859     
          39           6  0.941888251591876     
          40           7  0.942359693363511     
          41          10  0.942209232175184     
          42          12  0.942247202085631     
          43          15  0.977997621781317     
          44          15  0.976169368056670     
          45          15  0.978249364732691     
          46          16  0.978125717290340     
          47          16  0.975982820776338     
          48          16  0.977949167524516     
          49          17  0.978338757147094     
          50          17  0.977568299348086     
          51          17  0.977644067572378     
          52          18  0.941749442587924     
          53          19  0.941498139472049     
          54          23  0.944322364295401     
          55          24  0.944388015380603     
          56          25  0.943830834398353     
          57          26  0.943205183332568     
