           2           1  0.990442996694333     
           3           2   1.38370156423309     
           4           3   1.43297856791250     
           5           4   1.43675055483336     
           6           5   1.37378814138691     
           7           6  0.995496408977451     
           8           7  0.997487934346724     
           9           8   1.37111839197344     
          10           9   1.44373244773467     
          11          10   1.42422445956283     
          12          11   1.42396488818381     
          13           8   1.37079367045740     
          13          12   1.44401430372850     
          14           7   1.00303752074441     
          15          14   1.36926556527014     
          16          15   1.44575334990824     
          17          16   1.37131295254802     
          18          17   1.29463462971859     
          19          14   1.34537984918666     
          19          18   1.45077362598671     
          20          18  0.941005236978494     
          21          20  0.958599689334008     
          22          20  0.958602971545332     
          23          20  0.940748396822393     
          24          23   1.45060929784366     
          25          24   1.34492291432790     
          26          25   1.00858635927939     
          27          26   1.37067665247996     
          28          27   1.44406041153210     
          29          28   1.37282498515891     
          30          29   1.29688549951499     
          31          26   1.34606291637031     
          31          30   1.44903949419661     
          32          30  0.941180356224461     
          33          32  0.958838363733122     
          34          32  0.958315880041182     
          35          32  0.941204962789975     
          36          35   1.44894954063886     
          37          36   1.34622397907571     
          38          37   1.00817233170696     
          39          38   1.37142774855731     
          40          39   1.44353627660755     
          41          40   1.37242304820998     
          42          41   1.29548936370180     
          43          38   1.34505105616546     
          43          42   1.45052687555530     
          44          42  0.940788544432532     
          45          44  0.959150048539241     
          46          44  0.958025209436025     
          47          44  0.940995362384891     
          48          47   1.45074922974956     
          49          48   1.34555982309251     
          50          49   1.00232518223760     
          51          50  0.998100006709182     
          52          51   1.37059103884569     
          53          52   1.44407759345375     
          54          53   1.42396503225482     
          55          54   1.42411901580836     
          56          51   1.37084734798926     
          56          55   1.44386978900248     
          57          50  0.995484802273080     
          58          57   1.37399142774443     
          59          58   1.43647827511501     
          60          59   1.43326772762358     
          61          60   1.38341355586289     
          62          61  0.990468822300749     
          63          57   1.36865362389107     
          63          61   1.41484489523235     
          64          49   1.36964425966224     
          65          64   1.44553715173368     
          66          41   1.04420557489038     
          66          47   1.29462677317371     
          66          65   1.37147040378733     
          67          37   1.37090356777992     
          68          67   1.44393059105426     
          69          29   1.04269285778165     
          69          35   1.29691572974588     
          69          68   1.37288026274187     
          70          25   1.37116632730214     
          71          70   1.44370346924382     
          72          17   1.04427124259711     
          72          23   1.29547014510383     
          72          71   1.37230140243676     
          73           2   1.41455092166011     
          73           6   1.36888993630056     
          74           1  0.978529223279144     
          75           1  0.974185575403457     
          76           1  0.970064150282636     
          77           3  0.946449362178719     
          78           4  0.943349180140688     
          79           5  0.944950245821205     
          80           9  0.946163868991404     
          81          10  0.945281494159270     
          82          11  0.946611142941559     
          83          12  0.945272289561189     
          84          13  0.946154072097934     
          85          15  0.943348894113832     
          86          16  0.942573501517552     
          87          19  0.943244736783487     
          88          21  0.978500035947794     
          89          21  0.978591843124098     
          90          21  0.978529033138901     
          91          22  0.978521633236508     
          92          22  0.978474952050978     
          93          22  0.978536086670383     
          94          24  0.944283200283433     
          95          27  0.944086012163768     
          96          28  0.943856050308349     
          97          31  0.944215598940797     
          98          33  0.978584543098217     
          99          33  0.978636841055672     
         100          33  0.978646495585014     
         101          34  0.978539060028225     
         102          34  0.978534433999021     
         103          34  0.978530677362347     
         104          36  0.944217437411588     
         105          39  0.944089406686588     
         106          40  0.943912332443061     
         107          43  0.944283892246992     
         108          45  0.978514851755134     
         109          45  0.978554821966343     
         110          45  0.978567394858868     
         111          46  0.978473896385988     
         112          46  0.978560994061922     
         113          46  0.978488316090809     
         114          48  0.943257747476434     
         115          52  0.946124980170800     
         116          53  0.945272292024303     
         117          54  0.946614209275731     
         118          55  0.945284184354897     
         119          56  0.946157065643469     
         120          58  0.944939075134082     
         121          59  0.943348129735827     
         122          60  0.946468258681267     
         123          62  0.970183254708406     
         124          62  0.973998561452453     
         125          62  0.978573971152753     
         126          63  0.944172049111111     
         127          64  0.943414067538545     
         128          65  0.942576270482310     
         129          67  0.944108234982088     
         130          68  0.943857601890188     
         131          70  0.944058752274348     
         132          71  0.943909800073800     
         133          73  0.944178060400828     
