 -9.991987602255481E-002
  2.779017845644427E-002
 -0.102169853617559     
 -0.101989218881551     
 -2.098167114473615E-002
 -4.686727305284411E-002
 -4.615268501037129E-002
  3.259022957157587E-002
 -2.115558917190086E-002
 -4.328519424849997E-002
 -2.200677893776160E-002
 -4.312700775486000E-002
 -1.946460024858077E-002
  2.782362229581326E-002
 -0.102200997298376     
 -0.100504361553178     
 -0.102863045139715     
 -4.313399238111604E-002
 -4.151398081532420E-002
  3.395248415634189E-002
 -9.893004013177542E-002
  6.799701690608639E-002
 -2.166183633532093E-002
  6.808305972023421E-002
 -9.810566903145634E-002
  3.284058957466174E-002
 -4.622149501971595E-002
 -4.683228222740343E-002
 -2.095838236163949E-002
  2.781014127603809E-002
 -0.102087667592231     
 -9.992616796848530E-002
 -0.102022386991852     
 -4.332340778845811E-002
 -2.120503901538573E-002
 -2.198722949286935E-002
 -4.317720301735761E-002
 -1.937199747544138E-002
  2.784946867940308E-002
 -0.102175159857437     
 -0.100490885385383     
 -0.102887635840385     
 -4.315573238008774E-002
 -4.166932551131808E-002
  3.388730626269787E-002
  6.480900634816189E-002
 -9.501718666291747E-002
  3.806508682288534E-002
 -4.321020790965235E-002
 -3.675359785604826E-002
 -4.552415571399138E-002
 -3.390278502922683E-002
 -2.153302429028248E-002
 -2.167556275208327E-002
 -3.368948015661477E-002
 -4.522904138921469E-002
 -3.619953626392025E-002
 -4.290482246286409E-002
  3.741194746360987E-002
  1.606079130863458E-002
  0.106080650754997     
 -0.200839904847446     
  6.486332596826916E-002
 -9.543671626634875E-002
  3.763992376669911E-002
 -4.275273274448388E-002
 -3.620542033674834E-002
 -4.540365534763424E-002
 -3.375680179727425E-002
 -2.177308617784401E-002
 -2.145367516455021E-002
 -3.395522547547980E-002
 -4.566632189760078E-002
 -3.699984807043588E-002
 -4.352090912566897E-002
  3.784123351644286E-002
  3.555653290496641E-002
  3.570851206253545E-002
  3.331481572605455E-002
  3.174209223972380E-002
  3.460646216182983E-002
  3.361559300114025E-002
  3.190976246394028E-002
  3.479371924245966E-002
  3.383245295714121E-002
  4.481283957387339E-002
  4.098480283487971E-002
  4.501863870185696E-002
  4.410466127795054E-002
  3.333395895736391E-002
  3.147194169509260E-002
  3.534775765660325E-002
  3.561951123804286E-002
  3.288218405657772E-002
  3.497516376022347E-002
  3.599387834293544E-002
  3.432004398775557E-002
  3.055993125194079E-002
  4.565137860063895E-002
  4.162025286342053E-002
  5.991931902409520E-002
  4.119415738266463E-002
  4.481303597022501E-002
  3.359735258749386E-002
  3.461276142386760E-002
  3.177272181667845E-002
  3.559783223393975E-002
  3.566350790930439E-002
  3.331024913493397E-002
  3.478304809174804E-002
  3.384688407536973E-002
  3.186903212986414E-002
  4.502676144768292E-002
  4.413481875983361E-002
  3.540760569760093E-002
  3.332473737846942E-002
  3.152490677374875E-002
  3.289701099294340E-002
  3.564453917749466E-002
  3.493914478298821E-002
  3.425668506046664E-002
  3.051532714900107E-002
  3.601265721072211E-002
  4.570949267725954E-002
  4.166547286197930E-002
  3.958473849307742E-002
  4.344859395214573E-002
  4.003205959070411E-002
  4.283896050983593E-002
  4.206766940587348E-002
  3.948802885725033E-002
  4.346112702400950E-002
  3.922079285775992E-002
  3.932620733699599E-002
  4.345335927455241E-002
  3.940362250756169E-002
  4.202794395033749E-002
  4.283531738149493E-002
  4.001376794893374E-002
  4.335653441472131E-002
  3.915863077765969E-002
