           2           1   1.42807785149324     
           3           2   1.43699525744061     
           4           3   1.38539369596645     
           5           4  0.973478279848206     
           6           5   1.05663827887748     
           7           6   1.36903696860467     
           8           7   1.45230274407508     
           9           8   1.39384616919189     
          10           9   1.46046181937755     
          11           6   1.26399180726398     
          11          10   1.35364746863391     
          12          11   1.08663187311643     
          13          12   1.35871618665356     
          14          13   1.40869587724896     
          15          14  0.973365321561024     
          16          15   1.30945872115860     
          17          16   1.21673744872237     
          18          17   1.59599638935961     
          19          18   1.26564468206321     
          20          19   1.59613993489927     
          21          16   1.17487000180439     
          21          20   1.21652546427426     
          22          21   1.30973761588896     
          23          22  0.972668923320276     
          24          23   1.25618666460845     
          25          24   1.56604288447945     
          26          25   1.25145385190155     
          27          26   1.25850227396007     
          28          27   1.55519212595375     
          29          28   1.30533889867992     
          30          29   1.55708228622407     
          31          26   1.22108174138426     
          31          30   1.25372372346767     
          32          23   1.50479588452961     
          32          31   1.25915262209716     
          33          22   1.30963385204704     
          34          33   1.21646785660944     
          35          34   1.59606866488583     
          36          35   1.26578763326039     
          37          36   1.59582983250835     
          38          15   1.30886951996987     
          38          33   1.17520087936176     
          38          37   1.21685223288559     
          39          14   1.34362494727256     
          40          39   1.45901662117276     
          41           5   1.05929318971088     
          41          12   1.26068557538746     
          41          40   1.36462134652134     
          42           4   1.38530971102406     
          43           1   1.42805125431913     
          43          42   1.43706406054801     
          44           1  0.946258566297761     
          45           2  0.945218117294793     
          46           3  0.946579359316404     
          47           7  0.943651080388062     
          48           8  0.944776592179427     
          49           9  0.945064820347241     
          50          10  0.944657962632879     
          51          13  0.943400513103902     
          52          17  0.940498611149920     
          53          18  0.945545329253788     
          54          19  0.945524561301392     
          55          20  0.940650541123930     
          56          24  0.944978840502219     
          57          25  0.942358186715077     
          58          27  0.944672970277016     
          59          28  0.946249375695540     
          60          29  0.946045714413197     
          61          30  0.944560546735755     
          62          32  0.943330552981764     
          63          34  0.940636299867701     
          64          35  0.945523280636421     
          65          36  0.945550458782187     
          66          37  0.940434751468439     
          67          39  0.943546932271972     
          68          40  0.941580334401869     
          69          42  0.946571016788674     
          70          43  0.945216305365520     
