           2           1   1.00945408270237     
           3           2  0.989615294563086     
           4           3  0.990602932825301     
           5           4  0.991497493450346     
           6           5  0.984116495722816     
           7           6  0.959911271098316     
           8           7   1.01046950550063     
           9           8   1.75282037166840     
          10           9  0.990295004757674     
          11          10  0.964552663781917     
          12          11   1.80532594350239     
          13          12  0.962095717640883     
          14          13  0.949928717088994     
          15          14   1.44141117073036     
          16          15   1.34925926600710     
          17          16   1.00506199272104     
          18          17   1.48524972558274     
          19          18   1.32077434066353     
          20          19   1.54531964432005     
          21          20   1.25573342304180     
          22          21   1.25518802616895     
          23          22   1.55459906746049     
          24          23   1.30835333219788     
          25          24   1.54897858289998     
          26          17   1.20427077186658     
          26          21   1.22530383204833     
          26          25   1.26461482191689     
          27          16   1.36768109274606     
          28          27   1.44636807859083     
          29          14   1.29520645150795     
          29          28   1.36913966056697     
          30          29   1.04313190804763     
          31          30   1.37036135590809     
          32          31   1.44377718326041     
          33          32   1.37314059670552     
          34          33  0.989109065066163     
          35          34   1.49518566720106     
          36          35   1.31644353162517     
          37          36   1.54861564296189     
          38          37   1.25548981795643     
          39          38   1.25474002174979     
          40          39   1.55676761828764     
          41          40   1.30672557653200     
          42          41   1.55357946692159     
          43          34   1.20869838132025     
          43          38   1.22588732990424     
          43          42   1.26199747826865     
          44          33   1.35739542868471     
          45          13  0.942535868124486     
          45          30   1.29724622909884     
          45          44   1.44087892450952     
          46          11   1.05914866153370     
          47           8   1.04106181038741     
          47          46   1.71881386586291     
          48          47   1.00360347277029     
          49          48  0.997915332601457     
          50          49   1.39934338137578     
          51          50   1.42893397353827     
          52          51   1.41877824416280     
          53          52   1.43958434529947     
          54           7   1.01917492252256     
          54          49   1.32971039669301     
          54          53   1.36819654377240     
          55           1  0.984049784533325     
          56           1  0.983246616213001     
          57           1  0.979931673796590     
          58           2  0.967858723538887     
          59           2  0.970382164889239     
          60           3  0.968449137078013     
          61           3  0.967220415233486     
          62           4  0.966795690461114     
          63           4  0.969596974351989     
          64           5  0.962908099000248     
          65           5  0.967194237742839     
          66           6  0.965702359384183     
          67           6  0.960525737362393     
          68           9  0.938966676796094     
          69          10  0.936352211912440     
          70          10  0.954352499936733     
          71          12  0.940246485746243     
          72          13  0.934834713418772     
          73          15  0.942532067912202     
          74          18  0.944240201152931     
          75          19  0.944527563872773     
          76          20  0.943692011194912     
          77          22  0.944224581506421     
          78          23  0.946014196225160     
          79          24  0.944278525898537     
          80          25  0.934500412930284     
          81          27  0.942991028884249     
          82          28  0.943676473371856     
          83          31  0.943735694659649     
          84          32  0.943884136672166     
          85          35  0.944808011430561     
          86          36  0.944554674688854     
          87          37  0.943805695342327     
          88          39  0.944266569817594     
          89          40  0.946140063110476     
          90          41  0.946149679020270     
          91          42  0.941409477772562     
          92          44  0.945018105062282     
          93          46  0.928733420491072     
          94          50  0.942819789184847     
          95          51  0.944202951042404     
          96          52  0.943826827147618     
          97          53  0.942914616110166     
