           2           1   1.82837616448776     
           3           2  0.969649458843857     
           4           3   1.36635572797470     
           5           4   1.44440409313676     
           6           5   1.42340419187625     
           7           6   1.42480982303545     
           8           3   1.36880429212594     
           8           7   1.44222832251097     
           9           2  0.978771013201755     
          10           9   1.35875396601653     
          11          10   1.45528054369055     
          12          11   1.37022348408641     
          13          12  0.987997732788900     
          14          13   1.04916029412070     
          15          14   1.37196658929923     
          16          15   1.44964308138477     
          17          16   1.39638569632745     
          18          17   1.45860323853837     
          19          14   1.26696685431166     
          19          18   1.35538062821037     
          20          19   1.08330301472995     
          21          20   1.36699579597239     
          22          21   1.39579603956132     
          23          22   1.00691370866119     
          24          23   1.36302704564135     
          25          24   1.45751225367486     
          26          25   1.36291984725797     
          27          26   1.00201824247183     
          28          27  0.997457866820508     
          29          28   1.37123545891201     
          30          29   1.44380332580518     
          31          30   1.42414817995707     
          32          31   1.42418183980766     
          33          28   1.37118715163084     
          33          32   1.44374010093206     
          34          27  0.996683900320192     
          35          34   1.37154643037331     
          36          35   1.44363196247383     
          37          36   1.42424856568248     
          38          37   1.42423527075467     
          39          34   1.37146949482441     
          39          38   1.44363918671936     
          40          26   1.36268609669705     
          41          23   1.36277491966290     
          41          40   1.45789800042299     
          42          22   1.33711072278175     
          43          42   1.46331797964953     
          44          13   1.05365637120389     
          44          20   1.26107511090386     
          44          43   1.36419600055074     
          45          12   1.36876317051851     
          46           9   1.35513117255195     
          46          45   1.45785779711685     
          47           4  0.947094381687985     
          48           5  0.946068809045182     
          49           6  0.947402115246921     
          50           7  0.946366898270460     
          51           8  0.945554538234424     
          52          10  0.941989282897515     
          53          11  0.944178076394038     
          54          15  0.943343061482623     
          55          16  0.944614069297638     
          56          17  0.944959065638591     
          57          18  0.944666492449426     
          58          21  0.943212380395102     
          59          24  0.943803817554462     
          60          25  0.944298785233942     
          61          29  0.946202630055800     
          62          30  0.945306254106679     
          63          31  0.946619535945031     
          64          32  0.945315521855234     
          65          33  0.946171396175604     
          66          35  0.946231172550990     
          67          36  0.945307486494282     
          68          37  0.946611172585252     
          69          38  0.945299973742845     
          70          39  0.946194527822275     
          71          40  0.944302372830264     
          72          41  0.943755421621368     
          73          42  0.943145988919088     
          74          43  0.941734441094220     
          75          45  0.943831916109588     
          76          46  0.943664723154251     
