           2           1   1.42019822645576     
           3           2   1.45102192170491     
           4           3   1.35506562244776     
           5           4   1.04634768752039     
           6           5   1.34567612595828     
           7           6   1.34874285770280     
           8           7   1.04489720842627     
           9           8   1.35565829416173     
          10           9   1.45072007068815     
          11          10   1.42052721495348     
          12          11   1.42041345595928     
          13           8   1.35550091857706     
          13          12   1.45089969734939     
          14           7   1.33531402077436     
          15          14   1.35326261430830     
          16          15   1.01790939397003     
          17          16   1.38653899990098     
          18          17   1.38027055086064     
          19          18   1.02474999814486     
          20          19   1.35009868949933     
          21          20   1.33703661523747     
          22          21   1.04594322439097     
          23          22   1.35515212199984     
          24          23   1.45098427859160     
          25          24   1.42036253001421     
          26          25   1.42030081200221     
          27          22   1.35508768940460     
          27          26   1.45109315523798     
          28          21   1.34636301322970     
          29          28   1.34647551625403     
          30          29   1.04488161072668     
          31          30   1.35541173578396     
          32          31   1.45069181527653     
          33          32   1.42064627219570     
          34          33   1.42038379777719     
          35          30   1.35576187660221     
          35          34   1.45069976150077     
          36          19   1.35345680587349     
          36          29   1.33670347217642     
          37          18   1.29886045651394     
          38          37  0.990610756289248     
          39          38   1.04785233250629     
          40          39   1.37049359207367     
          41          40   1.45129865058880     
          42          41   1.39515641447098     
          43          42   1.45962333058505     
          44          39   1.26859848383246     
          44          43   1.35407678047759     
          45          44   1.08413637583341     
          46          45   1.35549539028530     
          47          46   1.45736596400651     
          48          47   1.39768146614885     
          49          48   1.44775600203176     
          50          38   1.04770609907139     
          50          45   1.26583416042224     
          50          49   1.37393731274562     
          51          37   1.39617748981591     
          52          16   1.29995431479320     
          52          51   1.39672612898534     
          53          52  0.989042415553550     
          54          53   1.04826012662520     
          55          54   1.37044117522836     
          56          55   1.45110599282254     
          57          56   1.39528748439604     
          58          57   1.45949601710582     
          59          54   1.26847245743775     
          59          58   1.35417946546034     
          60          59   1.08420464619899     
          61          60   1.35532716894466     
          62          61   1.45754358726533     
          63          62   1.39758076134169     
          64          63   1.44781898991107     
          65          53   1.04730961780698     
          65          60   1.26603296706026     
          65          64   1.37407117999204     
          66           5   1.33528051306225     
          66          15   1.35681397601381     
          67           4   1.35474836617670     
          68           1   1.42044567079834     
          68          67   1.45100464909058     
          69           1  0.947433447867512     
          70           2  0.946589284659170     
          71           3  0.946035503720235     
          72           9  0.945922228484761     
          73          10  0.946545902151935     
          74          11  0.947365322479934     
          75          12  0.946576997664687     
          76          13  0.945847781723466     
          77          17  0.936263417976016     
          78          23  0.945841905544664     
          79          24  0.946561237776299     
          80          25  0.947364449212034     
          81          26  0.946591970569240     
          82          27  0.945777352334047     
          83          31  0.944443844573135     
          84          32  0.946440561209567     
          85          33  0.947439594627329     
          86          34  0.946590956890140     
          87          35  0.946096218309165     
          88          40  0.943295511226638     
          89          41  0.944698795720516     
          90          42  0.945180151435009     
          91          43  0.944926800694441     
          92          46  0.944846666044439     
          93          47  0.945137642514959     
          94          48  0.944874671314212     
          95          49  0.942398139643252     
          96          51  0.941173003429874     
          97          55  0.943408106777317     
          98          56  0.944707449600546     
          99          57  0.945192415267745     
         100          58  0.944931553946328     
         101          61  0.944848385621363     
         102          62  0.945140312616735     
         103          63  0.944880774084490     
         104          64  0.942418495992660     
         105          67  0.944464490346775     
         106          68  0.946459037230264     
