           2           1   1.63260344450556     
           3           2   1.04537741953678     
           4           3   1.04981271778391     
           5           4   1.36270555490515     
           6           5   1.46523436541546     
           7           6   1.38451601412749     
           8           7   1.48002103797516     
           9           4   1.30130241935458     
           9           8   1.32944166056596     
          10           9   1.07063367644090     
          11          10   1.15488407440533     
          12           2   1.12405081821153     
          12          10   1.49685188849631     
          13          12  0.938172718424537     
          14          13  0.963746001573520     
          15          14   1.62121131251417     
          16          15   1.23644406783314     
          17          16   1.61218652997693     
          18          17   1.03552604622576     
          19          14   1.12108089704939     
          19          17   1.12999918199781     
          20          13  0.933370785250471     
          21          20   1.49915756852482     
          22          21   1.14702719448504     
          23          21   1.07589878387115     
          24          23   1.32755563879784     
          25          24   1.48104418332874     
          26          25   1.38343032356978     
          27          26   1.46585936714996     
          28          23   1.29867291771088     
          28          27   1.36216023800384     
          29          28   1.05258760821419     
          30          20   1.12470761067253     
          30          29   1.04438803591930     
          31          30   1.62997893098768     
          32           5  0.946440879809901     
          33           6  0.945546525264819     
          34           7  0.944962062941903     
          35           8  0.943869223012120     
          36          11  0.843267997240492     
          37          13  0.925659540948654     
          38          15  0.937927005401467     
          39          16  0.935653403616323     
          40          22  0.864833600973695     
          41          24  0.943968647822341     
          42          25  0.944933296403993     
          43          26  0.945559214396300     
          44          27  0.946401267792709     
