 -0.229741572029159     
  0.151115166474753     
 -1.140990082996307E-002
 -3.570778602339075E-002
 -2.792022868161403E-002
 -2.931465427675572E-002
 -2.622088895405117E-002
 -2.660326194836138E-002
 -4.659710644569159E-003
 -2.246837974499716E-002
 -1.773408563182066E-002
  4.803118268195083E-002
 -0.185190099254173     
  4.964869103598835E-002
  5.321162947118818E-003
 -2.071699518615056E-002
 -2.368838615943858E-002
  6.119844344001679E-002
 -0.126902440949727     
  4.609934264802673E-002
 -5.698230876234422E-002
 -4.413291381180695E-002
 -4.735201865581651E-002
 -4.556345535365125E-002
  7.518256830561754E-002
 -0.137968163050269     
  7.463761283567560E-002
 -4.569930821582968E-002
 -4.720457557474500E-002
 -4.305251394106246E-002
 -5.528207210188452E-002
  4.598506938237090E-002
 -3.871546563188932E-002
  2.072972902890768E-003
  2.382685128828221E-003
 -3.881667035330505E-002
  6.124135969739264E-002
 -0.127042248368371     
  4.607267427625406E-002
 -5.704072233957991E-002
 -4.409319138772894E-002
 -4.735403649382341E-002
 -4.559648547658668E-002
  7.508250449355369E-002
 -0.138099232191712     
  7.463547317400909E-002
 -4.574893607111896E-002
 -4.727689939280655E-002
 -4.317807155235531E-002
 -5.542289804196887E-002
  4.593631718380387E-002
 -2.425559260767862E-002
 -2.137163216731253E-002
  4.610074916690188E-003
  5.007755522186219E-002
 -0.190631901532708     
  4.804576578833508E-002
 -2.764765380250811E-002
  4.244141070152974E-002
  3.947442373113597E-002
  4.075808109907952E-002
  3.982660714609843E-002
  4.413342141544796E-002
  5.122172378142820E-002
  4.525125798895402E-002
  5.597756735095905E-002
  4.677566725000781E-002
  4.296244751622569E-002
  4.349479751798080E-002
  4.301607637087901E-002
  4.130973266250004E-002
  4.118784598240643E-002
  4.308694662360124E-002
  4.411744628870029E-002
  4.338108371536198E-002
  4.825573068501188E-002
  4.833329769415640E-002
  4.289209310706588E-002
  4.354159568885907E-002
  4.303443474467239E-002
  4.129599797894878E-002
  4.118694232911579E-002
  4.307076439253910E-002
  4.406931300166639E-002
  4.334140369713635E-002
  4.652731802218957E-002
  5.535057807274923E-002
  4.711472810149075E-002
