 -4.671434875955693E-002
  4.757585794903596E-002
 -3.249566801851156E-002
 -2.244402158806214E-002
  4.089123462943922E-002
 -0.189725622042094     
  5.291903261708031E-002
  5.395766315787309E-003
 -2.594354085760386E-002
 -3.003185934277308E-002
  4.738639656187482E-002
 -5.056722593638607E-002
 -4.132487513550398E-002
 -4.038927107126611E-003
 -1.787208870259072E-003
 -3.621704845746798E-002
 -2.896465195183229E-002
 -2.554954268243126E-002
 -2.387953248594155E-002
  8.810533439701729E-003
  5.217272089705460E-002
 -0.185497609839515     
  3.948726564600147E-002
 -2.526083594760564E-002
  5.239887034216728E-002
  4.756804323573460E-002
  5.231182283711211E-002
  4.923600205303214E-002
  4.990409776464133E-002
  4.365630783871732E-002
  4.290498847140201E-002
  4.219485175912463E-002
  4.800267555071580E-002
  4.762605111402574E-002
