           2           1   2.79120858331800     
           3           2   1.06780280062108     
           4           3   1.63832136087327     
           5           4   1.11217619695735     
           6           5   1.32264090893689     
           7           6   1.48374816615909     
           8           7   1.32958557692386     
           9           8   1.07877889950173     
          10           9   1.48724362161248     
          11          10   1.21735106872995     
          12          11   1.02858805165864     
          13          12   1.36308073775997     
          14          13   1.44651766912748     
          15          14   1.42219960884895     
          16          15   1.42379422355674     
          17          12   1.36345575629498     
          17          16   1.44531951187035     
          18          11   1.45209588100375     
          19          18   1.03749128938139     
          20          19   1.35355038393453     
          21          20   1.45027655311244     
          22          21   1.41866987633523     
          23          22   1.42529833420941     
          24          19   1.35919028807603     
          24          23   1.44388493449382     
          25           9   1.16181790355153     
          25          18   1.13608637536419     
          26           8   1.32031616422735     
          27           5   1.31531991566476     
          27          26   1.49215004998265     
          28           3  0.996888951230049     
          29          28   1.36436091116883     
          30          29   1.44627532842902     
          31          30   1.42336429516210     
          32          31   1.42343092662427     
          33          28   1.36479205760632     
          33          32   1.44494873403643     
          34           4  0.939011097092473     
          35           6  0.936304652503206     
          36           7  0.944408923398918     
          37          13  0.945723235089615     
          38          14  0.946487201611773     
          39          15  0.947478919700850     
          40          16  0.946381803965543     
          41          17  0.947069836985865     
          42          20  0.945564476724630     
          43          21  0.945786207501030     
          44          22  0.947286823098813     
          45          23  0.946047250481713     
          46          24  0.947245825773755     
          47          25  0.943968505337845     
          48          26  0.943801429725610     
          49          27  0.944064808131462     
          50          29  0.945154996088697     
          51          30  0.946176970669944     
          52          31  0.947370375888206     
          53          32  0.946192661145208     
          54          33  0.946377968692657     
