           2           1   1.77698322606767     
           3           2  0.996990162382185     
           4           3   1.37021962887573     
           5           4   1.43565189052575     
           6           5   1.41400630077244     
           7           6   1.43710142029772     
           8           3   1.29962743047477     
           8           7   1.36691749789202     
           9           8   1.00242545163445     
          10           9   1.79142843330353     
          11           9  0.989532372033509     
          12          11   1.38796810310944     
          13          12   1.36800884319111     
          14          13   1.00255505072529     
          15          14  0.999785398622197     
          16          15   1.34845370833733     
          17          16   1.45956527193166     
          18          17   1.35185466905589     
          19          18   1.29107258997679     
          20          15   1.36932143648175     
          20          19   1.38719176239244     
          21          19  0.989753195962574     
          22          21   1.79096731164115     
          23          21   1.00245542338628     
          24          23   1.36683146157526     
          25          24   1.43723302641320     
          26          25   1.41394944718269     
          27          26   1.43570345625398     
          28          23   1.29975786164901     
          28          27   1.37023911368857     
          29          18   1.00953798096046     
          29          28  0.996801199202550     
          30          29   1.77795066854667     
          31          14   1.00781430808881     
          32          31   1.34469236118706     
          33          32   1.46246267006050     
          34          33   1.34980658060351     
          35          34   1.29053001321448     
          36          31   1.36686467381592     
          36          35   1.38834889545405     
          37          35  0.989270827345429     
          38          37   1.79158199220739     
          39          37   1.00246249515272     
          40          39   1.36681590094770     
          41          40   1.43713321162211     
          42          41   1.41396277038848     
          43          42   1.43558516510585     
          44          39   1.29961539664848     
          44          43   1.37028849348956     
          45          34   1.01120125909753     
          45          44  0.996955617493635     
          46          45   1.77594989080283     
          47          13   1.34741007530161     
          48          47   1.46033897554175     
          49           2   1.01009834999094     
          49          11   1.29067806566363     
          49          48   1.35132124319645     
          50           4  0.944254539663620     
          51           5  0.945152043438271     
          52           6  0.945067947963246     
          53           7  0.944329891795012     
          54          12  0.941491799799436     
          55          16  0.942969267944931     
          56          17  0.940493523933431     
          57          20  0.941607886818454     
          58          24  0.944339992330000     
          59          25  0.945087123263747     
          60          26  0.945180357605215     
          61          27  0.944260098855816     
          62          32  0.942744946476379     
          63          33  0.940485615500026     
          64          36  0.941522815329239     
          65          40  0.944317263616957     
          66          41  0.945039110688700     
          67          42  0.945131681917807     
          68          43  0.944228547028660     
          69          47  0.942915387329152     
          70          48  0.940516072977794     
