 -5.325833161805171E-002
  9.942209679574709E-002
 -0.235067188479827     
  2.544446435067904E-003
 -2.588631442254297E-002
 -4.697344960762528E-002
 -4.161565759462071E-002
 -4.664871463531650E-002
  1.874442895856232E-002
 -0.105192030126042     
  7.990858168140003E-002
  3.144306852886913E-004
 -8.949236006965400E-003
  0.423220101729299     
 -0.334915300554571     
 -0.326206968736126     
  1.106844841951249E-002
 -1.416864756102143E-003
 -1.989534604129961E-002
  7.287073604304251E-003
  2.918062621829831E-002
 -0.101792333145367     
 -0.102542297136860     
 -0.100051855154565     
 -2.951335484326201E-002
 -1.690790767969741E-002
  8.007464902633155E-002
 -0.105149714128454     
  9.919133960729898E-002
 -5.373601026928654E-002
 -0.234763810259640     
  2.568416114753891E-003
 -2.582383056465432E-002
 -4.682871613839978E-002
 -4.140078514059553E-002
 -4.642425243461101E-002
  1.885977935645711E-002
 -9.948237209833621E-005
 -8.348846230546769E-003
  0.422987269876114     
 -0.327467002072302     
 -0.334980891279444     
  1.123962999197659E-002
 -1.367767972801026E-003
 -1.986929457881725E-002
  7.281518343369875E-003
  2.918614595266167E-002
 -0.100050104617956     
 -0.102546309680834     
 -0.101653699824397     
 -2.952437497412763E-002
 -1.673570331692975E-002
  5.068906235566950E-002
  5.899431272758215E-002
  6.389053664639077E-002
  4.604797683810757E-002
  4.257961385851916E-002
  4.371074513374762E-002
  3.820664787634176E-002
  7.024056067319651E-002
  5.199862827891988E-002
  5.149486725234265E-002
  3.785150055929554E-002
  3.749333113723297E-002
  3.325905269279394E-002
  3.598542851164699E-002
  3.588576666750698E-002
  3.425529004627192E-002
  3.447972100877383E-002
  3.320337232766113E-002
  3.175805539832732E-002
  4.818994604476956E-002
  4.482875110736229E-002
  5.899094410046768E-002
  5.043650074318429E-002
  6.414110416975494E-002
  4.603274520329370E-002
  4.256702552351654E-002
  4.380806954284910E-002
  3.841399853858762E-002
  7.025130298142102E-002
  5.205241536678118E-002
  5.153852657449898E-002
  3.321371563339293E-002
  3.175171459082760E-002
  3.448185035338691E-002
  3.596122341650387E-002
  3.425499864217318E-002
  3.588991587674339E-002
  3.329586422424557E-002
  3.754497952760028E-002
  3.781069196050546E-002
  4.815647086823305E-002
  4.488753861778216E-002
