           2           1  0.959332384276395     
           3           2   1.17872559525471     
           4           3   1.66110638601078     
           5           4   1.13064242863259     
           6           5   1.29253801576366     
           7           6   1.05572519800723     
           8           7   1.34130108417362     
           9           8   1.46308093653300     
          10           9   1.36854546199926     
          11          10  0.971142457033017     
          12          11   1.00893640107036     
          13          12   1.39009196930824     
          14          13   1.41831331150122     
          15          14   1.44019400740266     
          16          15   1.41160690269650     
          17          12   1.30509707941377     
          17          16   1.41092011943961     
          18          17   1.00647863832639     
          19          18   1.00651740529963     
          20          19   1.41068524076517     
          21          20   1.41175667328011     
          22          21   1.44003934961188     
          23          22   1.41853349448888     
          24          11   1.00899300898621     
          24          19   1.30535625542238     
          24          23   1.38987712724075     
          25          10   1.37178032327827     
          26           7   1.34685700866041     
          26          25   1.45933203139066     
          27           6   1.32573753374337     
          28          27   1.43640264546433     
          29          28   1.42556427227684     
          30           2   1.13429104659795     
          30           5   1.22735013140930     
          30          29   1.31386863786169     
          31           1  0.983990485642243     
          32           1  0.984054997653471     
          33           1  0.983673398798316     
          34           3  0.939609268048640     
          35           8  0.942527874887207     
          36           9  0.944729688362072     
          37          13  0.941082763767276     
          38          14  0.943859413056884     
          39          15  0.944614182691252     
          40          16  0.945744308728264     
          41          20  0.945754601116889     
          42          21  0.944618058244818     
          43          22  0.943852245556101     
          44          23  0.941304515294549     
          45          25  0.945004476168593     
          46          26  0.938084757192905     
          47          28  0.946301493025820     
