           2           1   1.42682484708941     
           3           2   1.44068446294545     
           4           3   1.37715033423465     
           5           4  0.994386366481106     
           6           5   1.37808240177113     
           7           6   1.38078062288145     
           8           7  0.998120659425714     
           9           8   1.37453329435190     
          10           9   1.44198386706467     
          11          10   1.42603344201413     
          12          11   1.42608487525467     
          13           8   1.37451860664148     
          13          12   1.44190890444592     
          14           7   1.37447660237011     
          15          14   1.38331233284798     
          16          15  0.989935447674731     
          17          16   1.38941115361583     
          18          17   1.43277837958409     
          19          18   1.42413977079064     
          20          19   1.43205986781673     
          21          16   1.31937356320702     
          21          20   1.39013544735307     
          22          21  0.988570883461796     
          23          22   1.37552700838143     
          24          23   1.45004664855625     
          25          24   1.33133800129499     
          26          25   1.17602301104079     
          27          26   1.65533906538664     
          28          27   1.17679873930335     
          29          28   1.28704565234176     
          30          29  0.987748317472324     
          31          30   1.39133520209399     
          32          31   1.43130603178067     
          33          32   1.42478420580814     
          34          33   1.43219910514949     
          35          30   1.31884232877976     
          35          34   1.39017301369718     
          36          35  0.989758392306420     
          37          36   1.37691469543324     
          38          37   1.38147545577495     
          39          38  0.993669070319715     
          40          39   1.37742325826125     
          41          40   1.44057343463732     
          42          41   1.42687792280871     
          43          42   1.42613664592607     
          44          39   1.37543039405546     
          44          43   1.44158997265425     
          45          38   1.37810688075685     
          46          45   1.38104497244388     
          47          46  0.997791201297305     
          48          47   1.37462653803853     
          49          48   1.44188135532312     
          50          49   1.42607934057615     
          51          50   1.42610564109089     
          52          47   1.37470953287481     
          52          51   1.44188299839957     
          53          36   1.38403592915100     
          53          46   1.37426040563931     
          54          29   1.37599374578827     
          55          54   1.44969611925538     
          56          55   1.33149033222729     
          57          56   1.17591506240637     
          58          57   1.65553179210794     
          59          22   1.28727756511225     
          59          58   1.17648888820656     
          60          25   1.22137720647603     
          60          59   1.22928813068612     
          61          28   1.22954468071465     
          61          56   1.22127559387427     
          61          60   1.21465558847219     
          62           5   1.38090859262540     
          62          15   1.37745290298794     
          63           4   1.37513701542385     
          64           1   1.42605842588517     
          64          63   1.44176812680353     
          65           1  0.947586428674625     
          66           2  0.946688464499425     
          67           3  0.947244542274889     
          68           6  0.944946472528200     
          69           9  0.947107269321422     
          70          10  0.946637790036489     
          71          11  0.947519837858825     
          72          12  0.946611391936585     
          73          13  0.946964571079158     
          74          14  0.944883085926417     
          75          17  0.944907179733171     
          76          18  0.945567655288228     
          77          19  0.945421430573481     
          78          20  0.945179435490887     
          79          23  0.943159963345299     
          80          24  0.942931236569282     
          81          26  0.942008260074575     
          82          27  0.939889856910636     
          83          31  0.945204529607583     
          84          32  0.945429340354060     
          85          33  0.945577398170092     
          86          34  0.944923300270489     
          87          37  0.941978925638789     
          88          40  0.947277726787242     
          89          41  0.946688933569940     
          90          42  0.947586775390580     
          91          43  0.946509326159871     
          92          44  0.946623473311779     
          93          45  0.944962793479220     
          94          48  0.946966298764121     
          95          49  0.946611832523313     
          96          50  0.947522789420169     
          97          51  0.946636159443727     
          98          52  0.947132977488867     
          99          53  0.944954600799438     
         100          54  0.943176768613094     
         101          55  0.942929949220251     
         102          57  0.941986386120312     
         103          58  0.939789354174034     
         104          62  0.942063661448050     
         105          63  0.946717472540556     
         106          64  0.946543997853825     
