           2           1  0.990302968241186     
           3           2   1.05047376239627     
           4           3   1.24472633958254     
           5           4   1.58436346703555     
           6           5   1.23707602619972     
           7           6   1.27751211775297     
           8           7   1.46201559910150     
           9           8   1.04305075978422     
          10           9   1.49203145533698     
          11          10   1.24795458705814     
          12          11   1.04403891640959     
          13          12   1.35258835276597     
          14          13   1.45134907051993     
          15          14   1.41884751148579     
          16          15   1.42348370014011     
          17          12   1.35904949584366     
          17          16   1.44588640932328     
          18          11   1.36507941482942     
          19          18   1.23634615635321     
          20          19   1.59793256444230     
          21          20   1.22016555117456     
          22          21   1.67572573601709     
          23           9   1.12983954009998     
          23          18   1.04076037123734     
          23          22   1.10935543871474     
          24           8   1.23950533233155     
          25          24   1.57735931465129     
          26           6   1.21640798033972     
          26          25   1.24279467542638     
          27           3   1.47644076647588     
          27          26   1.26911816177839     
          28           1  0.980836755493173     
          29           1  0.989600298250029     
          30           1  0.980831661540297     
          31           4  0.945862830913660     
          32           5  0.942841667318769     
          33           7  0.942001699141222     
          34          13  0.946956477400530     
          35          14  0.946226013348039     
          36          15  0.947488030503774     
          37          16  0.946532551803996     
          38          17  0.945771752720658     
          39          19  0.937354745194407     
          40          20  0.944566129201699     
          41          21  0.940824165915070     
          42          22  0.942563719437147     
          43          24  0.943596086686097     
          44          25  0.941807456749590     
          45          27  0.943057360221847     
