           2           1  0.989085339418348     
           3           2   1.37859769557671     
           4           3   1.41762855969228     
           5           4  0.991293715582928     
           6           4   1.33836409594748     
           7           6  0.915799333763034     
           8           7  0.930702896327976     
           9           8   1.36858112874932     
          10           9   1.45015384647233     
          11          10   1.37388743543232     
          12          11  0.975707374486006     
          13          12   1.05572742635349     
          14          13   1.36793356879396     
          15          14   1.45358602110878     
          16          15   1.39262474007468     
          17          16   1.46174368725845     
          18          13   1.26449728544029     
          18          17   1.35211643317384     
          19          18   1.08760146782780     
          20          19   1.35774817062517     
          21          20   1.41597956366838     
          22          21  0.967233013871261     
          23          22   1.06113268432272     
          24          23   1.36693857414371     
          25          24   1.45407040396005     
          26          25   1.39229336927630     
          27          26   1.46158389229567     
          28          23   1.26241564971543     
          28          27   1.35258823008171     
          29          28   1.09004791061888     
          30          29   1.35245747014630     
          31          30   1.46171672336346     
          32          31   1.39218683063049     
          33          32   1.45418988944839     
          34          22   1.06080358387238     
          34          29   1.26264630612777     
          34          33   1.36703631905090     
          35          21   1.35022874362289     
          36          35   1.45872690747487     
          37          12   1.05855409486904     
          37          19   1.26047778894319     
          37          36   1.36518832998268     
          38          11   1.37393238066116     
          39           8   1.36883792128949     
          39          38   1.44998736510150     
          40           7  0.916120536431820     
          41          40   1.36579112085351     
          42          41  0.988763083755553     
          43          41   1.39005737729107     
          44          43   1.40694539148522     
          45          44  0.989116156612525     
          46          44   1.37707367565383     
          47          40   1.33709615037127     
          47          46   1.41929441770179     
          48          47  0.991282995016689     
          49           6   1.36471932969435     
          50          49  0.988948049370602     
          51           2   1.40568301979923     
          51          49   1.39135621335778     
          52           1  0.978007373049986     
          53           1  0.974884466418466     
          54           1  0.968911879467707     
          55           3  0.940898700450832     
          56           5  0.969567977985496     
          57           5  0.967500380650208     
          58           5  0.978170655671847     
          59           9  0.943320476655078     
          60          10  0.943441936927875     
          61          14  0.943677232848211     
          62          15  0.944655866482807     
          63          16  0.944960384039639     
          64          17  0.944626842554088     
          65          20  0.943132849079561     
          66          24  0.943908419493183     
          67          25  0.944806878130444     
          68          26  0.945144746300208     
          69          27  0.944691661024518     
          70          30  0.944702730893423     
          71          31  0.945147054555318     
          72          32  0.944806480506274     
          73          33  0.943789541640565     
          74          35  0.943142742189171     
          75          36  0.940563135704803     
          76          38  0.943436829254796     
          77          39  0.943389252707707     
          78          42  0.972806132322280     
          79          42  0.972524709834026     
          80          42  0.970846381305275     
          81          43  0.941262530784902     
          82          45  0.969888994682122     
          83          45  0.978553191745901     
          84          45  0.973328430390849     
          85          46  0.941015400425051     
          86          48  0.969847506730674     
          87          48  0.967336865954123     
          88          48  0.978218331739541     
          89          50  0.971746168991263     
          90          50  0.971855636832375     
          91          50  0.972045158867973     
          92          51  0.941431797982074     
