           2           1  0.953057938975901     
           3           2  0.946970260360827     
           4           3   1.40158899534167     
           5           4   1.43183873168070     
           6           5   1.41575596176015     
           7           6   1.45066320771955     
           8           3   1.33309805399629     
           8           7   1.35672016927023     
           9           8   1.02745899245832     
          10           9   1.02756209857232     
          11          10   1.35633010326546     
          12          11   1.45063934536863     
          13          12   1.41573432592106     
          14          13   1.43189986096228     
          15           2  0.946992502028493     
          15          10   1.33327932547033     
          15          14   1.40141507023970     
          16           9  0.952608497470671     
          17          16   1.38730457073261     
          18          17   1.42537559165307     
          19          18   1.40709290062415     
          20          19   1.40757864711000     
          21          16   1.38799051353195     
          21          20   1.42464686121536     
          22          19  0.750383211299210     
          23          22   1.75632018949259     
          24          22   1.75639894853568     
          25          22  0.750518192751595     
          26          25   1.40665500800893     
          27          26   1.42588073604292     
          28          27   1.38659976615497     
          29          28   1.38763234761248     
          30          25   1.40764407669833     
          30          29   1.42459631336754     
          31          28  0.953837366044727     
          32          31   1.02715210628507     
          33          32   1.35643544731281     
          34          33   1.45063191593507     
          35          34   1.41566417259830     
          36          35   1.43204793118106     
          37          32   1.33346298099601     
          37          36   1.40128780649254     
          38          37  0.946994508651021     
          39          38  0.947036230573378     
          40          39   1.40129247398994     
          41          40   1.43207069637212     
          42          41   1.41561461207440     
          43          42   1.45075571004370     
          44          31   1.02701990655205     
          44          39   1.33340385829001     
          44          43   1.35670307912822     
          45          38  0.953022163237775     
          46          38  0.953721456750270     
          47           2  0.953738821756075     
          48           1  0.977532324542009     
          49           1  0.975953051592352     
          50           1  0.975921234220546     
          51           4  0.942292219081696     
          52           5  0.944715085901812     
          53           6  0.943822077679311     
          54           7  0.941517432259100     
          55          11  0.941646668466341     
          56          12  0.943893326633889     
          57          13  0.944695124335146     
          58          14  0.942289838636203     
          59          17  0.941601092084103     
          60          18  0.942877594893017     
          61          20  0.942582711245319     
          62          21  0.941609296427105     
          63          26  0.942880950107153     
          64          27  0.941569238596916     
          65          29  0.941574944761791     
          66          30  0.942588006952133     
          67          33  0.941528270756018     
          68          34  0.943890804545076     
          69          35  0.944676050058208     
          70          36  0.942264470004388     
          71          40  0.942273846619396     
          72          41  0.944696681648214     
          73          42  0.943813849116874     
          74          43  0.941452234539023     
          75          45  0.977532558841568     
          76          45  0.975898131191693     
          77          45  0.975932213768880     
          78          46  0.975761889665088     
          79          46  0.975886858799313     
          80          46  0.977637929006204     
          81          47  0.977635100896405     
          82          47  0.975867325316623     
          83          47  0.975748540468926     
