           2           1   1.75973706995685     
           3           2   1.00986539502811     
           4           3   1.44291055798694     
           5           4   1.34254398141936     
           6           5   1.52518913567895     
           7           6   1.26491701300031     
           8           7   1.21401333581455     
           9           8  0.963132322243328     
          10           9   1.00690744988140     
          11          10   1.37515693911298     
          12          11   1.43078680478849     
          13          12   1.42538499661782     
          14          13   1.42454196983705     
          15          10   1.32968415455182     
          15          14   1.39969587224744     
          16          15   1.00894927578116     
          17          16   1.00941288133473     
          18          17   1.39670688521057     
          19          18   1.42690709238304     
          20          19   1.42344304147867     
          21          20   1.43326829774057     
          22           9   1.00386168424888     
          22          17   1.33249694700964     
          22          21   1.37270229236950     
          23           8   1.47117079006055     
          24          23   1.35323981826604     
          25          24   1.43359151181774     
          26           3   1.22139772344929     
          26           7   1.22156478557532     
          26          25   1.22181331806287     
          27          25   1.01414097109495     
          28          27   1.75635074085732     
          29           2   1.03849899196436     
          29          27   1.03743605009509     
          30          29  0.925383299109496     
          31          30   1.40170349652685     
          32          31   1.43035124869024     
          33          32   1.43138459145260     
          34          33   1.43131677715034     
          35          30   1.40156196597986     
          35          34   1.43045208359859     
          36           4  0.943591862039068     
          37           5  0.943275129543555     
          38           6  0.942395794964072     
          39          11  0.939780714047811     
          40          12  0.943677346050036     
          41          13  0.943671424787291     
          42          14  0.943542059243137     
          43          18  0.943538046330599     
          44          19  0.943749985584704     
          45          20  0.943783219216781     
          46          21  0.941239648457677     
          47          23  0.941836584351590     
          48          24  0.940501762386085     
          49          31  0.947689324841052     
          50          32  0.945351544672525     
          51          33  0.946162822962656     
          52          34  0.945342866354918     
          53          35  0.947668894654408     
