  6.050566866901974E-003
 -0.162794977307255     
  6.264822807408210E-002
 -5.011871283503044E-002
 -4.432255513973793E-002
  2.395317964928623E-002
 -2.662506735229542E-002
 -5.863115899841276E-002
 -2.546433272240289E-002
 -3.782797829637641E-002
 -4.929633015623125E-002
 -3.934482169177667E-002
 -4.275183771591351E-002
  3.790570386503456E-002
 -9.459366416340220E-002
  5.554888018542981E-002
 -4.260915364711426E-002
  7.900640572843187E-002
 -6.345912753459082E-003
 -4.421553847808113E-002
  4.989981216142203E-002
 -9.442612998733324E-002
  3.793793830303160E-002
 -4.205708683976273E-002
 -3.793640551960031E-002
 -4.893699844139032E-002
 -3.698442686398717E-002
 -2.769350849174756E-002
 -2.677451335910863E-002
 -3.672483447110952E-002
 -4.979237464388131E-002
 -4.151665096796719E-002
 -4.646630936412599E-002
  3.553916430241877E-002
 -3.799775030077690E-002
 -7.122610119647099E-003
 -4.673656781345770E-002
 -4.269210580922156E-002
 -3.915824006542579E-002
 -4.375669532380044E-002
  7.465960935636318E-002
 -0.128457775863847     
  4.146092660115974E-002
  4.352540406376171E-002
  4.154934638276386E-002
  4.241810531098744E-002
  4.425377781702744E-002
  4.139558266480403E-002
  4.072040302269297E-002
  3.896829652116585E-002
  4.279325474837770E-002
  4.101738235728380E-002
  4.690160367427210E-002
  4.812173821044907E-002
  4.120981734021822E-002
  4.326415274706186E-002
  3.892635404021239E-002
  4.091143637613415E-002
  4.198303063682574E-002
  3.965040545150933E-002
  4.250281829631009E-002
  3.908641146118685E-002
  4.750871439965576E-002
  4.837094983271595E-002
  3.842145105124639E-002
  4.109097950336482E-002
  4.241649870525432E-002
  3.855469579480197E-002
