 -0.102868088931710     
  2.728552888057045E-002
 -0.100571847084238     
 -0.102288604435752     
 -2.500189632636385E-002
 -4.808477152173296E-002
 -3.653884710663835E-002
  4.154993241214022E-002
 -2.663940444125146E-002
 -4.725190921430666E-002
 -2.532818088607947E-002
 -4.640730995682141E-002
 -2.371214023198220E-002
  2.763267524417889E-002
 -0.102141983262197     
 -0.102483174916649     
 -0.100381849571777     
 -4.818806662676867E-002
 -4.419926889403936E-002
  3.526084392359952E-002
 -8.282133660310542E-002
  6.360687496852391E-002
 -3.206257110295674E-002
 -3.203131154618966E-002
  6.361216325565566E-002
 -8.280417258947281E-002
  3.526745461193359E-002
 -4.419612067134349E-002
 -4.818739557643159E-002
 -2.371521960552769E-002
  2.763076970667644E-002
 -0.102486730507828     
 -0.102160854234121     
 -0.100375567888469     
 -4.640980131733219E-002
 -2.534013475783148E-002
 -2.664738248997622E-002
 -4.726212307394029E-002
 -2.500651385265851E-002
  2.729147915725560E-002
 -0.102873033240020     
 -0.102275301990150     
 -0.100571269091949     
 -4.809449737587279E-002
 -3.655732621644603E-002
  4.155459340339762E-002
  4.430894039977851E-002
 -0.175958769998469     
  5.515965522525335E-002
  1.013191774064026E-002
 -3.655233142768299E-002
 -3.043089356921680E-002
 -3.386494138224627E-002
 -2.939463472590287E-002
 -3.046740263959347E-002
  5.516055279777543E-002
  1.012368289636933E-002
 -3.656073306487784E-002
 -3.043124067053071E-002
 -3.386517646166176E-002
 -2.941574641982481E-002
 -3.052367572943648E-002
 -0.175922335138551     
  4.431963855198351E-002
  3.491409570168580E-002
  3.370351460403087E-002
  3.071230765074839E-002
  3.538757633250944E-002
  3.558718930903637E-002
  3.266297547963892E-002
  3.118730785096713E-002
  3.382738916304062E-002
  3.547380580191883E-002
  4.413819101860039E-002
  4.402164877440262E-002
  4.329230942634221E-002
  4.387516053267926E-002
  3.513064949945477E-002
  3.117626750814573E-002
  3.398877038603465E-002
  3.357654274522270E-002
  3.126429937864506E-002
  3.495495021280981E-002
  3.562199252259413E-002
  3.286045825327577E-002
  3.537384482946848E-002
  4.434919987623709E-002
  4.184172301958689E-002
  5.286789204292264E-002
  5.287079578554466E-002
  4.183989244210506E-002
  4.435227937506270E-002
  3.127131479225198E-002
  3.496822572594560E-002
  3.356723771549819E-002
  3.512887554275557E-002
  3.397941024319051E-002
  3.116204056924332E-002
  3.563171094593920E-002
  3.536816453859726E-002
  3.286134945723562E-002
  4.387627830253982E-002
  4.329008581286442E-002
  3.491805303023332E-002
  3.071056048647580E-002
  3.369082573005877E-002
  3.548015000419980E-002
  3.382289590500398E-002
  3.118741330353636E-002
  3.539943914442167E-002
  3.557962290833649E-002
  3.266078479340750E-002
  4.413636928909692E-002
  4.401105248134984E-002
  4.108130468503335E-002
  3.984289828431031E-002
  3.949349001425151E-002
  4.034679042502620E-002
  4.616337930554237E-002
  4.108834934527672E-002
  3.984301772678989E-002
  3.949481499083385E-002
  4.035921148212152E-002
  4.618903868802127E-002
