 -3.749659307360442E-002
 -3.445193954418357E-002
 -3.995673185558513E-002
 -2.980825621206051E-004
 -1.020604333792807E-002
 -3.885334215174208E-002
 -3.118781319270347E-002
  4.477448220736768E-002
 -2.285784456134188E-002
 -3.896510188688485E-002
 -1.987803149715095E-002
 -3.763084017455398E-002
 -9.869050200955520E-003
 -6.991485062490810E-004
 -3.964911415693617E-002
 -3.388806018314483E-002
 -3.675112985086315E-002
 -3.443081329739073E-002
 -4.105224342671843E-002
 -4.148360326410128E-002
 -4.199933268067468E-002
  3.772381427853322E-002
 -7.282904338788310E-002
  0.137023626858661     
 -4.340140834500605E-002
  0.137177512961958     
 -7.152857836194659E-002
  4.496889038128637E-002
 -3.109872656703949E-002
 -3.879335486021152E-002
 -9.761757413486727E-003
 -2.892842718384969E-004
 -3.992577477504078E-002
 -3.440554296131992E-002
 -3.740799722349486E-002
 -3.474660151266029E-002
 -4.064265871842654E-002
 -3.886981959663238E-002
 -2.260917125093798E-002
 -1.951006223092122E-002
 -3.750138749915166E-002
 -9.386955162023369E-003
 -7.036164079030627E-004
 -4.094928728189284E-002
 -3.435034378765423E-002
 -3.665563080847356E-002
 -3.385134223231123E-002
 -3.961150562212623E-002
 -4.138613454536433E-002
 -4.192955613492444E-002
  3.797330632352169E-002
 -0.212827151680264     
  7.907329741690283E-002
 -0.212721422054814     
 -4.074327102738895E-002
 -3.480649339947028E-002
  3.763851368252213E-002
  3.847634063227290E-002
  3.723061773178682E-002
  4.575797128772829E-002
  4.852856938927563E-002
  4.347292721260665E-002
  4.477553487987063E-002
  3.737337705781274E-002
  3.875113462075019E-002
  3.794239814323086E-002
  3.843331388301596E-002
  3.610253909239736E-002
  4.566345157406193E-002
  4.573282992650685E-002
  5.061947187730542E-002
  4.895131796982388E-002
  4.579370365617941E-002
  3.723750400157844E-002
  3.849335232903006E-002
  3.766079666970112E-002
  3.825960919454863E-002
  3.666146218580368E-002
  4.349148427387250E-002
  4.484145878420043E-002
  3.619770117178267E-002
  3.847299458681952E-002
  3.796384127757879E-002
  3.876230138126802E-002
  3.733572170913524E-002
  4.570513180358438E-002
  4.634628742261870E-002
  7.256002458668898E-002
  3.666341968006237E-002
  3.823670442173110E-002
