           2           1   1.42744640259696     
           3           2   1.43509788881345     
           4           3   1.38302543336503     
           5           4  0.949010408018948     
           6           5   1.12066151130504     
           7           6   1.02665618800950     
           8           7   1.35223838478611     
           9           8   1.45957853622500     
          10           9   1.36281935428642     
          11          10   1.00179759017404     
          12          11   1.37650625934403     
          13          12   1.37868236060445     
          14          13  0.998833921511535     
          15          14   1.36863405386859     
          16          15   1.43589631912718     
          17          16   1.43639111709467     
          18          17   1.36679195820920     
          19          18   1.00205677947630     
          20          19   1.36594653225686     
          21          20   1.43054500631816     
          22          21   1.43014292651836     
          23          22   1.41397958988905     
          24          19   1.36826803918554     
          24          23   1.43839431801851     
          25          14   1.38269011547660     
          25          18   1.38293374340649     
          26          13   1.37697621898010     
          27          26   1.37951566485297     
          28          27  0.995008835688761     
          29          28   1.36951286836098     
          30          29   1.43581786371232     
          31          30   1.43641751317880     
          32          31   1.36767432886992     
          33          32   1.00174959242690     
          34          33   1.36566696224074     
          35          34   1.43098300203040     
          36          35   1.42962673373654     
          37          36   1.41469681127474     
          38          33   1.36863977541083     
          38          37   1.43824300039653     
          39          28   1.38521086946194     
          39          32   1.38183000694680     
          40          11   1.37703320304967     
          40          27   1.37941674382396     
          41          10   1.36411045971960     
          42           7   1.35745406476782     
          42          41   1.45767515240453     
          43           6   1.55290914622514     
          44          43   1.17304021234942     
          45          44   1.13249814977754     
          46          45   1.30883521994191     
          47          46   1.49959559121162     
          48          47   1.35775099207932     
          49          48   1.49610893933954     
          50          45   1.26579885685802     
          50          49   1.31885750005501     
          51          50   1.10837292302333     
          52          51   1.32529307000595     
          53          52   1.49089835279816     
          54          53   1.35991743524630     
          55          54   1.49779896705144     
          56          51   1.24925964865820     
          56          55   1.30456663676765     
          57           5   1.08376638261452     
          57          44   1.38537682676558     
          57          56   1.15315794634419     
          58           4   1.39292431751151     
          59           1   1.43139486064516     
          59          58   1.43193838000600     
          60           1  0.945809773428132     
          61           2  0.944797355757395     
          62           3  0.947039119533912     
          63           8  0.944634250650796     
          64           9  0.944055376958138     
          65          12  0.944076549806520     
          66          15  0.946038307977896     
          67          16  0.944529466985964     
          68          17  0.946311470021686     
          69          20  0.945019285585421     
          70          21  0.945765966258370     
          71          22  0.949119490337899     
          72          24  0.948491090606858     
          73          25  0.945167553978674     
          74          26  0.944605996245675     
          75          29  0.946166636011097     
          76          30  0.944490763621457     
          77          31  0.946319125732038     
          78          34  0.944993885590410     
          79          35  0.945769287168441     
          80          36  0.949111379577652     
          81          38  0.948394995402154     
          82          39  0.945226316431670     
          83          40  0.944645263660092     
          84          41  0.944465486446283     
          85          42  0.942370372044795     
          86          46  0.944904551361022     
          87          47  0.945399880110331     
          88          48  0.945722296726048     
          89          49  0.942193666781171     
          90          52  0.941174754712960     
          91          53  0.945431785917950     
          92          54  0.945157578259927     
          93          55  0.938350636357180     
          94          58  0.946919931778484     
          95          59  0.944707987852671     
