 -0.309303150697738     
  0.223213041412241     
 -0.157782762063039     
 -9.975559378773369E-003
 -3.171908188760586E-002
 -3.737264757689474E-002
  1.618576109263525E-003
 -5.223295418964202E-002
  1.883577742000586E-002
 -3.169228853697525E-003
 -3.343041767912158E-002
 -2.213606099437015E-002
 -9.337592217320889E-003
  0.223996665825981     
 -0.308594365896959     
 -0.157179053940559     
 -3.109948710714061E-002
 -3.665563434790808E-002
 -6.103490399589795E-003
 -3.399674070870695E-002
 -3.096477663051989E-002
 -8.889584001276596E-003
  0.224114944788537     
 -0.309324015612569     
 -0.155566037547783     
 -2.294973963702596E-002
 -3.468189169666491E-002
 -2.647296846479463E-003
 -3.366464152048909E-002
 -2.951541516336675E-002
 -8.989023527696816E-003
  0.224165295018899     
 -0.308937005598975     
 -0.156504730032824     
 -2.177885232343524E-002
 -3.540672115123034E-002
 -3.260804672394535E-002
 -2.257947845397901E-002
  0.182576080769075     
  4.509034279825552E-002
  3.986561725858562E-002
  4.630135199473207E-002
  4.992498436519455E-002
  4.231076979939674E-002
  4.898895963972583E-002
  0.182991821176459     
  4.524185938193304E-002
  4.357108827611345E-002
  4.419944091506478E-002
  4.600797181301730E-002
  0.183010611828983     
  4.886320815929523E-002
  4.155035857553679E-002
  4.073995414099008E-002
  4.549475856379781E-002
  0.182972914540014     
  4.918136033080189E-002
  4.193627272743827E-002
  3.972081157884755E-002
  4.861064519916525E-002
