 -0.101823795597498     
  2.681463512495519E-002
 -0.101673701201388     
 -0.100006215067105     
 -1.380017043032034E-002
 -3.402894103942611E-002
 -4.096046782740359E-002
  9.142724659337631E-002
 -7.617201405150720E-002
 -4.256740284917537E-002
  1.589785063115023E-002
 -7.617054180590443E-002
 -4.255575916539467E-002
 -1.379973345864727E-002
  2.681245317592840E-002
 -0.101842158182389     
 -0.101669633917335     
 -0.100002462609202     
 -3.403483503288562E-002
 -4.096955967558280E-002
  9.142840941723218E-002
 -8.724848115613337E-002
  0.100332551914349     
 -5.018700587997760E-002
  6.868164849729208E-002
 -0.115595478801717     
  4.892650997085068E-002
 -5.633231318376453E-002
 -3.813403805410953E-002
 -4.957493685311309E-002
 -4.132081374250962E-002
 -1.802100360864944E-002
  1.428295049618677E-002
 -1.828367720872759E-002
 -4.144006934506272E-002
 -4.958875879335523E-002
 -3.812620034387049E-002
 -5.633687962413259E-002
  4.883893758182145E-002
 -1.823540112850619E-002
 -4.139597382828430E-002
 -4.973467054223324E-002
 -3.809856846490245E-002
 -5.639383668944031E-002
  4.892304733427100E-002
 -0.116214195601276     
  6.872446030503454E-002
 -5.007209374136590E-002
  0.100460391139739     
 -0.101374714465845     
  0.100418977827726     
 -4.978875285796569E-002
 -8.708503766725162E-002
  9.145175854669185E-002
 -4.097611881971819E-002
 -3.395964152891473E-002
 -1.379404658215222E-002
  2.681811039185567E-002
 -0.101834984372567     
 -0.101658518082121     
 -0.100014636424708     
 -4.267448149469466E-002
 -7.618740581688321E-002
  1.614297602667625E-002
 -7.617624460389028E-002
 -4.266581778813183E-002
 -1.380428503909759E-002
  2.681478473326981E-002
 -0.101835493923168     
 -0.100011126823437     
 -0.101672801220726     
 -3.396344654352479E-002
 -4.097956931500146E-002
  9.147752142292864E-002
 -8.696372032191579E-002
  4.880964945265776E-002
 -5.629800355920178E-002
 -3.809237966127998E-002
 -4.972919873091719E-002
 -4.141368270346302E-002
 -1.837503092483228E-002
 -5.009182958331060E-002
  0.100353724763730     
 -0.101563703798768     
 -8.726291672468101E-002
  3.405477667951651E-002
  3.507867065044346E-002
  3.195248840599885E-002
  3.501458823553560E-002
  3.417569914861474E-002
  3.192412448123438E-002
  3.323753439351529E-002
  3.583880349056734E-002
  3.619023637939567E-002
  4.518692676339475E-002
  3.917929371494178E-002
  5.005272292807272E-002
  5.004234325497903E-002
  3.405293674939058E-002
  3.512542806807495E-002
  3.197928971469710E-002
  3.498458443686925E-002
  3.417677890596726E-002
  3.189340894012760E-002
  3.580570129345129E-002
  3.621730572601600E-002
  3.323436825047388E-002
  4.519814444963532E-002
  3.917544586370714E-002
  4.077562345827646E-002
  3.971215450973964E-002
  4.254105235470806E-002
  3.975603536033823E-002
  4.260483476508992E-002
  4.267189190837728E-002
  3.969844685130608E-002
  4.250803252397550E-002
  3.966798799278504E-002
  4.257151964911099E-002
  3.971826774815745E-002
  4.252672170013749E-002
  3.957395210375125E-002
  4.069215944392801E-002
  4.079719506811752E-002
  3.917727433683627E-002
  4.520476705829168E-002
  3.405815537384504E-002
  3.511765837113834E-002
  3.197984080502891E-002
  3.417459368904174E-002
  3.498814707123898E-002
  3.190395636605647E-002
  3.324202758090911E-002
  3.618669935913454E-002
  3.583352256918515E-002
  5.017491047865474E-002
  5.016094784263025E-002
  3.405840122397819E-002
  3.509552118219295E-002
  3.195079684213764E-002
  3.324243488777956E-002
  3.585120969474087E-002
  3.616435417187269E-002
  3.502576996843365E-002
  3.192255464700344E-002
  3.417050153308154E-002
  4.521244831419091E-002
  3.918527289844764E-002
  3.950575096481679E-002
  4.251180283251432E-002
  3.970019004660452E-002
  4.264134829055832E-002
  4.079244776998792E-002
