           2           1  0.966177206443181     
           3           2  0.976763287278467     
           4           2  0.966336095041748     
           5           2  0.937706579551772     
           6           5   1.35281968504538     
           7           6   1.46029682804466     
           8           7   1.36390663287718     
           9           8   1.26643894069896     
          10           5   1.42801894148656     
          10           9   1.35297695656027     
          11           9   1.08427189705852     
          12          11   1.35276059906680     
          13          12   1.42816968762716     
          14          13  0.937717275808507     
          15          14  0.976776886917144     
          16          14  0.966138663112573     
          17          14  0.966354869335863     
          18          13   1.35268471675234     
          19          18   1.46046979163314     
          20          11   1.26672619428191     
          20          19   1.36373276948678     
          21           8   1.05442949248402     
          21          20   1.05417742734796     
          22          21  0.979901872131792     
          23          22   1.37556082553833     
          24          23   1.45161976056643     
          25          24   1.36521111048139     
          26          25   1.00850676015018     
          27          26   1.36957323817075     
          28          27   1.44568426586820     
          29          28   1.37110051800275     
          30          29   1.29586301945903     
          31          26   1.34840743773135     
          31          30   1.44572523268336     
          32          30  0.934100212791920     
          33          32  0.910414155846160     
          34          33   1.44847722835266     
          35          34   1.34571349023977     
          36          35   1.00964528819554     
          37          36   1.36134113720146     
          38          37   1.45478513623698     
          39          38   1.37314655288828     
          40          39  0.979468686465376     
          41          40   1.05469573841861     
          42          41   1.36334710411921     
          43          42   1.46073342115239     
          44          43   1.35254031994991     
          45          44  0.937719532846404     
          46          45  0.966316507595734     
          47          45  0.966098707041228     
          48          45  0.976834719831208     
          49          44   1.42816802723809     
          50          41   1.26671645336014     
          50          49   1.35277162465334     
          51          50   1.08411555692041     
          52          51   1.35312568299558     
          53          52   1.42796459311242     
          54          53  0.937744603257248     
          55          54  0.976772007197875     
          56          54  0.966425129496317     
          57          54  0.966063862916031     
          58          53   1.35279671687791     
          59          58   1.46036605004357     
          60          40   1.05489349227932     
          60          51   1.26614164267903     
          60          59   1.36396106245116     
          61          39   1.37783692479131     
          62          36   1.36758545430125     
          62          61   1.44944753014251     
          63          35   1.37105225230471     
          64          63   1.44437540340057     
          65          29   1.04378000439072     
          65          33   1.29663053743426     
          65          64   1.37039384224050     
          66          32  0.929717609947934     
          67          66   1.41176794632973     
          68          67   1.42339379090857     
          69          68   1.42259280232481     
          70          69   1.44227081206270     
          71          66   1.32461116343662     
          71          70   1.36545609627491     
          72          71   1.02571354417663     
          73          72  0.948013253602212     
          74          73   1.39667874222436     
          75          74   1.43220984171799     
          76          75   1.43118365046490     
          77          76   1.42878637044442     
          78          73   1.38890714623541     
          78          77   1.43378593757657     
          79          72   1.02446094363221     
          80          79   1.36399466117141     
          81          80   1.44401040209650     
          82          81   1.42142569408951     
          83          82   1.42470298374824     
          84          32  0.929308567942087     
          84          79   1.32744711378648     
          84          83   1.40990443106281     
          85          25   1.36574057761776     
          86          22   1.37609065631602     
          86          85   1.45129160786537     
          87           1  0.978168714887260     
          88           1  0.977935867109920     
          89           1  0.976071257327735     
          90           3  0.977620424534651     
          91           3  0.978304987905410     
          92           3  0.977532556614981     
          93           4  0.977891811529896     
          94           4  0.976020305348230     
          95           4  0.978175975943982     
          96           6  0.941852727848931     
          97           7  0.941784166823930     
          98          10  0.942181316830587     
          99          12  0.942199651683528     
         100          15  0.977628733716645     
         101          15  0.977526593515864     
         102          15  0.978309163412049     
         103          16  0.976056248316855     
         104          16  0.977932182184559     
         105          16  0.978164691061622     
         106          17  0.977897861887964     
         107          17  0.976023747087741     
         108          17  0.978179141940406     
         109          18  0.941830104755271     
         110          19  0.941680019103708     
         111          23  0.944476082495571     
         112          24  0.943590240115956     
         113          27  0.943939465276544     
         114          28  0.943661057890134     
         115          31  0.944346555964436     
         116          34  0.940711555008517     
         117          37  0.943041954389650     
         118          38  0.944552561239961     
         119          42  0.941173053544082     
         120          43  0.941822254728889     
         121          46  0.978166834066992     
         122          46  0.976043465756290     
         123          46  0.977894089271884     
         124          47  0.976073210985159     
         125          47  0.978153028892980     
         126          47  0.977928489394089     
         127          48  0.978299152951143     
         128          48  0.977506859621377     
         129          48  0.977609648488558     
         130          49  0.942222896176597     
         131          52  0.942202740879704     
         132          55  0.978306638693334     
         133          55  0.977511641964335     
         134          55  0.977640275671593     
         135          56  0.975987714203649     
         136          56  0.977901988062154     
         137          56  0.978187384021390     
         138          57  0.978155459688223     
         139          57  0.977926064911207     
         140          57  0.976080202398167     
         141          58  0.941842004883032     
         142          59  0.941967397992688     
         143          61  0.944667556302472     
         144          62  0.943727238281877     
         145          63  0.944355736586129     
         146          64  0.943729163618090     
         147          67  0.941940968436958     
         148          68  0.944440266098153     
         149          69  0.943718619977231     
         150          70  0.940822124113030     
         151          74  0.945310891193192     
         152          75  0.944796083217877     
         153          76  0.946142950010590     
         154          77  0.945109329100471     
         155          78  0.946864303609491     
         156          80  0.942217765669935     
         157          81  0.943801369814532     
         158          82  0.944521902651601     
         159          83  0.942002864273425     
         160          85  0.943597983523954     
         161          86  0.944565235483884     
