 -0.273606632504825     
  0.192936264352160     
  3.616728168878147E-003
 -1.371779665149564E-002
 -1.144158035426024E-002
 -2.883613451867983E-002
  1.039203693793000E-002
  5.679194483498096E-002
 -0.132158719655273     
  4.484865301092578E-002
 -6.054601650193270E-002
 -3.956576047049065E-002
 -4.609790559247706E-002
 -4.106338086090933E-002
 -5.591775716962566E-003
 -4.969144545428072E-003
 -5.574781059709544E-003
 -4.104937487183147E-002
 -4.607927390609579E-002
 -3.954265055286310E-002
 -6.049981988360909E-002
  4.481642348917614E-002
 -9.520480582571267E-003
 -1.027103133897800E-002
  2.758146832367636E-003
 -5.106712174689498E-003
  0.193611889292614     
 -0.274557100143968     
 -0.130416898852113     
  6.545404479866468E-002
 -2.424870657194678E-002
 -2.854991240461846E-002
 -3.423847787635026E-002
 -2.856673682602917E-002
 -2.430966931006129E-002
  5.464342058328486E-002
  4.740606682565851E-002
  5.054927813325905E-002
  3.983181985081530E-002
  4.391073723914862E-002
  4.307258324304775E-002
  4.479363541851589E-002
  4.479371161195500E-002
  4.307114660721145E-002
  4.391214768744944E-002
  3.983373644035137E-002
  4.904842114372154E-002
  6.100407124914375E-002
  3.867325469825156E-002
  4.151560402953081E-002
  3.871930140655055E-002
  4.150488574398536E-002
  3.861652009856953E-002
