 -3.753219328678803E-002
 -5.164384223531737E-002
 -4.022330636702609E-002
 -1.508662179566223E-002
  4.861574301060401E-002
 -5.854903375650622E-002
 -0.126048576942871     
  4.860063893942135E-002
 -5.855037549319775E-002
 -3.754349829915782E-002
 -5.165224492843823E-002
 -4.024425881588378E-002
 -1.510987993860002E-002
  1.270415011389270E-002
 -1.704166423055753E-002
 -3.511855320484703E-002
 -3.594997109295583E-002
 -3.676026288982737E-002
 -3.708661460449747E-002
 -1.546267246448796E-002
 -1.504235063209780E-002
 -3.705096500127336E-002
 -3.669242468068212E-002
 -3.602821589649619E-002
 -3.508446429210732E-002
 -1.593974428912048E-002
  4.246642457809369E-002
  3.978131406002050E-002
  4.275971729004824E-002
  3.448147154405601E-002
  0.138517239337293     
  3.447905737634460E-002
  4.246110750738996E-002
  3.977840907064689E-002
  4.278535615764734E-002
  3.973207658671063E-002
  4.015232824589199E-002
  4.011799262331783E-002
  3.878847851045308E-002
  3.902957313992550E-002
  4.022597550105145E-002
  4.027820951940808E-002
  3.968647202616449E-002
