 -0.211646903873199     
  0.101454787856539     
  1.278636176647696E-002
 -1.426467078145510E-002
 -1.943859045564800E-002
  7.698112462448448E-002
 -8.166152691918871E-002
  6.549419076849672E-002
  2.431386182691675E-002
 -4.476400784154055E-002
 -3.038384660650362E-002
  4.360675761650334E-002
 -5.066739536644693E-002
 -2.574412450885788E-002
 -2.361880731717481E-002
 -0.215707253376841     
 -8.315349796575333E-003
  1.343781215632855E-002
 -2.794711548867745E-002
 -3.443068389928872E-002
 -3.943143737549892E-002
 -4.327288220688796E-002
 -1.132351697370737E-002
 -1.972648471560312E-003
 -3.908458636982104E-002
 -3.912597620087599E-002
 -3.640628869783935E-002
 -5.089888942184384E-002
  3.380536671182099E-003
  9.724582764266021E-003
 -1.560474530960931E-002
 -1.423813898098469E-002
  5.458784128677063E-002
  4.712577066787005E-002
  4.481508362379127E-002
  4.774724555576293E-002
  4.911570093983375E-002
  5.060077524046358E-002
  4.404292891020500E-002
  4.063438529494634E-002
  3.930176804111718E-002
  4.183343864616140E-002
  4.487936451592001E-002
  4.060755562811424E-002
  4.082335469891463E-002
  3.990047200353031E-002
  4.808471374811407E-002
  5.466897138734406E-002
