           2           1   2.82738159981237     
           3           2   1.05491822966810     
           4           3   1.34197969492981     
           5           4   1.45350710199310     
           6           5   1.37832257365740     
           7           6  0.962608392721045     
           8           7   1.10611556410564     
           9           8   1.03526828066284     
          10           9   1.35839840500659     
          11          10   1.45056934208776     
          12          11   1.38676813569729     
          13          12   1.00830121348697     
          14          12   1.38136547940854     
          15           9   1.34831618317730     
          15          14   1.45747299002116     
          16           8   1.55658771412470     
          17          16   1.17357104752722     
          18          17   1.13114420384402     
          19          18   1.30978196529445     
          20          19   1.49870831753203     
          21          20   1.35853363858817     
          22          21   1.49570159469045     
          23          18   1.26631564468998     
          23          22   1.31911113016063     
          24          23   1.10809984982347     
          25          24   1.32592037967018     
          26          25   1.49040073074766     
          27          26   1.36040650331022     
          28          27   1.49730415708014     
          29          24   1.24858169621490     
          29          28   1.30480695968492     
          30           7   1.07818681954260     
          30          17   1.38673095752455     
          30          29   1.15356437688795     
          31           6   1.36852709511045     
          32           3   1.33769713136196     
          32          31   1.45713650084256     
          33           4  0.943294583705778     
          34           5  0.944572869008145     
          35          10  0.941962505581681     
          36          11  0.942027905276560     
          37          14  0.941661775886360     
          38          15  0.944347547070876     
          39          19  0.944927194892321     
          40          20  0.945376442961781     
          41          21  0.945682437130987     
          42          22  0.942142436060828     
          43          25  0.941026512253206     
          44          26  0.945370069275765     
          45          27  0.945094082613674     
          46          28  0.938694565581953     
          47          31  0.944564418607654     
          48          32  0.943180726343468     
