 -0.137080758686073     
  7.096601478248399E-002
 -2.161874714552869E-002
  4.638801443812879E-002
 -0.123002407869773     
  4.917515311261322E-002
 -5.799261025627178E-002
 -4.059179379679012E-002
 -4.798218601866466E-002
 -4.268195676806918E-002
 -4.808696516450439E-003
 -7.877602254692917E-003
 -4.580811529543816E-003
 -4.265223512445182E-002
 -4.831054734977869E-002
 -4.145403522838542E-002
 -5.900682282440251E-002
  4.959372145237850E-002
  8.830433524250170E-002
 -0.128057854069470     
 -5.123951860595977E-002
  7.132182972800738E-002
 -0.125907035444757     
  4.673822211250833E-002
 -3.119697885684669E-002
 -3.052566217718855E-002
 -3.527357450231072E-002
 -3.131129979487657E-002
 -1.740054046172723E-003
 -1.304021028144131E-002
 -2.668536062584437E-003
 -3.169528401220045E-002
 -3.526309494434443E-002
 -3.273393850613804E-002
 -3.506814726473095E-002
  4.361938154201761E-002
  5.588586381101412E-002
  3.952691664836483E-002
  4.291562449127673E-002
  4.199805087530006E-002
  4.381733611192262E-002
  4.391195723387753E-002
  4.196126851636106E-002
  4.243168879477244E-002
  3.881022138325296E-002
  5.558292497926176E-002
  4.051359505082741E-002
  4.497644790409960E-002
  4.325922244648284E-002
  4.536120891334883E-002
  4.581939495176390E-002
  4.394394553083847E-002
  4.551165976789917E-002
  4.302840011662901E-002
