 -0.340014704711249     
  0.420505386173925     
 -0.340056237825885     
 -7.679345524053360E-003
 -3.924804131413495E-003
 -2.158471241098248E-002
  6.947713098319541E-002
 -0.125744369532784     
  4.592196168676033E-002
 -5.447765323588882E-002
 -4.285436382845464E-002
 -4.712834128902976E-002
 -4.599514576131902E-002
  7.466291112602974E-002
 -0.137934576425492     
  7.565314091260911E-002
 -4.592341455200621E-002
 -4.774594076407990E-002
 -4.495891907990135E-002
 -5.752289556503865E-002
  4.645146763405839E-002
 -3.369378144160784E-002
  1.513991915054902E-002
  1.907927655777675E-002
 -1.880869331848878E-002
 -3.670364913491930E-002
 -3.349846836070647E-002
 -3.085264731891169E-002
 -3.171307968136095E-002
 -1.147744630067926E-002
 -1.604405714506285E-002
 -3.362903629219360E-002
 -3.244313847093849E-002
 -2.992947073316632E-002
 -3.392247740057108E-002
 -2.014187716136373E-002
  1.512086929651435E-002
 -3.372796118932087E-002
  6.947113445649267E-002
 -0.125752796716450     
  4.590901640967537E-002
 -5.447351724095384E-002
 -4.285029735635160E-002
 -4.712510452311225E-002
 -4.599355439830433E-002
  7.466610316379274E-002
 -0.137945499215228     
  7.563788065020915E-002
 -4.592436384175613E-002
 -4.775838958636314E-002
 -4.495465732273729E-002
 -5.750332142973136E-002
  4.646741617934724E-002
 -2.156268254444349E-002
 -3.926240677677661E-003
 -7.691924784950288E-003
  5.981458727242217E-002
  5.174694428711935E-002
  4.359259439368024E-002
  4.424863670451062E-002
  4.295685771092661E-002
  4.098849301426866E-002
  4.114336172386335E-002
  4.265000925861362E-002
  4.291864082391950E-002
  4.326756415979904E-002
  5.184133457167983E-002
  3.919332046646928E-002
  4.204609632781042E-002
  4.252008687567577E-002
  4.209265545278040E-002
  4.018266436800277E-002
  4.168211395031851E-002
  4.289713662847727E-002
  4.849023852853718E-002
  5.185178084167186E-002
  4.359589078060788E-002
  4.425138427466402E-002
  4.295566703177134E-002
  4.098716485460863E-002
  4.114381880288787E-002
  4.264644874838297E-002
  4.291909230214397E-002
  4.325462904959521E-002
  5.173825397418974E-002
  5.981247666454415E-002
