 -8.272724339085968E-002
 -4.099964767429576E-003
 -6.393180035899881E-002
 -3.566995147707086E-002
 -2.588614095118213E-002
 -2.714742644465673E-002
 -3.503907305161480E-002
 -6.125583435668602E-002
  3.223011985892921E-003
 -8.209998198171675E-002
 -5.342717357864935E-002
  4.850207584382060E-002
 -8.986553865023161E-002
  7.483964329635695E-002
 -2.049292325831509E-002
 -2.904323105049755E-002
 -2.596792893369049E-002
 -3.885813556244067E-002
  3.035883952744678E-002
  0.102094522694804     
 -0.154217938567962     
 -0.158213843466766     
  0.105655125146130     
  2.504596232762601E-002
 -3.719994415805594E-002
 -2.966235306100273E-002
 -2.860579065685087E-002
 -2.408343456278494E-002
  7.529654290404908E-002
 -8.721026935631304E-002
  3.914681859142277E-002
 -6.196263621417053E-002
 -2.514352607241754E-003
 -8.227203024750729E-002
 -6.272459995537716E-002
 -3.590056796847385E-002
 -2.599053889850467E-002
 -2.483197400859805E-002
 -3.319390124063304E-002
 -5.844183832692984E-002
  2.786834815805328E-003
 -8.369261000120254E-002
 -5.741998424818906E-002
  4.689843005050109E-002
 -9.977713573991931E-002
  3.793483505540074E-002
 -6.424775067573041E-002
  4.182503198156007E-002
  3.773430207314588E-002
  4.236949147164004E-002
  3.498830802798159E-002
  4.447106322689598E-002
  4.249918153073751E-002
  3.430600650347237E-002
  4.392585664720305E-002
  3.978147804970988E-002
  3.738666979918537E-002
  3.158011157135210E-002
  4.605980359329509E-002
  4.880281676392983E-002
  4.479643885443907E-002
  4.581054678352425E-002
  4.507918337214034E-002
  4.434275195938497E-002
  4.814485608227870E-002
  4.626869875278616E-002
  3.395437419923997E-002
  4.136917198528822E-002
  4.280310911091723E-002
  3.815697869529278E-002
  3.515246095526159E-002
  4.436533825989653E-002
  4.292588267117692E-002
  3.471326993144419E-002
  4.507104863332279E-002
  3.965018126317699E-002
  3.573005188902245E-002
  2.960486517046668E-002
  3.222386972779945E-002
