           2           1   1.42647119810839     
           3           2   1.44174884864922     
           4           3   1.37458245642763     
           5           4   1.00280701672601     
           6           5   1.36286048103438     
           7           6   1.43179446477209     
           8           7   1.44320817145893     
           9           8   1.35283645953968     
          10           9   1.04108294450652     
          11          10   1.34434656315319     
          12          11   1.34483528760336     
          13          12   1.04095182198592     
          14          13   1.35294706018278     
          15          14   1.44314936183093     
          16          15   1.43181847894561     
          17          16   1.36288905239260     
          18          17   1.00274094339689     
          19          18   1.37233450419101     
          20          19   1.44354778836263     
          21          20   1.42511518979052     
          22          21   1.42648823924268     
          23          18   1.37463005991050     
          23          22   1.44172010063850     
          24          13   1.36483224750696     
          24          17   1.39093540663821     
          25          12   1.34487005813374     
          26          25   1.34364689806673     
          27          26   1.04220015141845     
          28          27   1.35114220929967     
          29          28   1.44474942147634     
          30          29   1.43062037290552     
          31          30   1.36411673253383     
          32          31   1.00074736018721     
          33          32   1.37410239915222     
          34          33   1.44246220677796     
          35          34   1.42581330071849     
          36          35   1.42634121634552     
          37          32   1.37474112435152     
          37          36   1.44182849893182     
          38          27   1.36535104178258     
          38          31   1.39116242268341     
          39          10   1.34536303912034     
          39          26   1.34325821211158     
          40           5   1.39090879988939     
          40           9   1.36482421423368     
          41           4   1.37232256684969     
          42           1   1.42511420454939     
          42          41   1.44355344625251     
          43           1  0.947558680821960     
          44           2  0.946650105717522     
          45           3  0.947018625577914     
          46           6  0.945919449941785     
          47           7  0.944644383010772     
          48           8  0.945360286786337     
          49          14  0.945392671397500     
          50          15  0.944645038409748     
          51          16  0.945919617798952     
          52          19  0.946657484182816     
          53          20  0.946556284611309     
          54          21  0.947557800748531     
          55          22  0.946650697719665     
          56          23  0.947026762176035     
          57          24  0.943382792158942     
          58          28  0.945006878895338     
          59          29  0.944565686024369     
          60          30  0.945853934989886     
          61          33  0.946886031903085     
          62          34  0.946642713183627     
          63          35  0.947538813856933     
          64          36  0.946625529297915     
          65          37  0.947051786304303     
          66          38  0.944191902789356     
          67          40  0.943376721314679     
          68          41  0.946658554995976     
          69          42  0.946558653609687     
