           2           1   1.42163306574657     
           3           2   1.44806364362478     
           4           3   1.35913698588113     
           5           4   1.03306315051406     
           6           5   1.18037663183693     
           7           6   1.53594511347956     
           8           7   1.04402954616952     
           9           8   1.34168279515156     
          10           9   1.47347080591964     
          11          10   1.34871809631883     
          12          11   1.05156758027614     
          13          12  0.975133567655183     
          14          13  0.982888596527439     
          15          14  0.992809664873827     
          16          15  0.985673574040697     
          17          16  0.971538417285748     
          18          17   1.42167033017087     
          19          18   1.38852032264058     
          20          19   1.46480514927649     
          21          20   1.34713008680319     
          22          17   1.32801643080190     
          22          21   1.26485367202312     
          23          22   1.08721392363513     
          24          23   1.09653493212820     
          25          24   1.36258058830477     
          26          25   1.45297928644101     
          27          26   1.39201966615576     
          28          27   1.45995390287852     
          29          21   1.09076952255343     
          29          24   1.25593542934199     
          29          28   1.35470140451220     
          30          11   1.35521732988925     
          31           8   1.35163571451012     
          31          30   1.45773322621337     
          32           7   1.12690499496549     
          33          32  0.957301212624749     
          34          33   1.38876603602627     
          35          34   1.43362853426667     
          36          35   1.43025008082041     
          37          36   1.42716237481517     
          38          33   1.38461216740476     
          38          37   1.43725281250935     
          39           5   1.50053895454014     
          39          32   1.08867167228117     
          40          39   1.01263714308098     
          41          40   1.36284607005589     
          42          41   1.44486322102938     
          43          42   1.42198525574809     
          44          43   1.42695270667084     
          45          40   1.36827035251096     
          45          44   1.44000158245397     
          46           4   1.36306513178873     
          47           1   1.42304351016131     
          47          46   1.44602612724727     
          48           1  0.947494860214168     
          49           2  0.946381757472294     
          50           3  0.946098941921595     
          51           9  0.940092997080054     
          52          10  0.946255982822403     
          53          13  0.974526886485250     
          54          13  0.960926921630309     
          55          14  0.960806337632345     
          56          14  0.960650150496392     
          57          15  0.966077495141172     
          58          15  0.965413131597341     
          59          16  0.962659430748705     
          60          16  0.954214496829004     
          61          18  0.943319338755141     
          62          19  0.943886997984805     
          63          20  0.943389364513215     
          64          23  0.952412274734554     
          65          25  0.945829068773142     
          66          26  0.944814789544317     
          67          27  0.944566349988845     
          68          28  0.943992046831428     
          69          30  0.941912444120188     
          70          31  0.943927999645799     
          71          34  0.944451060275033     
          72          35  0.945054724190964     
          73          36  0.946098336617117     
          74          37  0.945024660389060     
          75          38  0.946752776604367     
          76          41  0.945941570929908     
          77          42  0.945720439183462     
          78          43  0.947195324588102     
          79          44  0.945940843180817     
          80          45  0.945986704714558     
          81          46  0.944859685356570     
          82          47  0.946568818827796     
