 -0.136193908242531     
  0.284980692883310     
 -0.130415085447145     
 -0.140643122082656     
  3.473564916966954E-002
 -2.253968197002543E-002
 -1.531385602520796E-002
 -2.384520909532828E-002
  7.966413969878383E-002
 -7.865292037369365E-002
  6.598769359795797E-002
  9.278975655170552E-003
 -4.114318377820858E-002
 -4.270918098821941E-002
  8.205370660965405E-002
 -0.154822552463265     
  3.654473123990831E-002
 -5.660849779415056E-002
 -5.330215363782909E-002
  1.998882699659665E-002
 -9.452197052029554E-002
  2.744737247018358E-002
 -5.281230322262864E-002
 -4.494936702646779E-002
 -5.138365225076402E-002
 -3.316499531160488E-002
 -2.778793197060647E-002
 -2.673332235236359E-002
 -3.518910869622349E-002
 -5.532055419850845E-002
 -4.539578043036219E-002
 -5.032508518746326E-002
  2.795791233006506E-002
 -4.506467310873319E-002
 -2.171919129301969E-002
 -0.225404817169625     
 -1.673323792945247E-002
  1.970565895568477E-002
 -3.130303268206625E-002
 -3.539566496552649E-002
 -4.256952515791479E-002
 -3.800766237511954E-002
 -4.473221798196469E-002
 -5.713643876744889E-003
  1.212589593724456E-002
 -4.024843608717177E-002
 -3.373458375895133E-002
 -3.746973095075479E-002
 -3.160593944399004E-002
 -3.151279916244398E-002
 -2.087116221263763E-002
  4.792369957090470E-002
  5.250121512515671E-002
  4.766561512272594E-002
  4.268755876715014E-002
  3.807149830636680E-002
  3.793657508168990E-002
  4.611364323748268E-002
  3.783727164432960E-002
  3.311018492901852E-002
  3.435324509765936E-002
  3.390969298170610E-002
  5.273802104879477E-002
  4.754362559105030E-002
  3.706934447455246E-002
  4.083359192665181E-002
  3.994434668499502E-002
  5.082014866171536E-002
  4.578047177422517E-002
  3.758159979800291E-002
  4.056039606385875E-002
  3.752894085209213E-002
  4.241800238405069E-002
  4.938805725269124E-002
  4.223920742963883E-002
  3.866438150305207E-002
  3.667907983914276E-002
  3.769757971035326E-002
  3.722801770694739E-002
  3.872555200972982E-002
  4.000289246598676E-002
  3.902251500743903E-002
  4.093640858279068E-002
  4.087360416062535E-002
  4.900250088481806E-002
