 -0.182666127621920     
  0.168023871896472     
 -2.714491114422746E-002
 -1.222344721024093E-002
 -2.168689165736026E-002
 -1.716636369529034E-002
 -1.526176591638961E-002
  3.485506859703946E-003
  4.494408407138062E-002
 -0.180210498138564     
  4.369394951078442E-002
 -2.673091446721987E-002
  5.814700224251457E-003
 -1.011129072367289E-002
 -3.626619565744615E-002
 -4.264995029211427E-002
  5.475273653477863E-002
 -0.125966957479165     
  5.387888824766573E-002
 -4.635844954253177E-002
 -3.449842883296128E-002
 -4.786745646333834E-002
 -3.452967931957485E-002
 -4.650054091197564E-002
  5.296131227339140E-002
 -4.412030681060131E-002
 -3.467353715426835E-002
 -4.584323368939724E-002
 -3.456920245310258E-002
 -4.476056926030925E-002
 -4.278619589479593E-002
 -3.648162735203364E-002
  5.915627948281710E-003
 -7.304026807909203E-003
 -3.529672088726610E-002
 -4.041866998191690E-002
  5.427414553273735E-002
 -0.127526954445941     
  5.309240078316790E-002
 -4.426358023614174E-002
 -3.445547744889410E-002
 -4.672871475796914E-002
 -3.399229558221162E-002
 -4.573576799463286E-002
  5.325136713991174E-002
 -4.739509064954639E-002
 -3.445137685803967E-002
 -4.869398139480108E-002
 -3.531735855572560E-002
 -4.910488305846439E-002
 -4.004386837556151E-002
 -3.472364471978029E-002
 -2.643120753447992E-002
  4.586539465287576E-002
 -0.164332668729087     
  3.127330576325127E-002
  4.964626822650764E-002
  4.544103373909536E-002
  4.654504585359265E-002
  4.829885929838229E-002
  4.515678235333742E-002
  4.494822224691786E-002
  4.115217224231782E-002
  3.801693018002295E-002
  4.141353679380411E-002
  3.814595697249501E-002
  4.138629408995764E-002
  3.764429784429002E-002
  3.764778204329045E-002
  4.116774285740576E-002
  3.851183548462167E-002
  4.569228244435042E-002
  3.905821231400441E-002
  4.101081583853883E-002
  4.292371845054965E-002
  4.291294191566453E-002
  4.075889579216752E-002
  3.825647236292584E-002
  4.154158527568330E-002
  3.827457029359005E-002
  4.177147450295804E-002
  3.904889650655774E-002
  3.788089925020954E-002
  4.163044388968584E-002
  3.811087750546194E-002
  4.125564095217560E-002
  3.853717087872366E-002
  4.144298437208260E-002
  4.392056756275753E-002
  4.691232793414590E-002
