           2           1   1.42126201227596     
           3           2   1.44881739365961     
           4           3   1.36059314992254     
           5           4   1.03624969671426     
           6           5   1.33207268861513     
           7           6   1.38300633782324     
           8           7  0.984881358414003     
           9           8   1.39362286632339     
          10           9   1.42909860318941     
          11          10   1.43162744924406     
          12          11   1.42195827715522     
          13           8   1.32487416332029     
          13          12   1.41100247283274     
          14          13  0.958705271335384     
          15          14   1.04990975509270     
          16          15   1.37177160243691     
          17          16   1.44972868190537     
          18          17   1.39548329542432     
          19          18   1.45879105652975     
          20          15   1.26437622099213     
          20          19   1.35283830803670     
          21          20   1.08912665962663     
          22          21   1.31776534535008     
          23          22   1.04697702279758     
          24          23   1.04042529470469     
          25          24   1.39214249605174     
          26          25   1.43890987526013     
          27          26   1.40565104398952     
          28          27   1.45317624852314     
          29          24   1.26891570500774     
          29          28   1.35800970417404     
          30          22   1.28665776675979     
          30          29   1.08043658374861     
          31          30   1.32892043193846     
          32          31   1.47364409555182     
          33          14   1.05429343579440     
          33          21   1.26994957458851     
          33          32   1.34837187156155     
          34           7   1.32143900837109     
          35          34   1.07100261254735     
          36          35   1.05813169244201     
          37          36   1.37686251686330     
          38          37   1.45619977636967     
          39          38   1.38665324175116     
          40          39   1.47336740949122     
          41          36   1.28831434750285     
          41          40   1.33357496936527     
          42          34   1.25745351351426     
          42          41   1.09617576199251     
          43           5   1.37340729719540     
          43          42   1.33749963233524     
          44           4   1.36089312140745     
          45           1   1.42203098556229     
          45          44   1.44811096614723     
          46           1  0.947020601032695     
          47           2  0.946223674719072     
          48           3  0.945986031152016     
          49           9  0.943685741645940     
          50          10  0.944145305814537     
          51          11  0.944126702906575     
          52          12  0.944699407792849     
          53          16  0.944159091475761     
          54          17  0.944996787140807     
          55          18  0.945194288248665     
          56          19  0.944457433669345     
          57          25  0.946082909710604     
          58          26  0.945915824057200     
          59          27  0.945164051599222     
          60          28  0.945131619396261     
          61          31  0.941458866173024     
          62          32  0.941980998505082     
          63          37  0.945796397295266     
          64          38  0.945125754010966     
          65          39  0.944884997512457     
          66          40  0.944622488384972     
          67          44  0.946475015102549     
          68          45  0.946607028758543     
