 -3.216104095410532E-002
 -3.468824681464877E-002
 -3.574879953888033E-002
 -9.532100479412886E-002
  0.297352348417623     
 -9.516414019358788E-002
 -3.533887013391457E-002
 -3.413910297066547E-002
 -3.261761850473199E-002
 -3.493516716827560E-002
 -3.592464400808026E-002
 -9.395050306409658E-002
 -3.497664818568236E-002
 -3.446221473337907E-002
 -3.250813107145234E-002
 -3.384636297729138E-002
 -3.445824950219656E-002
 -9.340225991564122E-002
 -3.156216839077430E-002
 -3.295079914585841E-002
 -3.233887395859192E-002
 -9.396382151516569E-002
  0.297070761446171     
 -9.506666438144595E-002
 -3.545580777600321E-002
 -3.468773268103487E-002
 -3.250972716593648E-002
 -3.428134208602618E-002
 -3.533257227740805E-002
 -9.505760668359287E-002
 -3.571771344262853E-002
 -3.472499086469139E-002
 -3.214773792902026E-002
 -3.389591057940233E-002
 -3.484449020584979E-002
 -9.414142579163887E-002
 -3.450933083788232E-002
 -3.364790961473219E-002
 -3.234123098149677E-002
 -3.450828464512590E-002
 -3.546976235767829E-002
 -3.699413438730659E-002
 -3.477966927818787E-002
 -3.389428358019142E-002
  3.876259761055945E-002
  3.846685559441243E-002
  3.842821785517447E-002
  3.972023697216420E-002
  3.869931865416587E-002
  3.856159617974730E-002
  3.835287227700779E-002
  3.826968516944307E-002
  3.850211334102283E-002
  3.827991402303577E-002
  3.826499724573462E-002
  3.857562503308953E-002
  3.867582955557303E-002
  4.144289817035662E-002
  4.091213323810572E-002
  4.109101144383864E-002
  3.845160247585910E-002
  3.845311961718267E-002
  3.861717629447059E-002
  3.855609923849446E-002
  3.863575338200220E-002
  3.858288549637867E-002
  3.849392761477100E-002
  3.879247814039166E-002
  3.879485577237163E-002
  3.903947425527243E-002
  3.890221788169623E-002
  3.870807825965938E-002
  3.827393376849997E-002
  3.815547483563753E-002
  3.847280043288537E-002
  4.222440283493056E-002
  3.912856356894923E-002
  3.875513899168437E-002
