 -8.227025038415015E-002
  2.195761548053898E-003
 -4.573342491146803E-002
  4.764472516011109E-002
 -9.746755097687476E-002
  3.428127585363461E-002
 -4.513903657166907E-002
 -4.057034541067939E-002
 -5.051433569210673E-002
 -3.741220118376010E-002
 -3.044121354766460E-002
 -3.014838599226533E-002
 -3.724486426496032E-002
 -5.043785564647418E-002
 -4.076403941213425E-002
 -4.503170048486727E-002
  3.460397060714726E-002
  3.772552613219737E-003
 -8.281319245104424E-002
 -5.126645638260818E-002
 -1.434944698795526E-002
  4.542981311194794E-003
 -3.348618075162246E-002
 -3.684877155268929E-002
 -1.168367355251032E-002
  0.142231225980158     
 -0.235641465007622     
 -1.036709442880390E-002
 -2.670487999482152E-002
 -2.602331660599333E-002
 -2.998366636229655E-002
 -2.890787803881967E-002
 -3.826097843925425E-002
 -2.559959602384598E-002
 -2.972058233398034E-002
  4.110449574008479E-002
  4.380842272252627E-002
  4.411883220798551E-002
  4.036190543991025E-002
  3.949280364302665E-002
  4.283669453654793E-002
  3.973989651610632E-002
  4.171157865076136E-002
  4.177524997155846E-002
  3.976683552611038E-002
  4.282871542902256E-002
  4.026465241437505E-002
  4.483313728345439E-002
  3.884521078048409E-002
  4.452779513941396E-002
  4.194080834770175E-002
  3.937432579263067E-002
  4.418378123412847E-002
  4.430489074480293E-002
  4.008624896069390E-002
  4.090073353940815E-002
  3.911310781593302E-002
  4.150257815104474E-002
  4.702070472798014E-002
  4.111648500369125E-002
