           2           1  0.990235748990555     
           3           2   1.40178311635116     
           4           3   1.40080430777920     
           5           4  0.955398710669136     
           6           5   1.06292110228232     
           7           6   1.36674015001398     
           8           7   1.45434288589260     
           9           8   1.39224807626863     
          10           9   1.46139064849514     
          11           6   1.26119184384853     
          11          10   1.35282808629753     
          12          11   1.09021519895141     
          13          12   1.35342417662621     
          14          13   1.46073940747229     
          15          14   1.39288628797604     
          16          15   1.45336032059484     
          17           5   1.06500177689270     
          17          12   1.26044976795858     
          17          16   1.36522304195289     
          18           4   1.34427931895610     
          19          18  0.992035888391798     
          20          18   1.41182898585874     
          21           2   1.34550387955384     
          21          20   1.37630384640325     
          22          21  0.986687875895557     
          23          22   1.36993248478869     
          24          23   1.45404162310061     
          25          24   1.35927826072175     
          26          25  0.981727314888111     
          27          26   1.82108258565434     
          28          26  0.975377543042257     
          29          28   1.36444880176719     
          30          29   1.44531043379952     
          31          30   1.42283880227704     
          32          31   1.42435442738032     
          33          28   1.36683041146104     
          33          32   1.44312672482968     
          34          25   1.35611685581546     
          35          22   1.36776739485933     
          35          34   1.45618613371428     
          36           1  0.975637898918811     
          37           1  0.968872731498570     
          38           1  0.974202060088810     
          39           3  0.942276962740472     
          40           7  0.944789243544935     
          41           8  0.944883919563967     
          42           9  0.945216820441524     
          43          10  0.944729440599413     
          44          13  0.944721326814394     
          45          14  0.945211001631052     
          46          15  0.944867466817602     
          47          16  0.944472533483999     
          48          19  0.966376790690630     
          49          19  0.978004289296725     
          50          19  0.974303491722748     
          51          20  0.940144965300404     
          52          23  0.945115031091501     
          53          24  0.943458548113978     
          54          29  0.947000080843202     
          55          30  0.946064247802442     
          56          31  0.947435663866444     
          57          32  0.946366836257880     
          58          33  0.945591194574897     
          59          34  0.944939241078967     
          60          35  0.944624386081882     
