 -0.101985442415079     
  2.751141307154681E-002
 -0.100086760323201     
 -0.102309690924489     
 -2.362261166879431E-002
 -4.800391029437279E-002
 -4.435953969853479E-002
  3.336666351443585E-002
 -2.656930939830104E-002
 -4.577548033793466E-002
 -2.688085141835117E-002
 -4.597751135993633E-002
 -2.341326316491799E-002
  2.757068672211904E-002
 -0.100207433363107     
 -0.102034402697292     
 -0.102054757227014     
 -4.722015962290005E-002
 -4.372842342072492E-002
  3.358727582880716E-002
 -9.290161515886020E-002
  6.186521490731289E-002
 -3.462244102710876E-002
 -3.592695195329831E-002
 -5.399151250737866E-003
 -1.491996630317516E-003
 -2.804352355232087E-002
 -1.848534232850341E-002
  2.645040929122944E-002
  6.151842336952384E-002
 -0.183772044694391     
 -0.184122665304839     
  6.127026815632242E-002
  2.763177574298048E-002
 -4.215818342193778E-002
 -2.813993704694617E-002
 -3.402651868068673E-002
 -2.314150428758222E-002
 -1.982866434368091E-002
 -8.334455013273523E-002
  6.456817874556320E-002
 -3.069546559209169E-002
 -2.528919540876551E-002
 -3.248588268545927E-002
 -2.504943099470758E-002
 -3.061527440689904E-002
 -4.074562239780022E-002
 -3.333810153461680E-002
 -3.252176281581143E-002
 -3.290326605397453E-002
  3.143767291604826E-002
  3.490295830975254E-002
  3.387411740637358E-002
  3.539086391013391E-002
  3.311792758553800E-002
  3.563523045699291E-002
  3.152488435373757E-002
  3.482837769156932E-002
  3.357135788516685E-002
  4.435431168439274E-002
  4.186991908849980E-002
  4.413882741692610E-002
  4.396973676125981E-002
  3.314487710612291E-002
  3.537059827247013E-002
  3.546709735941433E-002
  3.147929525256599E-002
  3.508468635863404E-002
  3.368062127106208E-002
  3.147426865756053E-002
  3.513243394726673E-002
  3.360229272392556E-002
  4.472784511006833E-002
  4.222505864484161E-002
  4.233943594668699E-002
  4.282826470248247E-002
  4.374018921302836E-002
  5.086110997648086E-002
  4.132923121219012E-002
  4.093476634738247E-002
  4.144374105358251E-002
  4.315351169490689E-002
  4.821803129272551E-002
  4.277829537312994E-002
  4.565402626987392E-002
  4.234129022178412E-002
  4.573851180430810E-002
  4.283754517543448E-002
  4.386404202482574E-002
  4.151218145625579E-002
  4.522834961384681E-002
  4.313054613987977E-002
