           2           1  0.992175975181468     
           3           2   1.40522378950303     
           4           3   1.38822099925888     
           5           4  0.937189013145376     
           6           5   1.03434755027035     
           7           6   1.33546113494146     
           8           7   1.46095165205725     
           9           8   1.41007066804519     
          10           9   1.42403122272316     
          11           6   1.34527246744066     
          11          10   1.41228757047515     
          12          11  0.769880557408447     
          13          12   1.74043122314895     
          14          12   1.76410345096010     
          15          12  0.770289422107692     
          16          15   1.41345902112881     
          17          16   1.42312759911462     
          18          17   1.41091958592714     
          19          18   1.45954716212483     
          20           5   1.03482314430100     
          20          15   1.34281428110944     
          20          19   1.33702777963035     
          21           4   1.36101000258119     
          22          21  0.992939148446935     
          23          21   1.39214956052726     
          24           2   1.34416937663648     
          24          23   1.40505182506916     
          25          24  0.944020970921660     
          26          25   1.03408742750383     
          27          26   1.35415006866664     
          28          27   1.45116428974075     
          29          28   1.41591814932400     
          30          29   1.43045493086560     
          31          26   1.33018859009267     
          31          30   1.40349298920896     
          32          31  0.946890943047825     
          33          32  0.953562275933144     
          34          32  0.953639303038083     
          35          32  0.946881792152696     
          36          35   1.40331284275649     
          37          36   1.43058522109460     
          38          37   1.41588919456012     
          39          38   1.45116804174126     
          40          25   1.03358625772971     
          40          35   1.33045032928487     
          40          39   1.35429074039257     
          41           1  0.969642994703323     
          42           1  0.979013258436863     
          43           1  0.969672508559569     
          44           3  0.940131060562191     
          45           7  0.938536912742590     
          46           8  0.940460326176290     
          47           9  0.941389981648119     
          48          10  0.941941230922768     
          49          16  0.941841273739897     
          50          17  0.941373285980235     
          51          18  0.940390182538578     
          52          19  0.936950570658428     
          53          22  0.972521555833353     
          54          22  0.967095274588784     
          55          22  0.977686015045168     
          56          23  0.940755654239601     
          57          27  0.941734560756757     
          58          28  0.944033210660089     
          59          29  0.944896062643277     
          60          30  0.942412321572422     
          61          33  0.977591838282761     
          62          33  0.975837302750749     
          63          33  0.975832864759175     
          64          34  0.975885467927906     
          65          34  0.975876306387893     
          66          34  0.977492122711242     
          67          36  0.942422539542334     
          68          37  0.944890990415032     
          69          38  0.944009337260182     
          70          39  0.941723296035354     
