           2           1  0.953248458989202     
           3           2  0.953419529919045     
           4           2  0.947085875000380     
           5           4   1.40246569142420     
           6           5   1.43123614686613     
           7           6   1.41554559119353     
           8           7   1.45127763854662     
           9           4   1.33161741180095     
           9           8   1.35547790496028     
          10           9   1.03104324134789     
          11          10  0.949315062841307     
          12          11   1.33836856631550     
          13          12   1.47839235120359     
          14          13   1.33602718391092     
          15          14   1.07697588766149     
          16          15   1.33598828816050     
          17          16   1.47840784355943     
          18          17   1.33800872073018     
          19          18  0.950554843783132     
          20          19   1.03067618619420     
          21          20   1.35557420889042     
          22          21   1.45123340226042     
          23          22   1.41554888576648     
          24          23   1.43128103302353     
          25          20   1.33174082980381     
          25          24   1.40240405436276     
          26          25  0.947115522736938     
          27          26  0.953292757890368     
          28          26  0.953315930302121     
          29          26  0.947049695632980     
          30          29   1.40227176438790     
          31          30   1.43145042450735     
          32          31   1.41553193851197     
          33          32   1.45119876600098     
          34          19   1.02977725293781     
          34          29   1.33197773274069     
          34          33   1.35597731960446     
          35          18   1.43307084695293     
          36          15   1.28277701112050     
          36          35   1.33451118330644     
          37          36   1.08664352519233     
          38          37   1.43486381504607     
          39          38   1.27611738502984     
          40          39   1.25577073884962     
          41          40   1.56111557005519     
          42          41   1.29392255388451     
          43          42   1.56110518927830     
          44          39   1.17928976973676     
          44          43   1.25578376060807     
          45          44   1.27610598668266     
          46          37   1.16278615479234     
          46          45   1.43484458379534     
          47          14   1.28289653582010     
          47          46   1.08666398796956     
          48          11   1.43369652886170     
          48          47   1.33424926296649     
          49          10   1.03014818774284     
          50          49   1.35600093729827     
          51          50   1.45111460135033     
          52          51   1.41564191183741     
          53          52   1.43130863449988     
          54           2  0.946994441710528     
          54          49   1.33171808771934     
          54          53   1.40245909406260     
          55           1  0.977583529489344     
          56           1  0.975940415237477     
          57           1  0.975896761337180     
          58           3  0.975834966360314     
          59           3  0.977516838069854     
          60           3  0.975891720502117     
          61           5  0.942333909191137     
          62           6  0.944820812557134     
          63           7  0.943948286152204     
          64           8  0.941575323253785     
          65          12  0.944385867660674     
          66          13  0.938930734375692     
          67          16  0.938935968951810     
          68          17  0.944350439914534     
          69          21  0.941463129245080     
          70          22  0.943943785463175     
          71          23  0.944809610483288     
          72          24  0.942319627195369     
          73          27  0.975811791811845     
          74          27  0.975945624198034     
          75          27  0.977506731808271     
          76          28  0.977588425613344     
          77          28  0.975944982871936     
          78          28  0.975847252248322     
          79          30  0.942324698414852     
          80          31  0.944790677436030     
          81          32  0.943879708618610     
          82          33  0.941301901950586     
          83          35  0.942502171375786     
          84          40  0.943476536857670     
          85          41  0.945643757900390     
          86          42  0.945645600781452     
          87          43  0.943479126602233     
          88          48  0.942530559513862     
          89          50  0.941361710447508     
          90          51  0.943887941505303     
          91          52  0.944798094459226     
          92          53  0.942349740663187     
