 -0.219452545384541     
  0.101848313440618     
  9.560234049760918E-003
 -2.158266915507934E-002
 -2.623113279675060E-002
  1.233722711157181E-002
 -1.617454189080014E-002
 -2.487154749778675E-003
 -4.267113177373183E-002
 -3.304211699137749E-002
 -3.448910231136448E-002
 -3.811149309840545E-002
 -1.847474975614993E-003
 -7.711092264915287E-003
  2.722534796164133E-003
 -3.801256684770848E-002
 -3.415344656147923E-002
 -1.467811721504386E-002
 -1.088805030187068E-002
 -3.582530861174682E-002
  9.148374957461680E-003
 -1.151157407997605E-002
 -3.368106566792850E-002
 -3.502899291449513E-002
 -3.528550902365968E-002
 -3.502343296666055E-002
 -1.346190864876906E-002
 -1.342919535887255E-002
 -3.497940893725282E-002
 -3.501931973931249E-002
 -3.444737036252299E-002
 -3.308807623523169E-002
 -1.104525129220413E-002
 -1.064688820863235E-002
 -3.279860845022586E-002
 -3.416699349462249E-002
 -3.507801142668932E-002
 -3.516892808153926E-002
 -1.306489511974629E-002
 -2.176130330445503E-003
 -3.830425275087190E-002
 -3.475616168496387E-002
 -3.314225324186815E-002
 -4.247682481354254E-002
 -2.527150447455995E-003
 -2.635377552356921E-002
 -2.163142214783953E-002
  4.844107150078725E-002
  4.302473924067207E-002
  4.087296823257469E-002
  4.100497043084983E-002
  4.126683087132921E-002
  4.410618322353421E-002
  4.207758977031839E-002
  4.279706095765556E-002
  4.180873656796480E-002
  4.021249563628404E-002
  4.084860414077829E-002
  4.091186099115285E-002
  3.996266627873146E-002
  3.991366916772798E-002
  4.097949145268487E-002
  4.106207277199558E-002
  4.025613955957508E-002
  4.072844619831217E-002
  4.120061687285992E-002
  4.104892946117944E-002
  3.976422654018275E-002
  4.309300010699535E-002
  4.117825287717314E-002
  4.115151534990824E-002
  4.104949110074063E-002
  4.286169224032532E-002
  4.841133998125691E-002
