           2           1   1.39364511621722     
           3           2   1.45247842463152     
           4           3   1.36862547550033     
           5           4   1.26419935867630     
           6           1   1.46068013525687     
           6           5   1.35325993366614     
           7           5   1.08841074912648     
           8           7   1.35297535563643     
           9           8   1.46089303740238     
          10           9   1.39357919382332     
          11          10   1.45260656289870     
          12           7   1.26470639345073     
          12          11   1.36877294224788     
          13           4   1.05751831277833     
          13          12   1.05626973022749     
          14          13  0.974477001641337     
          15          14   1.34603012329640     
          16          15   1.46133670276019     
          17          16   1.37410281856605     
          18          17   1.05988527412221     
          19          18   1.05980045722584     
          20          19   1.37479561947845     
          21          20   1.46056678324945     
          22          21   1.34593506757370     
          23          22  0.973655480243599     
          24          23   1.04630084669919     
          25          24   1.37437987941623     
          26          25   1.44883345648632     
          27          26   1.39589720973831     
          28          27   1.45956248945767     
          29          24   1.26591299257186     
          29          28   1.35242775739838     
          30          29   1.08781826086365     
          31          30   1.37543366421192     
          32          31   1.42064331796614     
          33          32   1.42627286595204     
          34          33   1.40885700328727     
          35          23   1.09753887424876     
          35          30   1.22994363940093     
          35          34   1.36366950835541     
          36          22   1.41874264522268     
          37          19   1.28864146745671     
          37          36   1.35049182256946     
          38          17   1.28940754048152     
          38          37   1.07905565694397     
          39          14   1.41915084429418     
          39          38   1.34941559202336     
          40           1  0.945114009767241     
          41           2  0.944803330413262     
          42           3  0.943750594374745     
          43           6  0.944730063172630     
          44           8  0.944763706239438     
          45           9  0.945122962139112     
          46          10  0.944747867241311     
          47          11  0.943372652236878     
          48          15  0.943738290815248     
          49          16  0.942593483840462     
          50          20  0.942611571409182     
          51          21  0.943300771173455     
          52          25  0.943148923752509     
          53          26  0.944620624996353     
          54          27  0.944782764977135     
          55          28  0.944652341303629     
          56          31  0.942941924979638     
          57          32  0.945508953284115     
          58          33  0.947575056293284     
          59          36  0.942118261420862     
          60          39  0.942851321404059     
