 -0.337650386581727     
  0.418169785061981     
 -0.338693259939159     
 -4.508764225563233E-003
 -1.383719949874607E-002
 -2.224722947346880E-002
  6.697333336295541E-002
 -0.131225768434233     
  4.543581097825689E-002
 -5.817598908579136E-002
 -4.502872405485192E-002
 -4.835692500006239E-002
 -4.610242932283448E-002
  7.517973871615924E-002
 -0.138833924316118     
  7.392913378531452E-002
 -4.599409106309427E-002
 -4.809459871025101E-002
 -4.291264646405413E-002
 -5.543815769619442E-002
  4.610222239769879E-002
 -2.124454382406160E-002
 -7.000944897471939E-003
 -1.343384595910457E-002
 -1.505261874573183E-002
 -3.135135353061624E-002
  4.416365403561073E-002
 -2.224516947602861E-002
 -2.644917881792264E-002
 -2.740210584635516E-002
 -3.507815741906928E-002
 -4.576314091121070E-002
 -3.635086801125809E-002
 -4.103293629517513E-002
  3.787260932883330E-002
 -9.026071594889462E-002
  6.002615328844252E-002
 -3.547212433472158E-002
 -2.822956230490092E-002
 -3.556303646154380E-002
 -2.819232046896580E-002
 -3.424996101260369E-002
  5.230393746663498E-002
  4.929655673116151E-002
  4.168399527242050E-002
  4.463685154512276E-002
  4.263175699757638E-002
  4.115588369626422E-002
  4.100878829833798E-002
  4.286524395711011E-002
  4.414096948498958E-002
  4.238643905804484E-002
  4.973310210782655E-002
  5.597018871358361E-002
  5.696366436345868E-002
  5.136273067941077E-002
  4.969489260926541E-002
  4.328699639428557E-002
  4.151852912024590E-002
  4.425506302183047E-002
  4.197784774190649E-002
  3.936779750788111E-002
  4.345841738012657E-002
  4.053940185430560E-002
  4.344277785128214E-002
  3.993840532344950E-002
