 -8.173597772937047E-002
  8.364885653811438E-003
 -6.534140972831093E-002
  6.574258811490985E-003
 -8.980351212147308E-002
 -9.022826590140287E-002
  0.121373806045003     
 -6.372511976601558E-002
 -1.930507430216633E-002
 -1.933698627444702E-002
  3.684936709485864E-002
  0.284920926986656     
 -0.129121063318218     
 -0.140713465689544     
 -0.138810710468471     
 -2.053044501826840E-002
  7.524118174280270E-002
 -8.963319128620117E-002
  3.495596947719770E-002
 -4.431202851372174E-002
 -4.821958818954108E-002
 -2.422456397399486E-002
  2.739418866343168E-002
 -0.100297635014358     
 -0.102298312239855     
 -0.102158182256352     
 -4.620349557392878E-002
 -2.344828845931701E-002
 -2.344528995174677E-002
 -4.565835276057051E-002
 -2.376029907832233E-002
  2.727852862975677E-002
 -0.100349216473993     
 -0.102677399289693     
 -0.102455957551078     
 -4.750558794258364E-002
 -4.225056134985739E-002
  4.069417701047140E-002
 -9.512086830022870E-002
  7.161384991003494E-004
 -9.160519480054408E-002
 -6.836361215393971E-002
  5.768734244013363E-003
 -8.147983602833797E-002
 -6.740030968900168E-002
  3.379060961061775E-003
 -8.859297685038037E-002
  5.159787147710482E-003
 -9.200698566961396E-002
 -6.483457081066746E-002
  4.125153991265174E-002
  4.193573643812343E-002
  3.964434980506482E-002
  3.224447289360954E-002
  4.343922629345487E-002
  4.520060320703312E-002
  3.660310646645615E-002
  5.528205407658615E-002
  4.914820958430444E-002
  4.833605965949905E-002
  4.199072101915380E-002
  4.422886360223721E-002
  3.562980503408664E-002
  3.516858037204829E-002
  3.292195280420063E-002
  3.512288898428328E-002
  3.133553560453983E-002
  3.320482314907292E-002
  3.516553020490853E-002
  3.380359468696370E-002
  3.119766943574465E-002
  4.348795362114777E-002
  4.293594039046345E-002
  3.275025515087404E-002
  3.554915218420873E-002
  3.516303211554939E-002
  3.099749232090898E-002
  3.507710010588561E-002
  3.387892114949564E-002
  3.493677698373499E-002
  3.375411702178310E-002
  3.109388213683062E-002
  4.352595812436622E-002
  4.415147548955911E-002
  4.235233793609350E-002
  4.563934434112937E-002
  3.815105819745046E-002
  3.265099225665280E-002
  4.201373294314581E-002
  4.277859552111574E-002
  3.973925166403158E-002
  3.292735670096980E-002
  4.264360929904654E-002
  4.703989098623673E-002
  3.639532848113136E-002
  4.119150600240540E-002
  4.164737013555941E-002
  4.027772133805430E-002
  3.267784772626814E-002
