 -2.862907941032855E-002
 -1.176117119368936E-002
 -2.039758713549489E-002
  6.047228768475899E-002
  5.965981989553715E-002
 -1.866699067640898E-002
 -1.696756473281091E-002
  2.736932629279210E-003
 -3.705162806679319E-003
 -3.796082389864619E-002
 -3.981687657217758E-002
 -3.210179937695123E-003
 -3.177932478683587E-003
 -3.969652205842422E-002
 -3.686914967563926E-002
 -3.634460762425462E-003
  2.695621375893964E-003
 -1.720966349830899E-002
 -1.880212603470000E-002
  5.968714908035633E-002
  6.044313237501253E-002
 -2.040022284462317E-002
 -1.176588117590427E-002
 -2.862068481447100E-002
  2.308351899379213E-002
 -0.201161894492688     
 -0.194545310614305     
  1.969032181694175E-002
 -4.664005949711392E-002
 -1.731330578251367E-003
 -3.530591183514176E-003
 -4.225206863315467E-002
 -3.384629482018919E-002
 -3.368457846709649E-002
 -4.165851973126422E-002
 -3.209913147493637E-003
 -1.507641059516729E-003
 -4.538859883813551E-002
  1.941488349751141E-002
 -0.194862203993165     
 -0.201176113631613     
  2.309842297503328E-002
  4.100007258345151E-002
  4.158256430055096E-002
  4.630590961976921E-002
  4.833826862789559E-002
  4.194952801957774E-002
  4.172102619539986E-002
  4.613674122580724E-002
  4.621708434729432E-002
  4.239894358965923E-002
  4.203635564473396E-002
  4.824128389544224E-002
  4.631712977980462E-002
  4.158418105430040E-002
  4.100006142911183E-002
  4.995790728307015E-002
  5.132504772925539E-002
  4.462643236476382E-002
  4.335413363607998E-002
  4.044551335751645E-002
  4.056714055224853E-002
  4.380451036351296E-002
  4.526822749650306E-002
  5.136024232631708E-002
  4.996680264839126E-002
