 -8.142445103500062E-002
 -3.642122044277052E-003
 -4.819720284183759E-002
 -5.595054877707550E-002
  4.195357402777455E-002
 -1.085590002666681E-002
 -5.206996564418631E-002
  1.378225409042200E-002
 -1.453299712506784E-002
 -3.474689233118866E-002
 -3.459857399177846E-002
 -3.501388050565879E-002
 -3.541772725122261E-002
 -1.413604961364978E-002
 -1.418089961226965E-002
 -3.502872464616669E-002
 -3.473276536106074E-002
 -3.564352935330639E-002
 -3.747775412389220E-002
 -1.846978136741484E-002
 -9.544859648292103E-003
 -5.123967678464325E-002
 -3.384889477461961E-003
 -8.139651302720008E-002
 -4.852494192026313E-002
 -5.529136918312627E-002
  4.044852534629051E-002
 -0.118513468642616     
  6.523880573096719E-002
 -1.478999185652974E-002
  1.353567048556492E-004
  3.002965787834988E-003
 -3.735693189537059E-002
  9.172080907878133E-003
 -2.514945210038810E-003
 -1.099453505024339E-002
 -2.198494933713491E-002
  1.603583968571121E-002
  5.065268977094339E-002
 -0.136536803558990     
  6.846376974519863E-002
 -9.069981295933793E-002
 -1.351767626954015E-002
 -8.825873635291703E-002
  6.715586752361258E-002
 -0.136470155746076     
  5.043867552196524E-002
  4.245872151276897E-002
  4.101931476543719E-002
  4.065615029080216E-002
  4.096503282975983E-002
  4.235971070949185E-002
  4.153727396934725E-002
  3.959552459649163E-002
  4.107686292608337E-002
  4.105391106783451E-002
  3.988889454438371E-002
  3.959898211452673E-002
  4.094623440581102E-002
  4.029213524825326E-002
  3.855489617691177E-002
  4.169793899981700E-002
  4.200356006311934E-002
  4.255585403817275E-002
  3.981585714321667E-002
  4.115432775844396E-002
  4.132261056784148E-002
  5.180236519378656E-002
  6.157049618196131E-002
  5.564250736321874E-002
  4.922520421711152E-002
  5.386525104340179E-002
