 -2.914955826837673E-002
 -1.280933365693571E-002
 -2.821644464799888E-002
  5.062387367305243E-002
  7.354725909084703E-003
 -1.983079068820626E-002
 -3.247767099558452E-002
  6.675233766295552E-002
 -8.891736142787376E-002
  3.561628542076667E-002
 -4.365776137408695E-002
 -3.913323204798314E-002
 -4.704598123146031E-002
 -3.484745944968370E-002
 -2.493267268522104E-002
 -3.008991130704075E-002
  6.713244207607527E-002
 -0.103501250933914     
  6.445518553444884E-002
 -3.802282073631957E-002
 -4.090244131584608E-002
 -4.370491818938671E-002
 -3.747278508916185E-002
 -2.248746713194905E-002
 -3.557832560319785E-002
 -3.603283135053292E-002
 -4.943319882245056E-002
  3.410656432623638E-002
 -3.455632826835764E-002
  6.200806801781189E-002
 -9.245609158830703E-002
  3.354389895822152E-002
 -4.511987171613185E-002
 -4.019526177995214E-002
 -4.799113777600095E-002
 -3.574780208299710E-002
 -2.604505915270749E-002
 -3.253991369396658E-002
  6.532307487836553E-002
 -0.105238798762237     
  6.356579550099939E-002
 -3.864355484153847E-002
 -4.151141039583006E-002
 -4.391895581803418E-002
 -3.741908089781010E-002
 -2.244507910492377E-002
 -3.644300420788049E-002
 -3.409336516755435E-002
 -4.394512206869550E-002
  3.469334285745074E-002
 -0.201160641947754     
  2.114175602469448E-002
  3.989764547240970E-002
  4.185526852597954E-002
  4.235801824452445E-002
  5.651608359882609E-002
  4.662556094546122E-002
  4.163124616707869E-002
  4.368875347387458E-002
  4.050246351060083E-002
  4.378279138011720E-002
  3.999533740354844E-002
  4.263006213826215E-002
  4.081383203691646E-002
  4.202862667516793E-002
  5.196294054962958E-002
  4.605855035766582E-002
  4.546953319774383E-002
  4.069564724184405E-002
  4.356113260910877E-002
  4.052596317351242E-002
  4.378003607403347E-002
  3.974030747405721E-002
  4.249886133004510E-002
  4.077617802912248E-002
  4.238029583026381E-002
  5.251258691117411E-002
  4.990627907175060E-002
  4.920334396093073E-002
