           2           1   2.81485355510660     
           3           2   1.04594922909135     
           4           3   1.04813545767337     
           5           4   2.81271251880523     
           6           3   1.56106816956612     
           7           6   1.00406570527883     
           8           7   1.35308034228909     
           9           8   1.43722758989634     
          10           9   1.43697659187600     
          11          10   1.35988509960853     
          12          11   1.01462783006436     
          13          12  0.992573350587279     
          14          13   1.37397644479030     
          15          14   1.44256254533072     
          16          15   1.42483208126281     
          17          16   1.42442138842068     
          18          13   1.37213134428229     
          18          17   1.44316022944886     
          19          12  0.986817173230908     
          20          19   1.37590875357692     
          21          20   1.44097099965825     
          22          21   1.42576860685969     
          23          22   1.42487910912059     
          24          19   1.37449202941453     
          24          23   1.44187820597612     
          25           7   1.38378021503737     
          25          11   1.37083818387042     
          26           6   1.02523909725774     
          27          26   1.35221652044139     
          28          27   1.43329413059245     
          29          28   1.44044269521966     
          30          29   1.35182127498890     
          31          30   1.01557611082039     
          32          31  0.990174319806344     
          33          32   1.37407578729128     
          34          33   1.44166786320458     
          35          34   1.42525892294593     
          36          35   1.42487685737134     
          37          32   1.37466683313679     
          37          36   1.44246452286267     
          38          31  0.987637028522323     
          39          38   1.37677071960780     
          40          39   1.44066521087104     
          41          40   1.42608849316636     
          42          41   1.42337188675766     
          43          38   1.37261042816195     
          43          42   1.44304057677024     
          44          26   1.36552623239256     
          44          30   1.38178820400274     
          45           8  0.945407082630442     
          46           9  0.942183596175918     
          47          10  0.944737377352115     
          48          14  0.946270486975998     
          49          15  0.945249984077046     
          50          16  0.946561730593790     
          51          17  0.944833330514167     
          52          18  0.945470061024459     
          53          20  0.946385149088243     
          54          21  0.945373956513258     
          55          22  0.946484286216004     
          56          23  0.944613737767509     
          57          24  0.945554881613155     
          58          25  0.942486098426076     
          59          27  0.942665506366751     
          60          28  0.942088442315443     
          61          29  0.944599153009745     
          62          33  0.946187280632252     
          63          34  0.945197301171387     
          64          35  0.946480130290115     
          65          36  0.945281815195324     
          66          37  0.946474732448228     
          67          39  0.946306458335998     
          68          40  0.945228854060008     
          69          41  0.945886586123748     
          70          42  0.944515636517390     
          71          43  0.945857210929024     
          72          44  0.941642356785207     
