 -8.997878881123267E-002
  6.419524209633209E-004
 -1.189761416204416E-002
 -6.972203413257994E-003
 -4.701841529705941E-002
 -3.965426953302398E-002
 -4.548794461243233E-003
  7.762744826119228E-002
 -5.243722341124801E-002
 -0.131948020195847     
  7.698942805256426E-002
 -4.808072132304808E-002
 -4.072220822838002E-002
 -4.297921770357416E-002
 -4.076654810443969E-002
 -3.686091588646967E-003
  4.134888818567717E-004
 -4.069156489656667E-002
 -3.893397094652329E-002
 -4.071301362091262E-002
 -1.188557894530451E-002
 -6.953758181016845E-003
 -4.702937573278199E-002
 -3.964487218601764E-002
 -4.556377459048910E-003
  7.762190318483420E-002
 -5.242507713488731E-002
 -0.131977583110898     
  7.698563688039606E-002
 -4.806981089875340E-002
 -4.071568350513566E-002
 -4.297536659168877E-002
 -4.075870826150396E-002
 -3.691761402659033E-003
  4.055126011017762E-004
  4.357035870005443E-002
  4.126172264631955E-002
  4.126107529417955E-002
  4.288754306261411E-002
  4.713472329817425E-002
  3.904286575443872E-002
  3.837038127644254E-002
  4.250421106994151E-002
  4.282013547999064E-002
  4.435045633591506E-002
  3.956593573460532E-002
  4.155295981712137E-002
  3.957345858354522E-002
  4.289342744675895E-002
  4.713407800023472E-002
  3.905535858497766E-002
  3.837210778085975E-002
  4.250435980260681E-002
  4.282026711161169E-002
  4.435182304339969E-002
