 -9.716759149052301E-002
 -7.217595575847113E-003
 -0.100937465439922     
 -6.295564573921997E-002
 -5.754488507401412E-002
 -6.398501031603132E-002
 -1.618935711800518E-002
 -0.101800258139486     
 -3.988007930501869E-002
 -6.169564739603306E-002
 -6.030126059255547E-002
 -4.630388691691589E-002
 -2.338621646999339E-002
 -4.714346308082895E-002
 -6.215171046491097E-002
 -3.731107853770688E-002
 -6.032986521308104E-002
  4.126843697247828E-002
 -0.224584734360504     
 -5.714955622167839E-002
 -6.135791627009191E-002
  1.030603962806698E-002
 -0.107350708281019     
 -3.341994250617031E-002
 -6.072408667569462E-002
 -5.795569274852141E-002
 -1.229412516821071E-004
 -0.108819599255518     
  2.685415823734039E-002
  3.360161687101393E-002
  3.537514422822574E-002
  2.687489918462060E-002
  3.297613658875387E-002
  3.544842993941533E-002
  2.643747352777737E-002
  2.384699937416201E-002
  2.850992507336358E-002
  2.429371404408298E-002
  2.995324277888045E-002
  3.267823140752635E-002
  2.489247071534129E-002
  2.893280539777421E-002
  2.734141915058086E-002
  3.764103878955127E-002
  3.785968335313594E-002
  2.702018849295107E-002
  3.214651656819845E-002
  3.460886556251919E-002
  3.447349768632391E-002
  2.764404516872798E-002
  2.573841916739816E-002
  3.124574049907825E-002
  3.782980107852030E-002
  4.128125681801187E-002
  3.903567672002262E-002
  3.418338256121656E-002
  3.686584468032716E-002
  3.367018772690722E-002
  0.144426184224428     
  2.503996193059765E-002
  3.663759018343904E-002
  3.795723609006751E-002
  3.222033482285813E-002
  3.689014977553406E-002
  3.306997725323169E-002
  3.589428639105496E-002
  2.673948760520650E-002
  3.195115515664593E-002
  3.840862052629535E-002
  2.964033940371724E-002
  3.974428448128386E-002
  3.667022171257051E-002
  3.776230353765331E-002
  3.389877335407621E-002
