 -0.102337123659744     
  2.077804458392984E-002
 -0.102442660354829     
 -2.163823278337862E-002
 -4.471904456839848E-002
 -5.100439289812009E-002
 -3.674608885261410E-002
 -5.649088579831130E-002
  5.028845435846296E-002
 -0.116566408035867     
  6.549942869593472E-002
 -2.257734628154129E-002
 -1.932728210546397E-002
  4.371577258843473E-002
 -0.186667920765284     
  8.113628006460472E-002
  6.909309304006372E-002
 -1.799163456525488E-002
 -1.036196762505615E-002
 -2.677422994556267E-002
  2.539579232664879E-002
 -0.191227865938940     
  8.080882442703530E-002
  6.960769888384277E-002
 -1.764738690230860E-002
 -1.012960736650115E-002
 -2.684347553703414E-002
  2.536081857021610E-002
 -0.191546077193244     
 -0.182940709216934     
  4.862587504981564E-002
 -2.021756794210461E-002
  5.071579380345970E-002
 -5.567779899242709E-002
 -3.638028916875591E-002
 -5.094381841935824E-002
 -4.502813852391085E-002
 -2.189670214872486E-002
  3.354491638614210E-002
  3.362999531191779E-002
  3.463475969493846E-002
  3.367571295839633E-002
  3.378601116805868E-002
  3.413311129463736E-002
  4.317093469518529E-002
  3.913173228272215E-002
  4.277246781479327E-002
  4.023621068825700E-002
  4.859277845406795E-002
  5.089925492696357E-002
  4.484485932562288E-002
  4.204076841201065E-002
  4.090445046200997E-002
  5.013335304469979E-002
  4.512838290637211E-002
  4.212747764892455E-002
  4.088987138733191E-002
  5.008248539901494E-002
  4.530483847633460E-002
  4.035077875451887E-002
  4.296093053898309E-002
  3.908092222608439E-002
  4.304177493924044E-002
