           2           1  0.966360965427156     
           3           2  0.976310752000229     
           4           2  0.966317116138932     
           5           2  0.935198677184103     
           6           5   1.49491968090507     
           7           6   1.25320515472400     
           8           7   1.25320559894047     
           9           8   1.49491021808275     
          10           9  0.935201915648154     
          11          10  0.966310908543607     
          12          10  0.966359735683413     
          13          10  0.976313976459790     
          14           9   1.30437280261344     
          15          14   1.44488898942413     
          16          15   1.05128082757532     
          17          16   1.44488466386184     
          18          17   1.30437378277296     
          19          18  0.935200744668277     
          20          19  0.966353691934524     
          21          19  0.976313187494085     
          22          19  0.966324789799516     
          23          18   1.49491098222273     
          24          23   1.25320815139445     
          25          24   1.25321273043768     
          26          25   1.49491440728685     
          27          26  0.935199958567558     
          28          27  0.966356468528953     
          29          27  0.976310743470496     
          30          27  0.966322548513309     
          31          26   1.30436531003449     
          32          31   1.44489346141648     
          33          32   1.05126993352029     
          34           5   1.30436153817256     
          34          33   1.44489963776251     
          35           7   1.22975174016573     
          35          15   1.21431450023583     
          35          33   1.21430892555383     
          36          16   1.21431625628092     
          36          24   1.22974919084505     
          36          32   1.21431270130395     
          37           1  0.978304597654701     
          38           1  0.978041960002684     
          39           1  0.976127661734876     
          40           3  0.977615241233401     
          41           3  0.977626996356028     
          42           3  0.978243898239914     
          43           4  0.976156593953674     
          44           4  0.978045062837817     
          45           4  0.978298740808153     
          46           6  0.941052068871104     
          47           8  0.941054245744991     
          48          11  0.978294565934462     
          49          11  0.976157200687302     
          50          11  0.978043699867773     
          51          12  0.978044811459731     
          52          12  0.978308815070016     
          53          12  0.976129662263839     
          54          13  0.977606695708983     
          55          13  0.977637706756179     
          56          13  0.978242246422223     
          57          14  0.938624973083763     
          58          17  0.938627107236196     
          59          20  0.978040227119174     
          60          20  0.976130525247349     
          61          20  0.978302754932483     
          62          21  0.978242488228424     
          63          21  0.977618412319992     
          64          21  0.977623412615935     
          65          22  0.978047410690891     
          66          22  0.976158954671337     
          67          22  0.978298849291032     
          68          23  0.941050060486842     
          69          25  0.941047396095922     
          70          28  0.978303315151172     
          71          28  0.978042715111922     
          72          28  0.976137153749011     
          73          29  0.978242080576988     
          74          29  0.977619624268780     
          75          29  0.977621215195180     
          76          30  0.978045468532519     
          77          30  0.976154016874888     
          78          30  0.978299473732798     
          79          31  0.938634009699097     
          80          34  0.938627872438118     
