           2           1   1.00777054151008     
           3           2   1.70071857947998     
           4           3   1.08195018412819     
           5           4   1.35946844688293     
           6           5   1.41429779846788     
           7           6  0.980909767716534     
           8           7   1.00401627192211     
           9           8   1.39167645772408     
          10           9   1.41815751284568     
          11          10   1.43945875483123     
          12          11   1.41370572630305     
          13           8   1.30654194367346     
          13          12   1.40833764220761     
          14          13   1.00854420759900     
          15          14   1.00919923347451     
          16          15   1.40809483368710     
          17          16   1.41370221508166     
          18          17   1.43931901893902     
          19          18   1.41840654776918     
          20           7   1.00500274154252     
          20          15   1.30642682799309     
          20          19   1.39095409443950     
          21           6   1.33198859406117     
          22          21   1.48282271290461     
          23           4   1.27729560328689     
          23          22   1.33489805721279     
          24          23   1.04245843958172     
          25          24   1.78803659832822     
          26           2   1.07676819279642     
          26          24  0.985852101358044     
          27           1  0.962617978738752     
          28           1  0.979018506827495     
          29           1  0.962323357101235     
          30           5  0.943804207841785     
          31           9  0.940463196075982     
          32          10  0.943830550731512     
          33          11  0.944467115831903     
          34          12  0.945706022957471     
          35          16  0.945707654960836     
          36          17  0.944495152913219     
          37          18  0.943855104574266     
          38          19  0.940931642864992     
          39          21  0.943548990216739     
          40          22  0.940615072872863     
