 -8.716371062115691E-002
  8.613458866919999E-003
 -0.106721542947772     
  8.196790124956443E-003
 -8.787275007781048E-002
  6.341721034300996E-002
 -6.304471371060938E-002
 -4.113954731472802E-002
 -2.958500686517329E-002
  9.382145376177053E-002
 -7.029440096408468E-002
 -0.111659878923823     
  0.215370037897541     
 -0.300303387904965     
 -3.368806115466949E-002
  0.215388070594651     
 -0.297703076112424     
 -0.112210049997387     
  9.647395755228594E-002
 -6.003984404031382E-002
  6.812288237851805E-002
 -0.117783526389331     
  4.556684448464621E-002
 -3.609523674886717E-002
 -3.311596719847909E-002
 -3.486354067759567E-002
 -3.020550501484554E-002
 -2.164581055753345E-003
 -9.964816894052042E-003
 -2.663903875481211E-003
 -3.017488007429403E-002
 -3.341095451201070E-002
 -2.993778496770094E-002
 -3.380931133926435E-002
  4.512703841695087E-002
 -5.699416760294262E-002
 -3.841446699870144E-002
 -2.172794798457467E-002
  1.042078871736996E-002
  2.926529621284868E-002
  4.005025988106026E-002
  3.304417722783815E-002
  5.008743298709728E-002
  4.541892591430441E-002
  4.840748458477606E-002
  4.742327807120927E-002
  3.917886275472227E-002
  3.079001164413542E-002
  3.109382667802163E-002
  4.476723099571489E-002
  5.518119869252147E-002
  4.272112479722534E-002
  4.367870634809901E-002
  4.208977717069973E-002
  4.525016466826637E-002
  4.443572104889926E-002
  4.682349777134220E-002
  4.626023928579348E-002
  4.464824210204144E-002
  4.643410753930499E-002
  4.271568844440210E-002
  4.565642041112561E-002
  5.681235359878900E-002
