           2           1   1.39323240053990     
           3           2   1.45301277877735     
           4           3   1.36817629343216     
           5           4   1.26365184465375     
           6           1   1.46102977806302     
           6           5   1.35307747322716     
           7           5   1.08905321574653     
           8           7   1.35326448980109     
           9           8   1.46087930492733     
          10           9   1.39334450292712     
          11          10   1.45290804991278     
          12           7   1.26343485406712     
          12          11   1.36834787897412     
          13           4   1.05836626659312     
          13          12   1.05862327344452     
          14          13  0.972186616830171     
          15          14   1.35343917278011     
          16          15   1.45306870120010     
          17          16   1.37410330450025     
          18          17   1.27012499990553     
          19          14   1.41081162392974     
          19          18   1.36074431741963     
          20          18   1.07973425094864     
          21          20   1.35761232022514     
          22          21   1.45554870989763     
          23          22   1.40054278121380     
          24          23   1.44459687883640     
          25          20   1.27003213580302     
          25          24   1.37754311360086     
          26          17   1.03471481867530     
          26          25   1.03899185596034     
          27          26   1.02971603980911     
          28          27   1.34489330391417     
          29          28   1.44972239132942     
          30          29   1.33805417432097     
          31          30   1.02966503824924     
          32          31   1.03893682497107     
          33          32   1.37735011230262     
          34          33   1.44476724069829     
          35          34   1.40039080976439     
          36          35   1.45567702565213     
          37          32   1.27035247311999     
          37          36   1.35745501357859     
          38          37   1.07962600267047     
          39          38   1.36111155769170     
          40          39   1.41069452855628     
          41          40  0.971407217550351     
          42          41   1.05873452919394     
          43          42   1.36820448900647     
          44          43   1.45300297460248     
          45          44   1.39325072874264     
          46          45   1.46097493957198     
          47          42   1.26339127449968     
          47          46   1.35317325670632     
          48          47   1.08909007954333     
          49          48   1.35317852034518     
          50          49   1.46095510437400     
          51          50   1.39326010289806     
          52          51   1.45301938312426     
          53          41   1.05869450849460     
          53          48   1.26343606286699     
          53          52   1.36826176915517     
          54          40   1.35423511337013     
          55          54   1.45253800603225     
          56          31   1.03450678205482     
          56          38   1.26976833089575     
          56          55   1.37460142439871     
          57          30   1.34330000416528     
          58          27   1.33643648341250     
          58          57   1.45147597172641     
          59           1  0.945127385176620     
          60           2  0.944799538821158     
          61           3  0.943603496854540     
          62           6  0.944709309448204     
          63           8  0.944707955317577     
          64           9  0.945130556210196     
          65          10  0.944814484891627     
          66          11  0.943609747045632     
          67          15  0.942808830998151     
          68          16  0.938401002201268     
          69          19  0.942983488786607     
          70          21  0.944528806661953     
          71          22  0.944662096876972     
          72          23  0.944361499224051     
          73          24  0.942086176006169     
          74          28  0.943559377598664     
          75          33  0.942129974466276     
          76          34  0.944360998158623     
          77          35  0.944667354277229     
          78          36  0.944540888889454     
          79          39  0.943031617461773     
          80          43  0.943746322193223     
          81          44  0.944809356655128     
          82          45  0.945135260226864     
          83          46  0.944706812660730     
          84          49  0.944713389061830     
          85          50  0.945134128937661     
          86          51  0.944817511100474     
          87          52  0.943646225795642     
          88          54  0.942897171441753     
          89          55  0.938416085524794     
          90          57  0.943504400864986     
