 -3.752168113785537E-002
 -5.156734406145613E-002
 -4.021153209591244E-002
 -1.503345778513321E-002
  4.862311196437918E-002
 -5.850133142158054E-002
 -0.126335391775956     
  4.862943494551786E-002
 -5.849802107256608E-002
 -3.752150818741917E-002
 -5.156605105944845E-002
 -4.019970449445331E-002
 -1.503491577558247E-002
  1.251545387279140E-002
 -1.720128002235999E-002
 -3.505774726921906E-002
 -3.591722801081598E-002
 -3.675844815177598E-002
 -3.702616571847983E-002
 -1.547841069628042E-002
 -1.493696567397063E-002
 -3.700331897308740E-002
 -3.667184903952769E-002
 -3.598765645746571E-002
 -3.502543892192556E-002
 -1.576000358941521E-002
  4.242051319464835E-002
  3.972102451544379E-002
  4.286772022520335E-002
  3.438952379927018E-002
  0.138418259284165     
  3.439630142304817E-002
  4.242203015286350E-002
  3.972091888094054E-002
  4.285563200638087E-002
  3.978898384754570E-002
  4.006104525194665E-002
  4.005994581716799E-002
  3.873002017547700E-002
  3.902363626286331E-002
  4.018855365726348E-002
  4.025169762732039E-002
  3.973164448744404E-002
