           2           1  0.951203372676396     
           3           2  0.973739566538814     
           4           2  0.937415230180480     
           5           4   1.40326930332723     
           6           5   1.42690065779348     
           7           6   1.42898356696765     
           8           7   1.42924948589813     
           9           4   1.34385956460275     
           9           8   1.39152712989167     
          10           9  0.968543164610790     
          11          10   1.06926287029020     
          12          11   1.32734226402129     
          13          12   1.48551036786377     
          14          13   1.33328195779852     
          15          14   1.01971127403514     
          16          15   1.80614368710800     
          17          15  0.944852455485516     
          18          17   1.37841132829419     
          19          18   1.38473781099125     
          20          19  0.976766077290728     
          21          20   1.05197162727137     
          22          21   1.37039773931655     
          23          22   1.45135158364807     
          24          23   1.39466694540426     
          25          24   1.46039560060573     
          26          21   1.26644489242467     
          26          25   1.35332178387665     
          27          26   1.08689498272936     
          28          27   1.35386950995775     
          29          28   1.45979434474661     
          30          29   1.39507055528432     
          31          30   1.45085892223485     
          32          20   1.05365489929230     
          32          27   1.26559274183531     
          32          31   1.37038225770291     
          33          19   1.38410079553902     
          34          33   1.38134538385489     
          35          34  0.978026801745993     
          36          35   1.05148369098892     
          37          36   1.37069079302493     
          38          37   1.45091901927764     
          39          38   1.39499778165546     
          40          39   1.46019792659634     
          41          36   1.26657790491494     
          41          40   1.35346433362349     
          42          41   1.08687364323200     
          43          42   1.35386577888523     
          44          43   1.45970435762066     
          45          44   1.39537335114389     
          46          45   1.45042952067195     
          47          35   1.05245320808504     
          47          42   1.26607106196172     
          47          46   1.37085477269306     
          48          17   1.37295125547520     
          48          34   1.38676054259587     
          49          14   1.32951142633159     
          50          11   1.32623961244856     
          50          49   1.48762300742367     
          51          10  0.969801235253742     
          52          51   1.39100006674275     
          53          52   1.42999767001356     
          54          53   1.42872905122509     
          55          54   1.42687377196734     
          56           2  0.937350764967667     
          56          51   1.34354474148838     
          56          55   1.40352684451136     
          57           1  0.978210288392325     
          58           1  0.975097310428078     
          59           1  0.978165359102849     
          60           3  0.978390794940100     
          61           3  0.977424128343659     
          62           3  0.977382702114004     
          63           5  0.942892162682239     
          64           6  0.944190530495160     
          65           7  0.943659756319453     
          66           8  0.943857622162205     
          67          12  0.939437625736504     
          68          13  0.939932033758010     
          69          18  0.943651228030792     
          70          22  0.943274941016325     
          71          23  0.944622625517330     
          72          24  0.945048450179879     
          73          25  0.944754856185209     
          74          28  0.944728372665658     
          75          29  0.945055019143343     
          76          30  0.944752089476560     
          77          31  0.943655274262310     
          78          33  0.943021646316093     
          79          37  0.943178236374643     
          80          38  0.944619078440729     
          81          39  0.944992761455978     
          82          40  0.944729321054848     
          83          43  0.944713764796377     
          84          44  0.945036912599357     
          85          45  0.944635164002275     
          86          46  0.941732123398173     
          87          48  0.942594672319548     
          88          49  0.943394275573693     
          89          50  0.939784536850630     
          90          52  0.944211795399667     
          91          53  0.943640008514890     
          92          54  0.944222080242160     
          93          55  0.942960309055365     
