           2           1   2.82057639649474     
           3           2   1.05855014913719     
           4           3   1.36402172907029     
           5           4   1.36406114595757     
           6           5   1.05856412856492     
           7           6   2.82052291223305     
           8           5   1.26926035040126     
           9           8   1.00618777676574     
          10           9   1.03540029162235     
          11          10   1.37650302010185     
          12          11   1.44510290741933     
          13          12   1.40001942863272     
          14          13   1.45689091947452     
          15          10   1.27144288008634     
          15          14   1.35605922544819     
          16          15   1.08103122404217     
          17          16   1.35652178184549     
          18          17   1.45637182868843     
          19          18   1.40024274329052     
          20          19   1.44497728162153     
          21           9   1.03798528276656     
          21          16   1.27064837446843     
          21          20   1.37725945147045     
          22           8   1.39589117351405     
          23           3   1.26933260883526     
          23          22   1.39597886497670     
          24          23   1.00601867749680     
          25          24   1.03545057005176     
          26          25   1.37650895013693     
          27          26   1.44511000151978     
          28          27   1.40001468040429     
          29          28   1.45689260283918     
          30          25   1.27140454628924     
          30          29   1.35606346002060     
          31          30   1.08104865391715     
          32          31   1.35650192902855     
          33          32   1.45639488606148     
          34          33   1.40021012413261     
          35          34   1.44501754571832     
          36          24   1.03805199127930     
          36          31   1.27063708248150     
          36          35   1.37721669265276     
          37           4  0.936797301152108     
          38          11  0.943115417010491     
          39          12  0.944416639681247     
          40          13  0.944741671718801     
          41          14  0.944637982361508     
          42          17  0.944648616939958     
          43          18  0.944794453114054     
          44          19  0.944576724552046     
          45          20  0.942257352016976     
          46          22  0.940192825395447     
          47          26  0.943126988746167     
          48          27  0.944417772236425     
          49          28  0.944742528931667     
          50          29  0.944637799662102     
          51          32  0.944649553729076     
          52          33  0.944796020928918     
          53          34  0.944577798362206     
          54          35  0.942266630686684     
