           2           1  0.966128626868976     
           3           2  0.976689629445604     
           4           2  0.966138494437897     
           5           2  0.937484320861238     
           6           5   1.35276246600340     
           7           6   1.46031926720861     
           8           7   1.36373611246786     
           9           8   1.26672228021445     
          10           5   1.42815664076896     
          10           9   1.35270868309301     
          11           9   1.08418841490207     
          12          11   1.35272873379818     
          13          12   1.42812370165201     
          14          13  0.937459170260980     
          15          14  0.976676767088139     
          16          14  0.965948660852888     
          17          14  0.966328690393411     
          18          13   1.35283797979606     
          19          18   1.46025553756109     
          20          11   1.26673538365958     
          20          19   1.36392037383230     
          21           8   1.05443513198939     
          21          20   1.05396848114636     
          22          21  0.979445125792100     
          23          22   1.37626350997800     
          24          23   1.45063968097634     
          25          24   1.36743053352714     
          26          25   1.00291182085514     
          27          26   1.37353865632706     
          28          27   1.44293895374249     
          29          28   1.37348563173909     
          30          29   1.29805340964969     
          31          26   1.34962793669847     
          31          30   1.44698168001191     
          32          30  0.941195703725737     
          33          32  0.958958469135127     
          34          32  0.957825383860472     
          35          32  0.941189515248409     
          36          35   1.44846750547665     
          37          36   1.34687892267412     
          38          37   1.00983313452935     
          39          38   1.36504310863053     
          40          39   1.45128124108246     
          41          40   1.37758803902199     
          42          41  0.974940361918334     
          43          42   1.05584830025845     
          44          43   1.36347755725917     
          45          44   1.46068660953146     
          46          45   1.35253307526748     
          47          46  0.937417934725789     
          48          47  0.965934414388074     
          49          47  0.966385280836539     
          50          47  0.976684267336594     
          51          46   1.42829294293998     
          52          43   1.26592689667048     
          52          51   1.35271181388038     
          53          52   1.08444642606528     
          54          53   1.35260720075631     
          55          54   1.42832331559691     
          56          55  0.937463396650166     
          57          56  0.966354058518757     
          58          56  0.965936089528055     
          59          56  0.976701662940440     
          60          55   1.35255937510107     
          61          60   1.46067226080753     
          62          42   1.05522335729493     
          62          53   1.26607968129100     
          62          61   1.36360032962504     
          63          41   1.37773999139586     
          64          38   1.36513193949478     
          64          63   1.45102171717420     
          65          37   1.37035117041373     
          66          65   1.44467009400593     
          67          29   1.04227354290591     
          67          35   1.29759059899595     
          67          66   1.37265943228343     
          68          25   1.36807871106778     
          69          22   1.37652766945550     
          69          68   1.45001935573382     
          70           1  0.977903209926113     
          71           1  0.976076685958555     
          72           1  0.978199011418557     
          73           3  0.977557399812658     
          74           3  0.978322600523730     
          75           3  0.977644358348873     
          76           4  0.978179230370136     
          77           4  0.977971079759485     
          78           4  0.976112588350952     
          79           6  0.941886127577762     
          80           7  0.941846396178043     
          81          10  0.942235486397658     
          82          12  0.942236093771012     
          83          15  0.978319448639920     
          84          15  0.977675009880610     
          85          15  0.977537484497436     
          86          16  0.977948062047722     
          87          16  0.976137889501711     
          88          16  0.978177563965119     
          89          17  0.977929161240140     
          90          17  0.976055196274361     
          91          17  0.978205090752014     
          92          18  0.941881597260981     
          93          19  0.941695952422219     
          94          23  0.944519392154116     
          95          24  0.943849985320526     
          96          27  0.944278558342113     
          97          28  0.943898310984059     
          98          31  0.944573173769461     
          99          33  0.978651143046791     
         100          33  0.978613734454541     
         101          33  0.978668587686958     
         102          34  0.978625568394443     
         103          34  0.978567014489119     
         104          34  0.978595744462345     
         105          36  0.944268293050215     
         106          39  0.943559943762736     
         107          40  0.944933894506437     
         108          44  0.942283016306674     
         109          45  0.941912180525986     
         110          48  0.977945207341386     
         111          48  0.978147862957038     
         112          48  0.976165945703771     
         113          49  0.976012734278869     
         114          49  0.978219345170554     
         115          49  0.977915380267647     
         116          50  0.977490190856076     
         117          50  0.978325924002767     
         118          50  0.977696066717713     
         119          51  0.942244244456410     
         120          54  0.942251290493209     
         121          57  0.977937471232679     
         122          57  0.976043407884646     
         123          57  0.978202078611965     
         124          58  0.978181274408355     
         125          58  0.977932257726859     
         126          58  0.976133983713594     
         127          59  0.977550430452568     
         128          59  0.977658122963907     
         129          59  0.978308792954653     
         130          60  0.941906912031876     
         131          61  0.942119588502827     
         132          63  0.944918357208541     
         133          64  0.943553282898660     
         134          65  0.943975416630833     
         135          66  0.943902744365763     
         136          68  0.943932253919615     
         137          69  0.944549427542429     
