           2           1   1.32544066822614     
           3           2   1.52774265634422     
           4           3   1.28265256677474     
           5           4   1.22771032676748     
           6           1   1.53447290689549     
           6           5   1.27407645470234     
           7           5   1.22638058494349     
           8           7   1.57085073364454     
           9           8   1.26458580737246     
          10           9   1.11369484126226     
          11          10   1.11370337450534     
          12          11   1.26459874229333     
          13          12   1.57084478496015     
          14          13   1.22638321312546     
          15          14   1.27407927825136     
          16          15   1.53447296743489     
          17          16   1.32543974371185     
          18          17   1.52776198238553     
          19          14   1.22770738625471     
          19          18   1.28264561397123     
          20          11   1.31724811836599     
          20          19   1.18149037263065     
          21           4   1.18146665141691     
          21           9   1.31727328295099     
          21          20   1.14107581901517     
          22           1  0.945852207046615     
          23           2  0.945523217356478     
          24           3  0.939326285164749     
          25           6  0.944433986350745     
          26           7  0.940986523503586     
          27           8  0.942896528502809     
          28          10  0.952614978609709     
          29          12  0.942897580805555     
          30          13  0.940987454803387     
          31          15  0.944435036137582     
          32          16  0.945852663810079     
          33          17  0.945523796532448     
          34          18  0.939308105365078     
