 -3.753073319767886E-002
 -3.505996010340873E-002
 -4.083496220806193E-002
  5.885001418799440E-004
 -1.037035818826393E-002
 -4.002238356814747E-002
 -3.945731796632668E-002
  3.439438258905092E-002
 -2.007797128878153E-002
 -3.787740228474412E-002
 -1.988044624799379E-002
 -3.709018370674588E-002
 -1.114934625830877E-002
  4.189219575732039E-004
 -4.027549652689810E-002
 -3.481935188596630E-002
 -3.786041032263210E-002
 -3.477744212387979E-002
 -4.072439130302197E-002
 -4.180485112868038E-002
 -4.025292393509794E-002
  3.681423800922889E-002
 -9.982277709146725E-002
  6.540093538007286E-002
 -1.847938528517368E-002
  5.100171416626242E-002
 -0.188733719532513     
  5.354697193829416E-002
  9.548542566811591E-003
 -5.515781355057037E-003
 -2.007069563924535E-002
  3.353799861814055E-002
 -0.171939007218736     
  5.928859655732444E-002
  5.928762629232365E-002
 -0.171937171723773     
  3.353784062162202E-002
 -2.007213748561476E-002
 -5.516642325752663E-003
  9.546117371441287E-003
  5.354755413862877E-002
 -0.188734485386172     
  5.100166120168126E-002
 -1.847120448960915E-002
  6.540145446840828E-002
 -9.982446475720952E-002
  3.438941234728432E-002
 -3.945921055156809E-002
 -4.002417945684922E-002
 -1.036805591451273E-002
  5.882730193254027E-004
 -3.981076244726722E-002
 -3.450308177956884E-002
 -3.753352868741366E-002
 -3.506261412399070E-002
 -4.083803804027220E-002
 -3.788338525376123E-002
 -2.008068999854551E-002
 -1.988290210022470E-002
 -3.709417050426023E-002
 -1.114981093497036E-002
  4.206401652528946E-004
 -4.027747466965437E-002
 -3.482173829204704E-002
 -3.786178387723194E-002
 -3.477660461620236E-002
 -4.072614304382505E-002
 -4.180881344371556E-002
 -4.024819080167230E-002
  3.682117238853788E-002
 -3.980471712612310E-002
 -3.450294488016858E-002
  3.730981682090162E-002
  3.788748065299696E-002
  3.614254765273106E-002
  4.520871939566229E-002
  4.248393264198969E-002
  4.263251255928979E-002
  4.414986698359302E-002
  3.696109218566190E-002
  3.807669236959432E-002
  3.730246600241993E-002
  3.803317972288445E-002
  3.624127002263255E-002
  4.476425640255077E-002
  4.238105841003781E-002
  5.183925405286205E-002
  4.871330202859137E-002
  4.411282370092329E-002
  5.555431279140222E-002
  5.555479293376686E-002
  4.411182485810483E-002
  4.871462462336473E-002
  5.183727551010286E-002
  4.248518295340287E-002
  4.521052715097595E-002
  3.645500236048504E-002
  3.795642989848780E-002
  3.731094289858783E-002
  3.788530443373794E-002
  3.614536920372491E-002
  4.263520204310234E-002
  4.415256574685822E-002
  3.696233747268096E-002
  3.807508391084813E-002
  3.730266208530830E-002
  3.803309032871849E-002
  3.624329422123496E-002
  4.476452007014531E-002
  4.237888390682454E-002
  3.645455762556959E-002
  3.795563250687295E-002
