           2           1   2.83585951610627     
           3           2   1.05219369925712     
           4           3   1.37741881250282     
           5           4   1.34713416950379     
           6           5   1.11982696128623     
           7           6   1.31057812336234     
           8           7   1.49986886383922     
           9           8   1.31963622950236     
          10           9  0.997361641600489     
          11          10   1.04627762930582     
          12          11   1.36708411181434     
          13          12   1.45955525869228     
          14          13   1.34202780751929     
          15          14   1.00179488307853     
          16          15   1.37331027519456     
          17          16   1.44245076260368     
          18          17   1.42516337278020     
          19          18   1.42473358607779     
          20          15   1.37318966761514     
          20          19   1.44242168388252     
          21          14   1.39588523564056     
          22          11   1.26397533330331     
          22          21   1.36849136705931     
          23          22   1.07812502644570     
          24          23   1.36872308145072     
          25          24   1.39597804833796     
          26          25   1.00197884858396     
          27          26   1.37319067826050     
          28          27   1.44257059613378     
          29          28   1.42563510155386     
          30          29   1.42578872964749     
          31          26   1.37337209818100     
          31          30   1.44230607583714     
          32          25   1.34196735228471     
          33          32   1.45972062176879     
          34          10   1.04674346953670     
          34          23   1.26354749592903     
          34          33   1.36751515976115     
          35           9   1.41278052173602     
          36           6   1.26723091177456     
          36          35   1.35402586350782     
          37          36   1.07665328962408     
          38          37   1.35473824658492     
          39          38   1.41162064507070     
          40          39  0.998848167290278     
          41          40   1.04609802293002     
          42          41   1.36798266123607     
          43          42   1.45924932952735     
          44          43   1.34239276191450     
          45          44   1.00139863504963     
          46          45   1.37359732712055     
          47          46   1.44220691829750     
          48          47   1.42583200029743     
          49          48   1.42573116198058     
          50          45   1.37347625862086     
          50          49   1.44240248546375     
          51          44   1.39608024843199     
          52          41   1.26359930795276     
          52          51   1.36878684322173     
          53          52   1.07793468000466     
          54          53   1.36732341675619     
          55          54   1.39713911583779     
          56          55   1.00204285755052     
          57          56   1.37269592553084     
          58          57   1.44270426291335     
          59          58   1.42552440059500     
          60          59   1.42577444999696     
          61          56   1.37368378484897     
          61          60   1.44227395710431     
          62          55   1.34076521910458     
          63          62   1.46091126993521     
          64          40   1.04591281374324     
          64          53   1.26533267555182     
          64          63   1.36590988658359     
          65          39   1.31932861747976     
          66          65   1.49997613952122     
          67          37   1.26665273077145     
          67          66   1.31043031847159     
          68           5   1.20303211470730     
          68          67   1.12042264233509     
          69          68   1.34647723092257     
          70           3   1.22152376388940     
          70          69   1.37786568003868     
          71          70   1.05206172947791     
          72          71   2.83599696992716     
          73           7  0.939956111952599     
          74           8  0.942441449486501     
          75          12  0.941091835898011     
          76          13  0.942335858825180     
          77          16  0.946957099915390     
          78          17  0.946510897384922     
          79          18  0.947481863989624     
          80          19  0.946563934317099     
          81          20  0.946966241911766     
          82          21  0.943377398620996     
          83          24  0.943204160579329     
          84          27  0.947021666896850     
          85          28  0.946594442283831     
          86          29  0.947525272128006     
          87          30  0.946564526953965     
          88          31  0.946977266221733     
          89          32  0.943071860337474     
          90          33  0.941603389852633     
          91          35  0.939257521841465     
          92          38  0.939091120565449     
          93          42  0.941439739233946     
          94          43  0.943091979325953     
          95          46  0.947010444392754     
          96          47  0.946563514479126     
          97          48  0.947521093876158     
          98          49  0.946588599275517     
          99          50  0.947022210696343     
         100          51  0.943233579826421     
         101          54  0.943334696663137     
         102          57  0.946710018252725     
         103          58  0.944968966362969     
         104          59  0.947580898628905     
         105          60  0.946611026556683     
         106          61  0.947027453694985     
         107          62  0.942424010862127     
         108          63  0.941039946980350     
         109          65  0.942372945720554     
         110          66  0.939984772885350     
