           2           1   2.82496144415285     
           3           2   1.05627324149482     
           4           3   1.29535365555408     
           5           4   1.49705050961499     
           6           5   1.32097644347226     
           7           6   1.27757313003898     
           8           3   1.37879830425210     
           8           7   1.35902000085383     
           9           7   1.06851589134493     
          10           9   1.35891702541037     
          11          10   1.37888476821225     
          12          11   1.05623012399044     
          13          12   2.82500378960415     
          14          11   1.29538159899079     
          15          14   1.49697057770627     
          16           9   1.27775299168454     
          16          15   1.32114834371423     
          17          16   1.09341270634811     
          18          17   1.41587681861111     
          19          18   1.28677039589059     
          20          19   1.26211239017521     
          21          20   1.50755940310697     
          22          21   1.00402907422656     
          23          22   1.35810228431214     
          24          23   1.46375723454851     
          25          24   1.35552527535143     
          26          25   1.01168408826369     
          27          26  0.992718040631009     
          28          27   1.37195611699085     
          29          28   1.44355977803239     
          30          29   1.42394520346434     
          31          30   1.42524290071479     
          32          27   1.37392456286377     
          32          31   1.44210227583606     
          33          26  0.992391642343183     
          34          33   1.37364587153542     
          35          34   1.44256401493489     
          36          35   1.42482204150884     
          37          36   1.42456077366796     
          38          33   1.37285677239019     
          38          37   1.44283488488851     
          39          25   1.36074313255393     
          40          22   1.36369670530906     
          40          39   1.45742593176717     
          41          21   1.18613179568277     
          42          41  0.997252216139427     
          43          42   1.36228506340248     
          44          43   1.46030804198038     
          45          44   1.35932971201688     
          46          45   1.00602042748881     
          47          46  0.996255417250113     
          48          47   1.37133813003294     
          49          48   1.44356079292211     
          50          49   1.42415888403562     
          51          50   1.42457141465881     
          52          47   1.37208942644036     
          52          51   1.44310077704622     
          53          46  0.991679287577817     
          54          53   1.37311490793458     
          55          54   1.44296540883044     
          56          55   1.42451933371217     
          57          56   1.42493196802558     
          58          53   1.37384851071020     
          58          57   1.44235246092848     
          59          45   1.36341961056431     
          60          42   1.36619589600627     
          60          59   1.45537916094348     
          61          41   1.51320280531549     
          62          19   1.15982875195128     
          62          61   1.25938915000307     
          63          62   1.28862088645250     
          64           6   1.09381322920006     
          64          17   1.17511895277302     
          64          63   1.41478911187008     
          65           4  0.943738311615165     
          66           5  0.940964476313537     
          67           8  0.941044049691976     
          68          10  0.941047312556521     
          69          14  0.943742775516789     
          70          15  0.940961292656044     
          71          20  0.939843624355897     
          72          23  0.942383024974057     
          73          24  0.943798731586582     
          74          28  0.946188148588453     
          75          29  0.945153791517724     
          76          30  0.946560226050641     
          77          31  0.945327037415992     
          78          32  0.946383394936965     
          79          34  0.946404387801667     
          80          35  0.945296760204627     
          81          36  0.946543200950225     
          82          37  0.945274012411367     
          83          38  0.946381401700448     
          84          39  0.943950352907001     
          85          40  0.943881795314003     
          86          43  0.942919985524497     
          87          44  0.944000368389234     
          88          48  0.946316376780283     
          89          49  0.945265794051219     
          90          50  0.946554935634725     
          91          51  0.945300940771054     
          92          52  0.946272579668088     
          93          54  0.946411029982622     
          94          55  0.945264413899511     
          95          56  0.946549777158544     
          96          57  0.945276994484336     
          97          58  0.946456440110546     
          98          59  0.944227661220515     
          99          60  0.944056826902701     
         100          61  0.939961558929486     
