           2           1  0.981746058474257     
           3           2  0.962120552773153     
           4           3   1.39647891996335     
           5           4   1.42994303199863     
           6           5   1.43253039459802     
           7           6   1.42483023270848     
           8           3   1.38828653436488     
           8           7   1.43899957149961     
           9           2  0.918225802039804     
          10           9   1.02345352051333     
          11          10   1.34986923894693     
          12          11   1.41125401420795     
          13          12  0.946951554449413     
          14          13   1.02798678419681     
          15          14   1.35677749677745     
          16          15   1.45024481386836     
          17          16   1.41589784783427     
          18          17   1.43144783235416     
          19          14   1.33254581729956     
          19          18   1.40209951355106     
          20          19  0.946836709410412     
          21          20  0.953705088941133     
          22          20  0.953520901205825     
          23          20  0.946974688493687     
          24          23   1.40254086992214     
          25          24   1.43125571096554     
          26          25   1.41575105413439     
          27          26   1.45101761137220     
          28          13   1.03149104303239     
          28          23   1.33145971322614     
          28          27   1.35574992890415     
          29          12   1.37315518800142     
          30          29   1.42590767774668     
          31          10   1.34426401787675     
          31          30   1.41111363447250     
          32          31  0.764315478730556     
          33          32   1.76611795108106     
          34          32   1.74560841011691     
          35          32  0.764534291084271     
          36          35   1.41259910818777     
          37          36   1.42484380514480     
          38          37   1.37371311095368     
          39          38  0.949381813202497     
          40          39   1.02856788711504     
          41          40   1.35607313746495     
          42          41   1.45067326597933     
          43          42   1.41583834846736     
          44          43   1.43166784079087     
          45          40   1.33275645467905     
          45          44   1.40179710655900     
          46          45  0.946958934876149     
          47          46  0.953474852559126     
          48          46  0.953667192709564     
          49          46  0.946953723609432     
          50          49   1.40191718897912     
          51          50   1.43168704385332     
          52          51   1.41581925979576     
          53          52   1.45072156984153     
          54          39   1.02871091145128     
          54          49   1.33253087378181     
          54          53   1.35646022542729     
          55          38   1.40884620387010     
          56           9   1.02393328145165     
          56          35   1.34253935320146     
          56          55   1.35241789332219     
          57           1  0.974188108375930     
          58           1  0.973597226882063     
          59           1  0.980981710656860     
          60           2  0.949356632920969     
          61           4  0.946379374687983     
          62           5  0.946032440347765     
          63           6  0.946126946695232     
          64           7  0.946370370178505     
          65           8  0.942333603013474     
          66          11  0.938256708934727     
          67          15  0.940230571640767     
          68          16  0.943512173464587     
          69          17  0.944812113378037     
          70          18  0.942348573427746     
          71          21  0.975812089912830     
          72          21  0.977615341436347     
          73          21  0.975859892894768     
          74          22  0.975913055174595     
          75          22  0.977520573725752     
          76          22  0.975815569351881     
          77          24  0.942326722874304     
          78          25  0.944822297002826     
          79          26  0.943997757827663     
          80          27  0.941796385174524     
          81          29  0.940664596587922     
          82          30  0.938634839298642     
          83          36  0.938457068757777     
          84          37  0.940578805983966     
          85          41  0.940763623686368     
          86          42  0.943854482388076     
          87          43  0.944749891306055     
          88          44  0.942294906731297     
          89          47  0.975895901934730     
          90          47  0.977518941644258     
          91          47  0.975788033906039     
          92          48  0.977617957745085     
          93          48  0.975902421655709     
          94          48  0.975775808055720     
          95          50  0.942271840207858     
          96          51  0.944757297933209     
          97          52  0.943942674458595     
          98          53  0.941545786248920     
          99          55  0.940034174695230     
