 -9.409554590148694E-002
  2.332371482064222E-002
 -9.924199903963338E-002
 -1.801261395720033E-002
 -4.258831197343138E-002
 -4.352347056613226E-002
 -3.558570748466305E-002
 -4.509378247036722E-002
  4.861807810522167E-002
 -0.106937532324635     
  5.643220882581179E-002
 -3.042235033550966E-002
 -3.631966850871571E-002
 -2.605640199272230E-003
 -2.890879552755621E-002
  6.284122377256729E-003
  9.893924972495149E-002
 -0.221974128457179     
 -3.108141471835069E-002
 -3.499539190848022E-002
  2.336113670180051E-003
 -2.363706732172322E-002
  2.243291429964467E-002
 -0.107051408630191     
 -0.100071074343119     
 -1.759875482105766E-002
 -4.357058112046541E-002
 -4.420499713272097E-002
 -4.470826116929505E-002
 -1.931595511815587E-002
  4.324155122946260E-002
  3.806517902745477E-002
  3.659840914250712E-002
  3.805247660045652E-002
  3.180594924520241E-002
  3.683685806520653E-002
  3.139015916574139E-002
  4.430651013254472E-002
  4.051026896576526E-002
  4.328626849126360E-002
  4.067115902540064E-002
  4.763473002913721E-002
  4.742984464135946E-002
  4.753570336315860E-002
  4.875451073391968E-002
  5.129841303813665E-002
  3.914877430464325E-002
  3.752668537661374E-002
  3.332772065023337E-002
  3.341401739509953E-002
  3.565351209533663E-002
  3.534871006381557E-002
  4.392487224032948E-002
  4.196245313179303E-002
  4.545331505106498E-002
