           2           1   1.72775886729703     
           3           2  0.811573141607001     
           4           3   1.41147586140913     
           5           4   1.42419044255318     
           6           5   1.42901596015748     
           7           6   1.43158970686361     
           8           3   1.41255485534528     
           8           7   1.42262672569154     
           9           2  0.811870530687892     
          10           9   1.40838233686499     
          11          10   1.42687455737586     
          12          11   1.42673132499464     
          13          12   1.43304860785540     
          14           9   1.41276239051173     
          14          13   1.42037995479039     
          15           2  0.781140039124629     
          16          15   1.41201060475283     
          17          16   1.29077027019722     
          18          17   1.04516986442107     
          19          18   1.35381621532766     
          20          19   1.45120157312043     
          21          20   1.42018231401994     
          22          21   1.42027234601676     
          23          18   1.35420882409848     
          23          22   1.45061761605136     
          24          17   1.37323325112266     
          25          24   1.32202213623232     
          26          25   1.13096068080668     
          27          26   1.01094047918684     
          28          27   1.39170950873844     
          29          28   1.43372025027136     
          30          29   1.41038130196173     
          31          30   1.44845499725333     
          32          27   1.28142020420020     
          32          31   1.36350728824662     
          33          32   1.07047853973100     
          34          33   1.36340213694005     
          35          34   1.44867292692565     
          36          35   1.41009691731466     
          37          36   1.43387134681365     
          38          26   1.01272847851179     
          38          33   1.28083408735044     
          38          37   1.39145712124390     
          39          15   1.41558451901632     
          39          25   1.27806872658369     
          40           4  0.944806415704161     
          41           5  0.943505397419309     
          42           6  0.943949887906551     
          43           7  0.943633734620966     
          44           8  0.945638335830469     
          45          10  0.945832879383313     
          46          11  0.943574914595421     
          47          12  0.944037686644370     
          48          13  0.943663433783842     
          49          14  0.945243233583388     
          50          19  0.945507964906592     
          51          20  0.946326870527645     
          52          21  0.947177284392784     
          53          22  0.946200959679020     
          54          23  0.944571734407743     
          55          28  0.936294573326403     
          56          29  0.943470417187137     
          57          30  0.944651510525062     
          58          31  0.944781488974083     
          59          34  0.944716696722327     
          60          35  0.944591100175439     
          61          36  0.944341370986777     
          62          37  0.937831534277479     
