 -0.165144606638159     
  7.397791491556971E-002
 -5.538214859585366E-002
 -4.017373466458007E-002
 -9.646122730789131E-003
 -1.682409742129742E-003
 -3.985268253337892E-002
 -3.758800298408627E-002
  3.359363110986280E-004
 -1.130995150586855E-002
 -1.176844755564055E-002
  1.643372788682651E-003
 -3.894318846675837E-002
 -3.511762492866133E-002
 -3.781537844830574E-002
 -3.486540587516274E-002
 -3.931718640568516E-002
  9.333115558578520E-004
 -3.772210574737223E-002
 -3.355591970258853E-002
 -3.735283252084276E-002
 -3.562270383086563E-002
 -4.063648691970290E-002
  1.926552011770166E-003
 -3.799120802728062E-002
 -3.452223979165492E-002
 -3.775684633966225E-002
 -3.534810781217956E-002
 -4.008525372760463E-002
 -3.782663042723033E-002
 -3.788792283758102E-002
 -3.119757176305171E-002
  1.217499114120324E-002
  6.631984013993408E-002
 -0.231303574433511     
 -1.929581459648322E-002
  1.978960794064966E-002
 -4.563931257540244E-002
 -3.851174612051267E-002
 -4.349438025556474E-002
 -3.585841976241966E-002
 -3.067895199544690E-002
 -4.925102031877238E-003
  1.338661900694049E-002
 -3.926360288593056E-002
 -3.411235082325081E-002
 -3.813653442556841E-002
 -3.226322250971236E-002
 -3.140048059231937E-002
 -7.105972287232110E-002
  7.164101725463556E-002
 -3.370365869688996E-002
 -2.898338387640731E-002
 -3.747893279154368E-002
 -2.858375588913553E-002
 -2.992010819174329E-002
  0.168391179846123     
  3.770521926550796E-002
  4.502921006979999E-002
  3.890312784863525E-002
  4.084607832218856E-002
  3.812873549925933E-002
  3.832524761472100E-002
  3.762306864298581E-002
  3.842399686715969E-002
  3.741246388916164E-002
  3.890234428797490E-002
  3.965542138535072E-002
  3.784582756490529E-002
  3.806689433021626E-002
  3.669518929454074E-002
  3.867731886063819E-002
  3.865474918202139E-002
  3.764900348114641E-002
  3.806780028857937E-002
  3.675652077437586E-002
  3.990291007615265E-002
  4.009697907131793E-002
  4.860918070834197E-002
  3.722756789452963E-002
  3.741410250222033E-002
  3.640927064665656E-002
  3.822021191069302E-002
  4.124138587242365E-002
  3.867385942449286E-002
  3.941766682732406E-002
  3.852125300242148E-002
  4.045817781405592E-002
  4.072993691627413E-002
  4.072612903096118E-002
  4.327358071711096E-002
  3.995676102644330E-002
  4.351168833028252E-002
  4.244655369529204E-002
