 -0.208143884947439     
  0.101412057448194     
  2.082311605952691E-002
 -1.153968259386673E-002
  3.163628958430076E-002
  0.111384635134998     
 -0.215751955029925     
  0.111941458821841     
  2.603268833947769E-002
 -2.517009641343559E-002
 -2.396753583614153E-002
 -3.018437458572443E-002
 -2.490298646015976E-002
 -2.572179508110128E-002
 -0.212798785358463     
  0.111126007135028     
  2.638688728284366E-002
 -2.659286999949373E-002
 -2.491715540408634E-002
 -3.043828747382538E-002
 -2.430088891444449E-002
 -2.500183482344465E-002
 -0.218555043886645     
 -1.337297102763291E-002
 -1.610123865563029E-002
  7.206355440521239E-002
 -8.956256567771614E-002
  3.440532824447340E-002
 -4.445584255103352E-002
 -3.953875639567794E-002
 -4.461871056618172E-002
 -3.576235242696590E-002
 -2.023215166091319E-002
 -2.854318260863575E-002
 -2.791872995451072E-002
 -2.268985598480988E-002
 -1.501360787144890E-002
 -3.405843959299482E-002
 -4.506876314087904E-002
 -3.708868340116833E-002
 -3.686935854227080E-002
  4.917955972454502E-002
 -7.679472158719314E-002
  5.015324319928860E-002
 -3.715358969539828E-002
 -3.664307386186660E-002
 -4.596128913363628E-002
 -4.232753270146716E-002
 -1.800133264393544E-002
 -2.307897098422185E-002
  4.118292226988629E-002
  9.995402842129852E-003
  6.177299196532826E-002
  4.592649245999159E-002
  4.150119455882650E-002
  4.203911124634419E-002
  4.074024697723178E-002
  4.568090398452485E-002
  4.494349188699542E-002
  4.069778993070516E-002
  4.207268122700381E-002
  4.103175540829340E-002
  4.623453597963978E-002
  5.830821228733518E-002
  4.918254230183949E-002
  4.019650889306603E-002
  4.376951770590587E-002
  4.129297129925336E-002
  4.304586251812137E-002
  5.394883555772567E-002
  4.227926293063666E-002
  4.115333613904937E-002
  4.435800334286100E-002
  4.137197346104837E-002
  4.135047553384363E-002
  4.439324152283108E-002
  4.158987214077026E-002
  4.223793572344769E-002
