           2           1   1.42568894907962     
           3           2   1.44266703843640     
           4           3   1.37320957583527     
           5           4   1.00360672056480     
           6           5   1.36959709763010     
           7           6   1.44853860353856     
           8           7   1.37527987539908     
           9           8  0.974015048725096     
          10           9   1.30982820973965     
          11          10   1.21645322714712     
          12          11   1.59646940404536     
          13          12   1.26491447791334     
          14          13   1.59736963497448     
          15          10   1.17413833818414     
          15          14   1.21532798712320     
          16          15   1.31134418972764     
          17          16  0.958072760172643     
          18          17   1.31109450430710     
          19          18   1.21534984554448     
          20          19   1.59729339554540     
          21          20   1.26504400948725     
          22          21   1.59626449278261     
          23          18   1.17439307152065     
          23          22   1.21666339447898     
          24          23   1.30902495476053     
          25          24  0.975401334302509     
          26          25   1.37468112929637     
          27          26   1.44874834478889     
          28          27   1.36948295457858     
          29          28   1.00350602955024     
          30          29   1.37327903800287     
          31          30   1.44262434434352     
          32          31   1.42571907680774     
          33          32   1.42570060283672     
          34          29   1.37324360753029     
          34          33   1.44265171185804     
          35          28   1.36929665790570     
          36          25   1.37437909935662     
          36          35   1.44893855691736     
          37          24   1.30942205197465     
          38          37   1.21661406253160     
          39          38   1.59633928207107     
          40          39   1.26494827121757     
          41          40   1.59736333062827     
          42          17   1.31143857752633     
          42          37   1.17413721945179     
          42          41   1.21529536381524     
          43          16   1.31129527327930     
          44          43   1.21532950471700     
          45          44   1.59736357300065     
          46          45   1.26492202772609     
          47          46   1.59646387264082     
          48           9   1.30974098550607     
          48          43   1.17415577448377     
          48          47   1.21647080400245     
          49           8   1.37498463466714     
          50           5   1.36936458931598     
          50          49   1.44884322262239     
          51           4   1.37325155115332     
          52           1   1.42572242448270     
          52          51   1.44262889209806     
          53           1  0.947559032597919     
          54           2  0.946643164881596     
          55           3  0.946995462798362     
          56           6  0.944793074799171     
          57           7  0.945359640930556     
          58          11  0.940849955058803     
          59          12  0.945574825611166     
          60          13  0.945497731672678     
          61          14  0.941395023664839     
          62          19  0.941367559362304     
          63          20  0.945487153342351     
          64          21  0.945571749356468     
          65          22  0.940668997422241     
          66          26  0.945313266819445     
          67          27  0.944805787418408     
          68          30  0.947001471182361     
          69          31  0.946644471420858     
          70          32  0.947561224505336     
          71          33  0.946640712281014     
          72          34  0.947004083789607     
          73          35  0.944786750595326     
          74          36  0.945308146851026     
          75          38  0.940750619299604     
          76          39  0.945575580116578     
          77          40  0.945489821066043     
          78          41  0.941398079053614     
          79          44  0.941393092789799     
          80          45  0.945495535378569     
          81          46  0.945574086110847     
          82          47  0.940769866933109     
          83          49  0.945356799921715     
          84          50  0.944779637839479     
          85          51  0.946995018844071     
          86          52  0.946647056494717     
