 -2.941204470931602E-002
 -2.403836603323128E-002
 -2.459128408939470E-002
  2.593791305899984E-002
  0.113122333716123     
 -0.212376894928648     
  0.112974784179452     
  2.589934931429916E-002
 -2.456318440455441E-002
 -2.398805768664047E-002
 -2.937196068879544E-002
 -2.429393609808450E-002
 -2.620697917077397E-002
 -0.218387287635734     
  0.118182798449636     
  3.451396512369609E-002
 -2.532845025337593E-002
  6.932409820481356E-002
 -9.937520653168175E-002
  3.621830443014540E-002
 -4.058076966264501E-002
 -3.059102787536361E-002
 -3.864449931023994E-002
 -2.281484969379921E-002
 -1.169223071758019E-002
  2.694676482538982E-002
 -0.183509019885665     
  8.342605241542955E-003
 -3.469645626168827E-002
 -2.872352069198136E-002
  3.695496800902465E-002
  5.061998222920394E-002
 -0.100902183672775     
  3.545348964459905E-002
 -4.333922537560131E-002
 -3.247180774105196E-002
 -4.008451628756138E-002
 -2.297181918993463E-002
 -1.106361528756139E-002
  2.736743227046956E-002
 -0.181920499051169     
  1.092703826844543E-002
 -3.152305251794107E-002
 -2.887312687393440E-002
  3.845832732889232E-002
  6.925707319153629E-002
 -9.976414149188972E-002
  3.438210965278943E-002
 -4.270989555769411E-002
 -3.662303846099313E-002
 -4.251311553341619E-002
 -2.396410945543970E-002
 -1.206813844734267E-002
  2.579935590296500E-002
 -0.182269820797246     
  1.216534944897152E-002
 -2.991852392944327E-002
 -2.705002609748153E-002
  3.781295048152034E-002
 -2.458513035253329E-002
 -0.217862019773370     
 -2.601357880594879E-002
 -2.427929539140639E-002
  4.216788217289924E-002
  4.095415146030312E-002
  4.604141326998890E-002
  4.609421350406051E-002
  4.098581011718228E-002
  4.220654170644134E-002
  4.096860695171600E-002
  4.493820189349806E-002
  5.867393476826932E-002
  4.027163760927877E-002
  4.607603279091188E-002
  4.195418989185806E-002
  4.769874955905473E-002
  5.111384090846127E-002
  4.298315214592896E-002
  4.183055206080344E-002
  3.998935041432761E-002
  4.558279481976035E-002
  4.157832489908031E-002
  4.812552388913705E-002
  5.080520408547307E-002
  4.300958607498240E-002
  4.112106099032431E-002
  4.202858975564627E-002
  4.507008672308688E-002
  4.175887494624875E-002
  4.896120936789994E-002
  5.131567513913227E-002
  4.371265254482759E-002
  4.160546373396490E-002
  5.948748535112058E-002
  4.520044708988502E-002
  4.098447281280415E-002
