 -0.100119196241684     
  2.647130474808712E-002
 -0.101790314885012     
 -0.101860580108458     
 -2.098284840328901E-002
 -4.185316007061513E-002
 -4.262440605534934E-002
  5.161225698557104E-002
 -0.121260123476611     
  5.803504040258600E-002
 -4.422215606361757E-002
 -3.680335090680753E-002
 -1.466328035438558E-002
  7.840996930702726E-003
 -2.819511985596090E-002
  4.921006107843340E-002
 -0.185858157220644     
  5.167638893241566E-002
  1.557674420348532E-002
 -1.345084265513830E-002
 -1.431264635021368E-002
  1.734293838822776E-002
  0.104139088745000     
 -0.210611015782884     
 -2.439965607283590E-002
  4.996251547775277E-003
  5.142951674235174E-003
 -2.429358654108515E-002
  1.727177942692082E-002
  0.103989945953920     
 -0.210612728077843     
 -1.451828620935913E-002
 -1.388999936177093E-002
  1.531987475717056E-002
  5.111483093250646E-002
 -0.187529738387467     
  4.876676297319760E-002
 -2.739362774399012E-002
  1.912117031584781E-003
  7.234410619631593E-003
 -1.956842681899573E-002
 -2.433311211212974E-002
  2.218787388498411E-002
 -0.179270978613465     
  2.166806237570684E-002
 -3.672643447189472E-002
 -4.309826791316507E-002
  5.124373382849257E-002
 -4.153665550644181E-002
 -4.147787451887197E-002
 -2.107825047484013E-002
  2.643900728692961E-002
 -0.101909543110739     
 -0.100251088520071     
 -0.101757974568053     
 -4.356610390795623E-002
 -4.365263320306667E-002
 -4.389955905221044E-002
 -4.338094585993613E-002
  3.347482849042449E-002
  3.530640546193342E-002
  3.527701451641485E-002
  3.151205506013288E-002
  3.537621485721365E-002
  3.343977991150215E-002
  3.147773322840419E-002
  3.338798675060728E-002
  3.522525303571955E-002
  4.285116085564133E-002
  3.991668839108742E-002
  4.133798520827403E-002
  4.300914606430084E-002
  4.599102739706140E-002
  5.370448653028548E-002
  5.249991146255917E-002
  5.384511596894848E-002
  5.390739173025616E-002
  5.246930297050079E-002
  5.336469834232616E-002
  4.555738963073142E-002
  3.981698741098072E-002
  4.173541796548841E-002
  5.089703369766307E-002
  5.227762766070376E-002
  4.329062872707656E-002
  4.158817748664378E-002
  4.152263050565996E-002
  4.330521917322017E-002
  3.526367522643237E-002
  3.317327608095844E-002
  3.129199472808764E-002
  3.535906008991718E-002
  3.333401475549291E-002
  3.524787727978118E-002
  3.564465835731223E-002
  3.135885827312490E-002
  3.350345011726708E-002
  4.363022471743361E-002
  3.942922284841821E-002
  3.925085008853624E-002
  4.370778571479383E-002
