           2           1  0.950334457693099     
           3           2  0.973596216752469     
           4           2  0.939166459687055     
           5           4   1.40324084881186     
           6           5   1.42767203501493     
           7           6   1.42666069651210     
           8           7   1.43321476456302     
           9           4   1.34204122624791     
           9           8   1.38609283273158     
          10           9  0.980173073296823     
          11          10   1.09957444869346     
          12          11   1.20666329337356     
          13          12   1.60007665093715     
          14          13   1.21854234173510     
          15          14   1.27297947092328     
          16          15   1.53631306048545     
          17          16   1.31898163338438     
          18          17   1.50894605842807     
          19          18  0.949394244695273     
          20          19   1.02150474227782     
          21          20   1.36955941570014     
          22          21   1.44004219995941     
          23          22   1.42465692390316     
          24          23   1.42135814179434     
          25          20   1.32130167130595     
          25          24   1.41233297748747     
          26          25  0.942729040171454     
          27          26  0.944994606940749     
          28          26  0.972961729274462     
          29          26  0.942646899966464     
          30          29   1.41307685749960     
          31          30   1.42161623450951     
          32          31   1.42456141199370     
          33          32   1.44001999598184     
          34          19   1.02024995057665     
          34          29   1.32194794346451     
          34          33   1.37155426553966     
          35          14   1.21785876815800     
          35          18   1.22412215030885     
          36          11   1.44148450599337     
          36          35   1.24622766654805     
          37          10  0.967056546415522     
          38          37   1.39436469716181     
          39          38   1.42951387908954     
          40          39   1.42982713171337     
          41          40   1.42558560218510     
          42           2  0.937652957533001     
          42          37   1.34268561499329     
          42          41   1.40528245401934     
          43           1  0.977905706003313     
          44           1  0.975978527103235     
          45           1  0.978183910660522     
          46           3  0.977189327547105     
          47           3  0.978508243428115     
          48           3  0.977509037292626     
          49           5  0.942922578382540     
          50           6  0.944319971747740     
          51           7  0.943794843562112     
          52           8  0.944044650798601     
          53          12  0.940411098349157     
          54          13  0.939236826595161     
          55          15  0.941454976081191     
          56          16  0.943416599864847     
          57          17  0.944938630122384     
          58          21  0.941804111364004     
          59          22  0.944161747235475     
          60          23  0.944899145229536     
          61          24  0.942742659477291     
          62          27  0.977065617344853     
          63          27  0.976269206488790     
          64          27  0.977025065889147     
          65          28  0.977398706382273     
          66          28  0.976835642416454     
          67          28  0.976946795946132     
          68          30  0.942809550880867     
          69          31  0.944907080833287     
          70          32  0.944131143927566     
          71          33  0.941384490213135     
          72          38  0.940038942423892     
          73          39  0.941130162785821     
          74          40  0.944377889519656     
          75          41  0.943141096277383     
