 -0.210872121254434     
  9.506488142023883E-002
  1.764083958727625E-003
  7.721590568051795E-002
 -9.314352584690244E-002
  3.808097061090487E-002
 -4.213976411892162E-002
 -3.484438764040743E-002
 -4.439532345294683E-002
 -3.347204922587288E-002
 -2.383034574541032E-002
 -2.343074596223982E-002
 -3.370861281041915E-002
 -4.573160373882956E-002
 -3.838449692282886E-002
 -4.645553590579787E-002
  3.598375412704780E-002
 -3.334518580015366E-002
  7.804170888154038E-002
 -9.061087273923274E-002
  3.536231776032972E-002
 -4.384161527627040E-002
 -3.655134434813601E-002
 -4.453367980273715E-002
 -3.380534580910144E-002
 -2.527128071887486E-002
 -2.531409318999778E-002
 -3.381358974907123E-002
 -4.462852355768820E-002
 -3.687744237175661E-002
 -4.528251999069610E-002
  3.535630597091943E-002
 -3.553388582455330E-002
  7.733521001765187E-002
 -9.306496491414773E-002
  3.791046954164523E-002
 -4.192533127028764E-002
 -3.468040036876907E-002
 -4.438651531032178E-002
 -3.362574750463221E-002
 -2.405304636829708E-002
 -2.349079159657830E-002
 -3.378931497722615E-002
 -4.557721695304284E-002
 -3.793606691083173E-002
 -4.507401439701120E-002
  3.566755015593825E-002
  3.945011388404873E-002
  4.385969518359012E-002
  4.052843764141856E-002
  4.253135402418384E-002
  4.328805122235724E-002
  4.076934569390822E-002
  4.347380257025912E-002
  3.955211883838172E-002
  5.034515532919071E-002
  4.111885962619921E-002
  4.460329116449924E-002
  4.130305132923862E-002
  4.324825755822459E-002
  4.329052899866581E-002
  4.124379972563064E-002
  4.433047764446363E-002
  4.132118623496484E-002
  5.087394085429908E-002
  3.983756413391959E-002
  4.399262733500731E-002
  4.054459289893830E-002
  4.251758147709672E-002
  4.326252369831607E-002
  4.085093869253598E-002
  4.386544084573407E-002
  3.963540764386853E-002
