 -0.102430278968808     
  2.099497807479622E-002
 -0.102373194571210     
 -2.174181894712834E-002
 -4.447606077528210E-002
 -5.134186534667950E-002
 -3.801686177117425E-002
 -5.882975576942417E-002
  4.944973801795038E-002
 -0.118393421888367     
  6.538430821437347E-002
 -2.145495706827738E-002
 -2.208420021960933E-002
 -1.205327913070864E-002
  0.161304226195086     
 -0.217722313250663     
 -7.038316732098870E-003
 -3.430806808514131E-002
  7.273195510226804E-002
 -9.411509773327964E-002
  3.486734986482221E-002
 -4.515789273396997E-002
 -3.920142076374322E-002
 -4.752717936893625E-002
 -3.571723347753153E-002
 -2.710367973169525E-002
 -2.775430302321613E-002
 -3.613495704700753E-002
 -4.724928360387093E-002
 -3.763344871360541E-002
 -4.240841509606064E-002
  3.569717164739394E-002
 -3.659214621125795E-002
  7.020888649390811E-002
 -9.564726973766380E-002
  3.419098858073566E-002
 -4.793547175014279E-002
 -3.916631967459328E-002
 -4.692957745557713E-002
 -3.547761595684928E-002
 -2.703572242860641E-002
 -2.764204535743175E-002
 -3.546660464277718E-002
 -4.675437360276113E-002
 -3.775907647130428E-002
 -4.375588205797065E-002
  3.519222947464717E-002
 -4.682613689289994E-002
 -3.304285616808311E-002
 -2.452088382426876E-002
  5.000844488618394E-002
 -5.721457502490779E-002
 -3.665433222304326E-002
 -5.084032835177865E-002
 -4.437253838295963E-002
 -2.199310396919429E-002
  3.378443476010951E-002
  3.393634143525015E-002
  3.359948047322359E-002
  3.430459239096362E-002
  3.379315056756760E-002
  3.363488526756198E-002
  4.333840908631736E-002
  3.901837076953785E-002
  4.438300070409096E-002
  3.914804961462071E-002
  4.370129667559397E-002
  5.021124105379227E-002
  5.052652454297124E-002
  4.055681844884884E-002
  4.350099214536596E-002
  4.034470333273144E-002
  4.244222726878699E-002
  4.214524657134089E-002
  4.027579920790625E-002
  4.403045274606920E-002
  4.247724956134136E-002
  4.752714932601199E-002
  4.081475860939099E-002
  4.508910651542808E-002
  4.095257601929192E-002
  4.264470298113154E-002
  4.235118764147450E-002
  4.057609583945110E-002
  4.406185745485647E-002
  4.170407686208422E-002
  4.785254340474310E-002
  4.768795941476001E-002
  4.262827157186544E-002
  3.954335792244867E-002
  4.276032781626227E-002
  3.926343286609391E-002
  4.325321658000925E-002
