           2           1  0.953220365592873     
           3           2  0.953085510082692     
           4           2  0.943912471754764     
           5           4   1.40709691003782     
           6           5   1.38673957093543     
           7           6  0.968293615370675     
           8           7   1.05989248647140     
           9           8   1.36716442425867     
          10           9   1.45386817658188     
          11          10   1.39246303149749     
          12          11   1.46151651235794     
          13           8   1.26307330535229     
          13          12   1.35259794515620     
          14          13   1.08963953395548     
          15          14   1.35276544873882     
          16          15   1.46141676260904     
          17          16   1.39263800254871     
          18          17   1.45368523288705     
          19           7   1.05969722461808     
          19          14   1.26281140330557     
          19          18   1.36757770189113     
          20           6   1.37188289258243     
          21          20   1.45581212561234     
          22           4   1.32917157478158     
          22          21   1.35356151177172     
          23          22   1.02755266469607     
          24          23  0.952267123133926     
          25          24   1.39017352278159     
          26          25   1.40050221699110     
          27          26   1.44009944011868     
          28          27   1.33364387700369     
          29          24   1.39192129485573     
          29          28   1.37017653263778     
          30          28   1.02058890245463     
          31          30   1.36534230379946     
          32          31   1.43517550589761     
          33          32   1.43527629489351     
          34          33   1.39256103338088     
          35          30   1.33633240416923     
          35          34   1.44528490067680     
          36          27  0.746970508070295     
          36          35  0.744203388486327     
          37          36   1.74716679211295     
          38          36   1.74736658299641     
          39          23   1.02791871396852     
          40          39   1.35346675998626     
          41          40   1.45570377777495     
          42          41   1.37232724485023     
          43          42  0.967331414776603     
          44          43   1.05991338135915     
          45          44   1.36719935120519     
          46          45   1.45392572492678     
          47          46   1.39245863862192     
          48          47   1.46154187598356     
          49          44   1.26294937683253     
          49          48   1.35260803126020     
          50          49   1.08967563927751     
          51          50   1.35286540824072     
          52          51   1.46129879433521     
          53          52   1.39269393175019     
          54          53   1.45362387229146     
          55          43   1.06027390164017     
          55          50   1.26255458405540     
          55          54   1.36752284595362     
          56          42   1.38703035510930     
          57           2  0.943931926600865     
          57          39   1.32893572243516     
          57          56   1.40718782006095     
          58           1  0.975733719830646     
          59           1  0.977622972701310     
          60           1  0.975457507648733     
          61           3  0.977557213691627     
          62           3  0.975794818318554     
          63           3  0.975503667136280     
          64           5  0.940409156565179     
          65           9  0.943731326731508     
          66          10  0.944806973421086     
          67          11  0.945124257365956     
          68          12  0.944688349058050     
          69          15  0.944675125791910     
          70          16  0.945105897151318     
          71          17  0.944762256818996     
          72          18  0.943957078328294     
          73          20  0.942363754955473     
          74          21  0.937942219064649     
          75          25  0.940434627117481     
          76          26  0.941280990774052     
          77          29  0.941512210629137     
          78          31  0.942407091480485     
          79          32  0.941625420650080     
          80          33  0.941132616473197     
          81          34  0.944389540240206     
          82          40  0.937748214612997     
          83          41  0.942472965840654     
          84          45  0.943810040096508     
          85          46  0.944779726736582     
          86          47  0.945123115953061     
          87          48  0.944693472213680     
          88          51  0.944660032096220     
          89          52  0.945118654316159     
          90          53  0.944847988633907     
          91          54  0.944147355318352     
          92          56  0.940474523210989     
