  7.840998988224879E-003
 -0.155306109891356     
  7.269489973926424E-002
 -4.550082011112799E-002
 -3.812413513928981E-002
  2.724693584159521E-002
 -1.665604344613847E-002
 -5.540396700911820E-002
 -1.869899457685786E-002
 -4.926746379891611E-002
  7.037559052772568E-002
 -0.157148693341752     
  7.521646386553726E-003
 -5.605825153794974E-002
 -3.434682300568515E-002
  3.199005876933425E-002
 -7.451585269790595E-002
  0.143673341575416     
 -0.207056340522722     
  8.854238652835811E-002
 -0.205626500651781     
  0.144092697738087     
 -7.411320321153614E-002
  3.165018486733162E-002
 -3.375884383554606E-002
 -4.742788456292413E-002
  7.061742373260937E-002
 -0.156397747131854     
  7.629678580718391E-003
 -5.651179068672629E-002
 -1.869316067271320E-002
 -1.676489857154539E-002
 -4.838373924887307E-002
  7.293592841657537E-002
 -0.155786567734035     
  7.740119708269599E-003
 -5.344588740244305E-002
 -3.826037051820474E-002
  2.715698474629225E-002
 -7.240592870785711E-003
  9.003022731579557E-002
 -0.215440694729474     
  4.223381801436532E-002
  4.313087356773082E-002
  4.431976541774429E-002
  4.383691261078526E-002
  4.662504790487854E-002
  4.326812756970511E-002
  4.119778135293850E-002
  4.449478891053293E-002
  4.236478228209661E-002
  4.221303398695353E-002
  4.465082305976298E-002
  4.968522070679737E-002
  7.688350528860632E-002
  4.858157761853799E-002
  4.361705102360824E-002
  4.234249972053550E-002
  4.265772491622222E-002
  4.428312361249276E-002
  4.314476514023668E-002
  4.134274776026570E-002
  4.172172987718759E-002
  4.348227424682882E-002
  4.445705361611729E-002
  4.553046506575320E-002
  4.813078017444228E-002
