           2           1  0.989879683412720     
           3           2   1.04692034323507     
           4           3   1.33630235537695     
           5           4   1.46336376578781     
           6           5   1.37033181785308     
           7           6   1.28304107336868     
           8           3   1.38949199161924     
           8           7   1.36190576921745     
           9           7   1.07035025189721     
          10           9   1.38160043614598     
          11          10   1.38028091063032     
          12          11   1.04399690214728     
          13          12  0.990398345569150     
          14          11   1.34832074678404     
          15          14   1.43837500577226     
          16           9   1.26743409996284     
          16          15   1.39355921554132     
          17           6   1.01558966864982     
          17          16   1.00959203486740     
          18          17   1.08105544383722     
          19          18   1.32217322871838     
          20          19   1.42767315062677     
          21          20   1.42930640886885     
          22          21   1.32144742171069     
          23          22   1.08357471893605     
          24          23   1.00856153195201     
          25          24   1.37278714119408     
          26          25   1.46346479264075     
          27          26   1.33650571518890     
          28          27   1.04519985640056     
          29          28  0.990241944381994     
          30          27   1.39148484101610     
          31          24   1.28636245919629     
          31          30   1.35984818386052     
          32          31   1.07006776348742     
          33          32   1.38391619288955     
          34          33   1.37791533154535     
          35          34   1.04621390335849     
          36          35  0.989941147140247     
          37          34   1.34808324032198     
          38          37   1.43815252451644     
          39          23   1.01496670869581     
          39          32   1.26484991324519     
          39          38   1.39131744585421     
          40          18   1.26479740817340     
          40          22   1.26324905716119     
          41          40   1.08122202518794     
          42          41   2.78673167611574     
          43           1  0.981159671667969     
          44           1  0.980868474569415     
          45           1  0.989738846345357     
          46           4  0.944713451032380     
          47           5  0.937445772470571     
          48           8  0.943224413230806     
          49          10  0.945198525091239     
          50          13  0.989634955433811     
          51          13  0.980965772689692     
          52          13  0.980855912730115     
          53          14  0.942919529543951     
          54          15  0.939357074679767     
          55          20  0.944618890660000     
          56          25  0.939991482889773     
          57          26  0.944780437988210     
          58          29  0.980969337138988     
          59          29  0.980963733674642     
          60          29  0.989696030114976     
          61          30  0.943249803916283     
          62          33  0.945157597559917     
          63          36  0.981231616760487     
          64          36  0.980638868475373     
          65          36  0.989675972215855     
          66          37  0.942737653704255     
          67          38  0.936499103381967     
