 -0.225116959221875     
  0.145346219973909     
 -1.102510556088454E-002
 -1.677225319143183E-002
 -2.357453248161789E-002
  5.978180468600325E-002
 -0.127979442507730     
  4.665856648159394E-002
 -5.650274749693995E-002
 -4.474105515784199E-002
 -4.897922086211182E-002
 -4.657991986914389E-002
  7.338978854837741E-002
 -0.141341697600255     
  7.363915063770898E-002
 -4.636705734829150E-002
 -4.866617866844614E-002
 -4.401358717879056E-002
 -5.563006418364136E-002
  4.663873353941650E-002
 -2.980720015981486E-002
 -3.702367409875951E-002
 -1.325916676019823E-002
 -2.738151041640968E-002
 -2.735100095130871E-002
 -2.935193440550421E-002
 -3.719460494396909E-002
 -6.320981701251505E-003
 -6.457667541567069E-003
 -3.710768866348957E-002
 -2.936629344412989E-002
 -2.746933609679214E-002
 -2.734675778209361E-002
 -1.322804278406231E-002
  0.144180058255611     
 -0.226279373762781     
 -1.099598149339709E-002
 -1.652285320806168E-002
 -2.391354575913507E-002
  5.975216102499070E-002
 -0.127157119227006     
  4.650063836109419E-002
 -5.637959221515310E-002
 -4.456245698504535E-002
 -4.875812773063526E-002
 -4.660339309156214E-002
  7.342298521114587E-002
 -0.141165394089062     
  7.374899391486966E-002
 -4.630637795140213E-002
 -4.850884033883940E-002
 -4.403939289513215E-002
 -5.557377635920435E-002
  4.661645362264721E-002
 -3.031629281887938E-002
 -3.702287462727849E-002
  5.520797041573677E-002
  4.331562350120066E-002
  4.496331921709351E-002
  4.329730873376014E-002
  4.254286912211347E-002
  4.085441597522055E-002
  4.090416181261913E-002
  4.266601296045336E-002
  4.364227526687592E-002
  4.328344422445285E-002
  4.100024063537899E-002
  4.587779454627594E-002
  4.676108992463779E-002
  4.281396950634941E-002
  4.327409277409655E-002
  3.912004473935304E-002
  3.910636273984880E-002
  4.330681049076046E-002
  4.258952757529255E-002
  4.694048412948937E-002
  5.525137827346893E-002
  4.342601166950621E-002
  4.554167905266970E-002
  4.346030607259233E-002
  4.258360171401410E-002
  4.085551787469643E-002
  4.095532094862375E-002
  4.270973403348433E-002
  4.365128972610699E-002
  4.340219423790637E-002
  4.103715724904999E-002
  4.604351023042330E-002
