 -0.102112069185158     
  2.592716521480742E-002
 -0.100457455169422     
 -0.101907335277617     
 -1.345224762495612E-002
 -4.401057385843021E-002
 -4.038240099035040E-002
 -3.143414367787756E-003
 -1.235898740543195E-002
 -4.218605639970008E-002
 -4.106351365915728E-002
  3.624268537477526E-002
 -2.544839609528715E-002
 -3.940484337356587E-002
 -2.345827332988382E-002
 -3.805681210536527E-002
 -4.152456592208864E-003
  4.901030612453550E-002
  2.066238734444203E-002
 -0.185762448194073     
  4.900760597009368E-002
 -4.138766286812867E-003
 -3.146320450495210E-002
 -3.786836983769426E-002
  3.952931094311118E-002
 -2.346782676068848E-002
 -3.804926542681475E-002
 -2.542541374903706E-002
 -3.944599579695662E-002
 -1.234031614864772E-002
 -3.224167312102288E-003
 -4.037552440222036E-002
 -4.398688663054973E-002
 -1.349364045417722E-002
  2.592420819773489E-002
 -0.102095196391857     
 -0.101949275684778     
 -0.100444578594642     
 -4.339058788650618E-002
 -4.120164713304053E-002
 -4.212465247866959E-002
 -4.107248492717286E-002
  3.623554841853993E-002
 -8.893840997915969E-002
  5.843065977984541E-002
 -3.561070598150984E-002
 -3.872718619980908E-002
 -1.339762443962300E-002
  2.712322157416880E-002
 -0.101535398038595     
 -9.994640762888540E-002
 -0.101395233357009     
 -3.789526240751062E-002
 -3.558968067989188E-002
  2.069976634912241E-002
 -0.185712920976644     
 -3.145626357811970E-002
 -3.787111513894637E-002
  3.951023799274545E-002
 -8.887902031906769E-002
  5.846745217860949E-002
 -3.568687079283261E-002
 -3.897042433770359E-002
 -1.337779041609011E-002
  2.711759503265920E-002
 -0.100006826418913     
 -0.101485335547207     
 -0.101374934697530     
 -3.763773193640763E-002
 -3.550883866113885E-002
 -4.117739845400781E-002
 -4.332831863246867E-002
  3.518704104300796E-002
  3.355800377893359E-002
  3.146082346228740E-002
  3.534726947844724E-002
  3.544057472368733E-002
  3.329393980112882E-002
  3.529850811761792E-002
  3.375111229371686E-002
  3.148090924755842E-002
  4.062722753314219E-002
  3.835986199635688E-002
  4.499645752726755E-002
  4.380339370815256E-002
  4.345809632835529E-002
  4.596148587261484E-002
  5.380552422921325E-002
  5.077881031428011E-002
  4.461339629880945E-002
  4.598552528393840E-002
  4.337992188947626E-002
  3.843499534183448E-002
  4.067536910310376E-002
  3.519527357829821E-002
  3.357393044140355E-002
  3.147469852733698E-002
  3.371111532586257E-002
  3.146771539332516E-002
  3.526898860264649E-002
  3.537767065003750E-002
  3.328587452709175E-002
  3.545267623424853E-002
  3.942788208626469E-002
  3.799747678877463E-002
  4.503906589859152E-002
  4.381899268856859E-002
  4.144899900129451E-002
  4.521796236224374E-002
  3.519089069016157E-002
  3.195516020115563E-002
  3.356103844175518E-002
  3.550440777308039E-002
  3.546417811949676E-002
  3.380005113466222E-002
  3.376976671473064E-002
  3.197628831600230E-002
  3.539092328333882E-002
  4.402172544498029E-002
  4.128070145977381E-002
  5.390979401751439E-002
  5.080708336310702E-002
  4.462160268573678E-002
  4.128889681159809E-002
  4.507403852144298E-002
  3.554083256066065E-002
  3.382890811375672E-002
  3.526736918013607E-002
  3.352699873352294E-002
  3.198146798488721E-002
  3.546828977552274E-002
  3.536766438743411E-002
  3.372305145290477E-002
  3.192950790530247E-002
  4.414934145675065E-002
  4.138332431308711E-002
  3.787531433120872E-002
  3.942144550693283E-002
