           2           1  0.965934899525967     
           3           2  0.976714802582771     
           4           2  0.966308485390295     
           5           2  0.937478255287470     
           6           5   1.35270698923925     
           7           6   1.46053395472682     
           8           7   1.36363498016659     
           9           8   1.26649590637171     
          10           5   1.42815041125371     
          10           9   1.35275070299575     
          11           9   1.08406308192998     
          12          11   1.35292830956246     
          13          12   1.42800901532358     
          14          13  0.937500512238227     
          15          14  0.966158985132134     
          16          14  0.966100925740406     
          17          14  0.976703755736973     
          18          13   1.35284218042651     
          19          18   1.46035593369219     
          20          11   1.26626823760173     
          20          19   1.36379192645006     
          21           8   1.05475061448276     
          21          20   1.05504334720913     
          22          21  0.976506504249322     
          23          22   1.37905805099686     
          24          23   1.44703161694975     
          25          24   1.37167439270925     
          26          25  0.994831091849217     
          27          26   1.37344854519483     
          28          27   1.45343848456944     
          29          28   1.32934127958757     
          30          29   1.17677467383775     
          31          30   1.65445369540624     
          32          31   1.17786972315970     
          33          32   1.28917660034088     
          34          33  0.994259905589257     
          35          34   1.36765560771701     
          36          35   1.45467686981573     
          37          36   1.35623026310554     
          38          37   1.02196196526605     
          39          38   1.61123590018859     
          40          39   1.14468507047694     
          41          40   1.60886480587101     
          42          41   1.02397074184861     
          43          42   1.36481267572399     
          44          43   1.44332171893306     
          45          44   1.42484743954913     
          46          45   1.42215374980384     
          47          42   1.35924202502002     
          47          46   1.44620738288773     
          48          38   1.10233902678450     
          48          41   1.10343189851363     
          49          48  0.952389683323547     
          50          49   1.38724604049880     
          51          50   1.43526988297179     
          52          51   1.42882141201261     
          53          52   1.42915931693461     
          54          49   1.38775858776113     
          54          53   1.43477234822712     
          55          37   1.35785592931067     
          56          34   1.36438347132305     
          56          55   1.45546102400114     
          57          33   1.37510724470078     
          58          57   1.45219735996992     
          59          58   1.33012560672727     
          60          59   1.17637353065538     
          61          60   1.65467573108528     
          62          26   1.28997354936940     
          62          61   1.17787962775884     
          63          29   1.22352075976304     
          63          62   1.22627437176597     
          64          32   1.22676185442047     
          64          59   1.22322271599535     
          64          63   1.21560453882163     
          65          25   1.36820857528620     
          66          22   1.37774559709149     
          66          65   1.44834410750937     
          67           1  0.976113359918037     
          68           1  0.978180408191551     
          69           1  0.977931481669955     
          70           3  0.978312974467320     
          71           3  0.977653200721133     
          72           3  0.977545995695136     
          73           4  0.978204619872466     
          74           4  0.977944524304126     
          75           4  0.976081754472837     
          76           6  0.941894146295670     
          77           7  0.941990298981327     
          78          10  0.942253828407849     
          79          12  0.942240362217130     
          80          15  0.977918059875869     
          81          15  0.976090074127312     
          82          15  0.978195624902156     
          83          16  0.977951274611331     
          84          16  0.978190419713365     
          85          16  0.976097267639685     
          86          17  0.977620543953425     
          87          17  0.977574241796920     
          88          17  0.978311436967059     
          89          18  0.941899733965086     
          90          19  0.942158417792103     
          91          23  0.944599374329222     
          92          24  0.944013301773068     
          93          27  0.943002455740106     
          94          28  0.942942165577837     
          95          30  0.942084021701970     
          96          31  0.938506186731881     
          97          35  0.944201063238101     
          98          36  0.944290503456022     
          99          43  0.944928138322498     
         100          44  0.945995362617228     
         101          45  0.946863317375225     
         102          46  0.945536531643279     
         103          47  0.946346633189616     
         104          50  0.946567954878524     
         105          51  0.944783905760726     
         106          52  0.945914703555731     
         107          53  0.944750831262078     
         108          54  0.946681640447978     
         109          55  0.943198126189035     
         110          56  0.944064478234853     
         111          57  0.943053961176796     
         112          58  0.942867292808605     
         113          60  0.942007402220554     
         114          61  0.938735006610876     
         115          65  0.943292128760270     
         116          66  0.944634216118319     
