           2           1   2.82799748793315     
           3           2   1.05388418889384     
           4           3   1.32807441945328     
           5           4   1.46802512559078     
           6           5   1.36193101726464     
           7           6  0.993544397539870     
           8           7   1.03968018655263     
           9           8   1.37612897982729     
          10           9   1.44578129823190     
          11          10   1.39962021713071     
          12          11   1.45657166747065     
          13           8   1.27001105821041     
          13          12   1.35655029486535     
          14          13   1.07976763034626     
          15          14   1.36794325061868     
          16          15   1.39512448974090     
          17          16   1.00251687976335     
          18          17   1.34180283354568     
          19          18   1.45866210808869     
          20          19   1.36952705442583     
          21          20   1.26401173935738     
          22          17   1.39513314916978     
          22          21   1.36793699378785     
          23          21   1.07976750958444     
          24          23   1.35655789657493     
          25          24   1.45656499157311     
          26          25   1.39962636235784     
          27          26   1.44577578608926     
          28          23   1.26999606334788     
          28          27   1.37613846721089     
          29          20   1.04370976141571     
          29          28   1.03968154037444     
          30          29  0.993485767907779     
          31          30   1.36202888424368     
          32          31   1.46795327768184     
          33          32   1.32813027745657     
          34          33   1.05387746396739     
          35          34   2.82800298289805     
          36          33   1.34677949626031     
          37          30   1.34249163386393     
          37          36   1.41843877771192     
          38          37  0.924285320795400     
          39          38  0.948340840365183     
          40          38  0.941283318615612     
          41          38  0.964614037490503     
          42          16   1.34181577981386     
          43          42   1.45864659842077     
          44           7   1.04367814232550     
          44          14   1.26401312850443     
          44          43   1.36954357535272     
          45           6   1.34253072400840     
          46          45  0.924288127970347     
          47          46  0.948313208247552     
          48          46  0.941264545445681     
          49          46  0.964652487009687     
          50           3   1.34681854487119     
          50          45   1.41839580213202     
          51           4  0.940872696237781     
          52           5  0.940410350060999     
          53           9  0.944499080287523     
          54          10  0.944655829935893     
          55          11  0.944846795094571     
          56          12  0.944648260180059     
          57          15  0.943142626987810     
          58          18  0.943050195030751     
          59          19  0.942865040915444     
          60          22  0.943144070422467     
          61          24  0.944648328261769     
          62          25  0.944846989383898     
          63          26  0.944655791442305     
          64          27  0.944502734023205     
          65          31  0.940417495182157     
          66          32  0.940873306694550     
          67          36  0.941970749376312     
          68          42  0.943049867470633     
          69          43  0.942859760454768     
          70          50  0.941972432061420     
