 -0.218809670549847     
  0.100165706088375     
  9.984448934748702E-003
 -2.176554742353876E-002
 -2.634511632573933E-002
  1.226140657581620E-002
 -1.385325821741112E-002
 -2.280005841289068E-003
 -4.094398830926238E-002
 -3.293437496118123E-002
 -3.353136010554092E-002
 -3.959330737524613E-002
 -1.776553299359662E-003
 -1.039540232193925E-002
  1.446419634822105E-002
 -3.684518880147181E-002
 -2.311612875373292E-002
 -4.019844978089715E-002
  2.816369411955666E-002
  0.108005990128824     
 -0.203050204084831     
 -3.774440652162703E-003
  1.340622903071553E-002
 -2.697587141478142E-002
 -3.413531084836929E-002
 -3.824027223729054E-002
 -4.275352871722937E-002
 -9.449375582859076E-003
 -2.770426853958341E-003
 -3.863665321519072E-002
 -3.823518692888239E-002
 -3.381482771221478E-002
 -4.020336260460855E-002
  3.620921792963028E-003
  4.594161587019130E-002
 -8.996394469363533E-002
 -2.565680646127078E-002
 -6.025459749414708E-004
 -3.816068871647449E-002
 -3.207761450012026E-002
 -3.198318472467854E-002
 -4.153199019821585E-002
 -1.881791215514461E-003
 -2.556949516515239E-002
 -2.130691160450038E-002
  4.863091611444481E-002
  4.262923700433663E-002
  4.117444702710338E-002
  4.146746376127519E-002
  4.134874799933252E-002
  4.186136298123899E-002
  4.320204041054354E-002
  4.445492265330309E-002
  4.316220868590037E-002
  4.409598083596411E-002
  4.103327567499415E-002
  3.959784542526912E-002
  4.183473532433168E-002
  4.407354232672289E-002
  4.068921942037784E-002
  4.109028441159157E-002
  3.904610870149461E-002
  4.883186957998908E-002
  4.270298054122712E-002
  4.184514609671697E-002
  4.141703345557679E-002
  4.090061742862428E-002
  4.322285082295596E-002
  4.883574060062035E-002
