 -8.794259424255024E-002
  1.139608241238932E-003
 -8.359864722989663E-003
  2.698448568590361E-003
 -3.844929856618862E-002
 -3.583185238664299E-002
 -3.830831018126801E-002
 -3.504410615583886E-002
 -3.720870651304864E-002
 -2.978460806326222E-002
  6.289133580508555E-002
 -0.127631961611478     
  0.187434150905043     
 -0.284097657265895     
  4.404042301861200E-003
 -1.541458870942147E-002
 -1.563964610326352E-002
 -3.501601263151688E-002
  6.343374587363559E-003
  1.899447178481672E-004
 -1.326037122229806E-002
 -3.728921790889839E-002
 -4.203039303995482E-002
  5.759036008663942E-002
 -0.118475624422392     
  5.265237669104650E-002
 -4.184491728687068E-002
 -3.711843556441341E-002
 -1.168788637666829E-002
 -2.189302831659745E-003
 -4.055689502000082E-002
 -3.425419182979983E-002
 -3.676109251973703E-002
 -3.426948663718488E-002
 -4.073759048952574E-002
 -3.755101405488137E-002
 -4.286891277801175E-002
  5.277097920450124E-002
 -4.215609156921474E-002
 -3.240006930723816E-002
 -2.181127336623234E-002
 -2.184064023092791E-002
 -4.592750872955964E-002
  2.093563870240311E-002
 -8.894767179853780E-002
 -8.921825032534425E-002
 -2.326939915590831E-002
 -3.804049001027376E-002
 -3.677444825026477E-002
 -3.538421066772290E-002
 -3.661340646658573E-002
 -1.315915611405938E-002
 -4.149123207938121E-002
 -3.657457874217940E-002
 -2.243096684358470E-002
 -1.374434967864246E-002
  2.046461759347640E-003
 -6.533035746881133E-003
  0.187439836545983     
 -0.282728603363680     
 -2.955827306366654E-002
 -8.608459960281145E-003
  3.029708066939918E-003
 -3.815533925493586E-002
 -3.533787808728839E-002
 -3.805355875665661E-002
 -3.523152710110544E-002
 -3.723970779473529E-002
  4.272533786084431E-002
  4.170688587526716E-002
  4.186538126761319E-002
  3.751266620895499E-002
  3.796688624718292E-002
  3.729969969074109E-002
  3.812899226199085E-002
  3.889809779199982E-002
  4.103656937107691E-002
  5.475368923985757E-002
  4.663107403823152E-002
  5.000473429846819E-002
  4.508572178935089E-002
  4.235247242597240E-002
  4.065583076472890E-002
  4.345103929729410E-002
  3.669116095327041E-002
  3.853773794607640E-002
  3.796317323782683E-002
  3.853757359617960E-002
  3.654345322713126E-002
  4.329419244998967E-002
  3.998394131064320E-002
  4.279865159683116E-002
  4.623467070275111E-002
  3.930656636162233E-002
  3.463486335225896E-002
  3.736499090951495E-002
  3.528522152436453E-002
  3.536985647042812E-002
  3.400235782897443E-002
  3.695696434527795E-002
  3.809372744549988E-002
  3.998171984259913E-002
  4.060247078109680E-002
  3.884895273559619E-002
  4.213351846698188E-002
  4.408162988619702E-002
  4.629790838557524E-002
  5.667852842410270E-002
  4.084925867912204E-002
  3.721400230673899E-002
  3.794949622501409E-002
  3.730701498874245E-002
  3.807436759656124E-002
  3.759534941009246E-002
