           2           1  0.989602071983696     
           3           2   1.38103103192115     
           4           3   1.41595084940510     
           5           4  0.990857255497785     
           6           4   1.33796180491863     
           7           6  0.924166064037017     
           8           7  0.911773590961730     
           9           8   1.36485895820670     
          10           9   1.45993454336982     
          11          10   1.32830746066896     
          12          11   1.05618943372480     
          13          12   2.82480810359548     
          14          11   1.34294646503120     
          15           8   1.32898857180125     
          15          14   1.40744896177135     
          16          15  0.968033125818592     
          17          16   1.05502844681599     
          18          17   1.36801716700689     
          19          18   1.44972725023604     
          20          19   1.39492371266163     
          21          20   1.45950117048591     
          22          17   1.26398632945997     
          22          21   1.35374287956332     
          23          22   1.08862382708526     
          24          23   1.35472005995268     
          25          24   1.45877253449426     
          26          25   1.39580031824225     
          27          26   1.44770128157499     
          28          16   1.05677653927125     
          28          23   1.26221951242593     
          28          27   1.37017977108857     
          29           7  0.919903898212710     
          30          29   1.33342589172223     
          31          30  0.991422534580455     
          32          30   1.42127421256384     
          33          32   1.37585550782192     
          34          33  0.989655716609550     
          35          33   1.40503469819966     
          36          29   1.36116525546119     
          36          35   1.39151104529135     
          37          36  0.990682523632787     
          38           6   1.35555694835626     
          39          38  0.990158123567240     
          40           2   1.39984229170033     
          40          38   1.39780155915289     
          41           1  0.976476001365188     
          42           1  0.968155219345401     
          43           1  0.976832145040031     
          44           3  0.940379372376602     
          45           5  0.977709464313793     
          46           5  0.967527221755911     
          47           5  0.966825186463143     
          48           9  0.939289846444279     
          49          10  0.941776163040319     
          50          14  0.941669219521051     
          51          18  0.943306689082644     
          52          19  0.944805250498437     
          53          20  0.945099996711788     
          54          21  0.944704700394258     
          55          24  0.944764526841954     
          56          25  0.945098945281545     
          57          26  0.944854080832961     
          58          27  0.941480006237949     
          59          31  0.977829170058314     
          60          31  0.970033216349015     
          61          31  0.965539829857175     
          62          32  0.940543253100495     
          63          34  0.969269949840461     
          64          34  0.973434622425571     
          65          34  0.978399635053021     
          66          35  0.940627829752049     
          67          37  0.966495189873780     
          68          37  0.965643388610354     
          69          37  0.975397315320295     
          70          39  0.967609539262782     
          71          39  0.969882212446956     
          72          39  0.970554213284924     
          73          40  0.941096779771001     
