 -0.232026237601777     
  0.146366517665387     
 -9.103568954745178E-003
 -3.592043174466664E-002
 -2.739451380592950E-002
 -2.910935880294829E-002
 -2.559460907955202E-002
 -2.594993094110087E-002
 -2.821539872283729E-003
 -2.196940823237714E-002
 -1.733006436166651E-002
  4.803741136506368E-002
 -0.184840299151453     
  4.921864440318169E-002
  5.856314447858058E-003
 -2.063750340779791E-002
 -2.321042377396676E-002
  6.123843240700211E-002
 -0.127647038467775     
  4.607083541534429E-002
 -5.525174574219438E-002
 -4.301611838361197E-002
 -4.733307097338280E-002
 -4.536898629813901E-002
  7.404452516081905E-002
 -0.140260844420796     
  7.456845003515822E-002
 -4.512464110953118E-002
 -4.741449504523843E-002
 -4.381480546725314E-002
 -5.680498612650720E-002
  4.640650740158270E-002
 -3.735334075703545E-002
  2.188087852667220E-003
  2.563201072689925E-003
 -3.734290706291610E-002
  6.131917840514234E-002
 -0.128066072524910     
  4.611477504183625E-002
 -5.550512199573188E-002
 -4.313451667355839E-002
 -4.748410713708484E-002
 -4.540710746980814E-002
  7.396138952682429E-002
 -0.140528411133481     
  7.443002461389003E-002
 -4.518858944914328E-002
 -4.753160730501538E-002
 -4.384586303670268E-002
 -5.687702950049900E-002
  4.636374851906266E-002
 -2.355689301983688E-002
 -2.121139831774776E-002
  5.230931391685623E-003
  4.982595221561414E-002
 -0.190733886355537     
  4.818594252961317E-002
 -2.823072754182032E-002
  4.268886436028296E-002
  3.973132832232784E-002
  4.110918633731231E-002
  4.020527137465868E-002
  4.459470254697639E-002
  5.137115968351802E-002
  4.547832600173540E-002
  5.602412754133712E-002
  4.678044964507633E-002
  4.310573500284376E-002
  4.418144037824934E-002
  4.313718439197034E-002
  4.131648831171886E-002
  4.145273348239931E-002
  4.311726544078276E-002
  4.354031080084475E-002
  4.262294679380507E-002
  4.816985239384974E-002
  4.813608197504626E-002
  4.300465628503281E-002
  4.412675128092303E-002
  4.311147195144105E-002
  4.131730638116982E-002
  4.144253494469041E-002
  4.311028743323764E-002
  4.354651144703792E-002
  4.248952217576552E-002
  4.654540294760345E-002
  5.544605205668363E-002
  4.704737988677110E-002
