           2           1   1.82329417331966     
           3           2  0.982182413088893     
           4           3   1.36493822521526     
           5           4   1.44380003776319     
           6           5   1.42410606334220     
           7           6   1.42167890115665     
           8           3   1.36073506771332     
           8           7   1.44710696826405     
           9           2  0.971602001858811     
          10           9   1.24001672635785     
          11          10   1.57394965324405     
          12          11   1.25006442366628     
          13          12   1.27749053656773     
          14          13   1.43007431683931     
          15          14   1.09816975608533     
          16          15   1.32245318338976     
          17          16   1.48668939044419     
          18          17   1.33134791341860     
          19          18  0.973832518335627     
          20          19   1.00668545033424     
          21          20   1.39000062345565     
          22          21   1.41890197668138     
          23          22   1.43945212069324     
          24          23   1.41292871266764     
          25          20   1.30646972770217     
          25          24   1.40943680199619     
          26          25   1.00704529062402     
          27          26   1.00729879200236     
          28          27   1.40964865298276     
          29          28   1.41285054677671     
          30          29   1.43960645874068     
          31          30   1.41848387073352     
          32          19   1.00642473431021     
          32          27   1.30604278510778     
          32          31   1.39024636870625     
          33          18   1.41832240260606     
          34          15   1.27852124758373     
          34          33   1.35065382062939     
          35          34   1.06829431856926     
          36          35   1.34984040302478     
          37          36   1.41933861240026     
          38          37  0.972226854290664     
          39          38   1.00706785729785     
          40          39   1.39025055882091     
          41          40   1.41848972206659     
          42          41   1.43990886377431     
          43          42   1.41243285975773     
          44          39   1.30610924414431     
          44          43   1.40996010868927     
          45          44   1.00684758090421     
          46          45   1.00715536828967     
          47          46   1.41008118977499     
          48          47   1.41240679888047     
          49          48   1.43998264915979     
          50          49   1.41817327779105     
          51          38   1.00688236028478     
          51          46   1.30575515726319     
          51          50   1.39040423762946     
          52          37   1.33272576202649     
          53          52   1.48512803252895     
          54          35   1.27975933998593     
          54          53   1.32446474257443     
          55          14   1.15432066274439     
          55          54   1.09489479113473     
          56          55   1.43686810304959     
          57          12   1.17702965319384     
          57          56   1.26521233066530     
          58           9   1.48071290643886     
          58          57   1.26996597048201     
          59           4  0.945238881897112     
          60           5  0.946327680661023     
          61           6  0.947436643949514     
          62           7  0.946015871414244     
          63           8  0.946920087977682     
          64          10  0.944073972673550     
          65          11  0.941157231997767     
          66          16  0.939693977744400     
          67          17  0.943525354926424     
          68          21  0.941336055388189     
          69          22  0.943752105319540     
          70          23  0.944490786079517     
          71          24  0.945651826019667     
          72          28  0.945607593179536     
          73          29  0.944442309235858     
          74          30  0.943818010323539     
          75          31  0.940767663095287     
          76          33  0.940592133697261     
          77          36  0.940649282767313     
          78          40  0.941377249150335     
          79          41  0.943766357381407     
          80          42  0.944497869670630     
          81          43  0.945654550089558     
          82          47  0.945617999875606     
          83          48  0.944456753763444     
          84          49  0.943822381438158     
          85          50  0.940956930011263     
          86          52  0.943632668060281     
          87          53  0.939842494082189     
          88          58  0.940891807818017     
