           2           1  0.965604479862408     
           3           2  0.965987210038120     
           4           2  0.976204371568406     
           5           2  0.938259012572980     
           6           5   1.40066343939924     
           7           6   1.42943796443341     
           8           7   1.38114513714528     
           9           8   1.29927702347385     
          10           5   1.36549524553930     
          10           9   1.44253632211072     
          11           9  0.922880139953937     
          12          11  0.923403636915009     
          13          12   1.38931666760428     
          14          13   1.41943062219422     
          15          14   1.43657543082868     
          16          15   1.41420487644237     
          17          12   1.38459806230329     
          17          16   1.43362332571108     
          18          11  0.922901684835497     
          19          18   1.35314076195207     
          20          19   1.45836042872184     
          21          20   1.36432614776686     
          22          21   1.26463866581057     
          23          18   1.42764582999848     
          23          22   1.35302645031912     
          24          22   1.08670986807640     
          25          24   1.35369610208619     
          26          25   1.46021213359383     
          27          26   1.39426599155838     
          28          27   1.45163758195816     
          29          24   1.26395085569287     
          29          28   1.37003510608645     
          30          21   1.05583760753116     
          30          29   1.05524979146981     
          31          30  0.974168143093718     
          32          31   1.38046678449472     
          33          32   1.43394895255931     
          34          33   1.43311300628442     
          35          34   1.38141133357885     
          36          35  0.972954006354567     
          37          36   1.05670436132165     
          38          37   1.36960620410471     
          39          38   1.45197345988036     
          40          39   1.39412747304725     
          41          40   1.46038939986554     
          42          37   1.26413320819850     
          42          41   1.35356443652261     
          43          42   1.08811021126941     
          44          43   1.35307633476786     
          45          44   1.46077140416539     
          46          45   1.39390356482759     
          47          46   1.45219725945244     
          48          36   1.05545742360626     
          48          43   1.26484478646064     
          48          47   1.36927929936741     
          49          31   1.39076213745247     
          49          35   1.39111583998312     
          50          11  0.922841452347274     
          51          50   1.44143294834123     
          52          51   1.36628296326124     
          53          52  0.938422095263724     
          54          53  0.965669872225211     
          55          53  0.965900862784827     
          56          53  0.976126380650621     
          57          52   1.39982316174036     
          58          57   1.43017647187589     
          59           8   1.03802864715979     
          59          50   1.30032470912487     
          59          58   1.38050664960462     
          60           1  0.978306304366931     
          61           1  0.978024005725241     
          62           1  0.976169323916524     
          63           3  0.976056199067222     
          64           3  0.978238999694044     
          65           3  0.978048206681821     
          66           4  0.978152684939552     
          67           4  0.977557146440797     
          68           4  0.977558985299107     
          69           6  0.942929417652839     
          70           7  0.943418609388222     
          71          10  0.941691704943464     
          72          13  0.943091918753599     
          73          14  0.945496203205129     
          74          15  0.948390387551097     
          75          17  0.946862263575251     
          76          19  0.941457006073551     
          77          20  0.941413447966852     
          78          23  0.940909431488145     
          79          25  0.944621533739353     
          80          26  0.945044361479344     
          81          27  0.944750240983844     
          82          28  0.942094121220030     
          83          32  0.944705843090453     
          84          33  0.941215326756710     
          85          34  0.944793121842475     
          86          38  0.942299384362913     
          87          39  0.944790421756860     
          88          40  0.945086257362519     
          89          41  0.944741275699422     
          90          44  0.944705590605368     
          91          45  0.945064138789973     
          92          46  0.944762287840985     
          93          47  0.943864327986968     
          94          49  0.945201828431066     
          95          51  0.941885258941881     
          96          54  0.978322085343815     
          97          54  0.976066466700508     
          98          54  0.978029519816787     
          99          55  0.978047986588422     
         100          55  0.978302984652778     
         101          55  0.975977786109868     
         102          56  0.978153313181581     
         103          56  0.977579810917390     
         104          56  0.977582276942600     
         105          57  0.942919444501534     
         106          58  0.943483981215187     
