           2           1  0.991868556354684     
           3           2   1.39615718816778     
           4           3   1.43968118956483     
           5           4   1.37402741123619     
           6           5  0.998988478987836     
           7           6  0.995434355726391     
           8           7   1.36463916271266     
           9           8   1.45187054396470     
          10           9   1.38044870588129     
          11          10  0.924370006764223     
          12          11  0.923034152066856     
          13          12   1.38225365694448     
          14          13   1.42442869668164     
          15          14   1.43136495949310     
          16          15   1.41967291999110     
          17          12   1.39236724686688     
          17          16   1.42853022357239     
          18          11  0.922936302267603     
          19          18   1.44254166639484     
          20          19   1.36598608368963     
          21          20  0.938239531836859     
          22          21  0.965659126582456     
          23          21  0.976233718620886     
          24          21  0.965976598647899     
          25          20   1.40019192956622     
          26          25   1.42995511568521     
          27          18   1.29976171211005     
          27          26   1.38067046216808     
          28          27   1.03828415214365     
          29          28   1.37149695831960     
          30          29   1.44164732080976     
          31          30   1.38802088277653     
          32          31  0.938231199580051     
          33          32  0.976669128762700     
          34          32  0.965585923052915     
          35          32  0.965609475659597     
          36          31   1.37834116815150     
          37          11  0.922830928381592     
          37          28   1.30859695969007     
          37          36   1.43043334288082     
          38          10   1.39206422176016     
          39           7   1.37302194251768     
          39          38   1.44222497798722     
          40           6  0.995613780694106     
          41          40   1.36469766782198     
          42          41   1.45173121461380     
          43          42   1.38060833412268     
          44          43  0.924441867552785     
          45          44  0.923039355793418     
          46          45   1.38234392131237     
          47          46   1.42437992724092     
          48          47   1.43140374623273     
          49          48   1.41962309583018     
          50          45   1.39224986005133     
          50          49   1.42862283679100     
          51          44  0.922979169160260     
          52          51   1.44246995054141     
          53          52   1.36606526567130     
          54          53  0.938245911178327     
          55          54  0.976235713175511     
          56          54  0.965952949624061     
          57          54  0.965677684889442     
          58          53   1.40014186839375     
          59          58   1.43000802122701     
          60          51   1.29985842011397     
          60          59   1.38062620465547     
          61          60   1.03819712939369     
          62          61   1.38088579687444     
          63          62   1.42981821893929     
          64          63   1.40027293002119     
          65          64  0.938303762536620     
          66          65  0.976236502611433     
          67          65  0.965971777251548     
          68          65  0.965599327857078     
          69          64   1.36595577355889     
          70          44  0.922762775584210     
          70          61   1.29968580260844     
          70          69   1.44209813715939     
          71          43   1.39187664287993     
          72          40   1.37278938012174     
          72          71   1.44243673923406     
          73           5   1.36450236823823     
          74           2   1.38434820617027     
          74          73   1.45251771178552     
          75           1  0.979499689917203     
          76           1  0.972864418353639     
          77           1  0.972392155455099     
          78           3  0.944116491809387     
          79           4  0.944804027821759     
          80           8  0.943842555453217     
          81           9  0.942069999916221     
          82          13  0.943325981151448     
          83          14  0.945435393644701     
          84          15  0.948368529545104     
          85          17  0.946716149455337     
          86          19  0.941565866365397     
          87          22  0.977958765707601     
          88          22  0.978284379190764     
          89          22  0.976122600912986     
          90          23  0.977571613398424     
          91          23  0.978128006138437     
          92          23  0.977566710210129     
          93          24  0.978248205719250     
          94          24  0.976067232076505     
          95          24  0.978061756946835     
          96          25  0.942895410717406     
          97          26  0.943439037445535     
          98          29  0.943470713156264     
          99          30  0.942737964516940     
         100          33  0.977600537321883     
         101          33  0.977521290992055     
         102          33  0.978275507602188     
         103          34  0.976158568294439     
         104          34  0.977943108288213     
         105          34  0.978294459586601     
         106          35  0.976149126259781     
         107          35  0.977920318729576     
         108          35  0.978210930488608     
         109          36  0.942407470164642     
         110          38  0.941895225998852     
         111          39  0.944165372449281     
         112          41  0.943840415622585     
         113          42  0.942086213224555     
         114          46  0.943329397362664     
         115          47  0.945435535950203     
         116          48  0.948370416102544     
         117          50  0.946723449068581     
         118          52  0.941581084251139     
         119          55  0.977578428303158     
         120          55  0.977559131143388     
         121          55  0.978130459447762     
         122          56  0.976071036281185     
         123          56  0.978060375336010     
         124          56  0.978244423119157     
         125          57  0.978288133805138     
         126          57  0.976120441224669     
         127          57  0.977961957291205     
         128          58  0.942894462845349     
         129          59  0.943440122484995     
         130          62  0.943418015299718     
         131          63  0.942915760864898     
         132          66  0.978139558478313     
         133          66  0.977487425089092     
         134          66  0.977595279953813     
         135          67  0.978243259313825     
         136          67  0.978035250259643     
         137          67  0.976081258101943     
         138          68  0.978252919449402     
         139          68  0.978039688057835     
         140          68  0.976241520637743     
         141          69  0.942241428048607     
         142          71  0.941876786977211     
         143          72  0.944131314085657     
         144          73  0.944708271349150     
         145          74  0.945183333515345     
