 -0.171973416585416     
  4.956893581140287E-002
 -6.467837200482141E-002
 -3.594844019148358E-002
 -9.686672682621644E-002
  9.235273392511578E-002
 -7.554842723705235E-002
 -9.480008303947418E-002
  9.501459926841926E-002
 -8.218191015109966E-002
  5.451370411646783E-002
 -0.169597838201568     
 -8.074430762540352E-002
  9.396832771338159E-002
 -0.115155906568734     
 -4.936236290327134E-003
 -9.202850079178848E-002
 -3.512004981697991E-002
 -5.894525935392458E-002
  5.721328744997134E-002
 -0.132319387212854     
  4.817921563949001E-002
 -6.208910775618115E-002
 -3.395910103419730E-002
 -5.367060259921530E-002
 -1.254507741468736E-003
 -4.772043860028319E-002
 -2.638448736152377E-003
 -3.712579980963415E-002
 -3.748047564833090E-002
 -9.432391469417212E-004
 -4.929333043549722E-002
  3.246381763311046E-003
 -5.132583797344914E-002
 -2.253243353678158E-005
 -4.148495247639783E-002
 -3.604261866110559E-002
 -3.783457774235632E-002
 -3.246367111834569E-002
  1.879761823167403E-003
 -3.524368969507119E-002
  5.649710610905245E-003
 -4.097381004454714E-002
 -3.147269057256707E-003
 -2.660880376147645E-003
 -4.767163895126902E-002
 -4.548758681801601E-003
 -6.282766756867275E-002
  9.183296367269467E-002
 -9.711006883298623E-002
  0.121437277752649     
  0.120988654476600     
  3.559881299279277E-002
  4.952225522249898E-002
  3.090386683038027E-002
  3.213594322550062E-002
  0.121783456399784     
  0.121308268581056     
  3.304287358691715E-002
  5.120756247298508E-002
  3.669236255370212E-002
  0.139325259095540     
  3.554548999517548E-002
  4.539135552817730E-002
  3.902405904562012E-002
  3.837725257023472E-002
  4.085362495588263E-002
  4.053555285400623E-002
  3.616836696692050E-002
  3.491809432606707E-002
  3.580424826131023E-002
  3.911070148116158E-002
  4.017311663521461E-002
  4.027115889843536E-002
  4.075252456563472E-002
  4.538186766492824E-002
  5.179795602744142E-002
  3.890630225707103E-002
