           2           1   1.78643959296197     
           3           2   1.05674079345763     
           4           3   1.67009792040399     
           5           4   1.08597763304012     
           6           4   1.00379319235955     
           7           6   1.35957162226520     
           8           7   1.45208469255169     
           9           8   1.37523454043724     
          10           9  0.974262654342855     
          11          10   1.00747561273032     
          12          11   1.39168553599649     
          13          12   1.41695083835928     
          14          13   1.44090816440778     
          15          14   1.41182392707008     
          16          11   1.30433517429649     
          16          15   1.41010077643340     
          17          16   1.00917023508148     
          18          17   1.00804466762361     
          19          18   1.40988506428498     
          20          19   1.41219214680082     
          21          20   1.44065598063374     
          22          21   1.41730988980897     
          23          10   1.00598529812618     
          23          18   1.30547145637132     
          23          22   1.39174614022774     
          24           9   1.37268902532451     
          25           6   1.36009726791750     
          25          24   1.45400525148734     
          26           2  0.952454101679736     
          27          26   1.37007089546990     
          28          27   1.44915165071596     
          29          28   1.37702648305982     
          30          29  0.963802033949007     
          31          30   1.01256380469763     
          32          31   1.39095397547816     
          33          32   1.41635347790897     
          34          33   1.44212096701752     
          35          34   1.40938789321930     
          36          31   1.30179566698384     
          36          35   1.41271714400807     
          37          36   1.00861449326431     
          38          37   1.00610357030755     
          39          38   1.41278950678610     
          40          39   1.40972732987471     
          41          40   1.44199407018237     
          42          41   1.41679044540160     
          43          30   1.01026675394754     
          43          38   1.30352036275614     
          43          42   1.39140307941256     
          44          29   1.38300391224641     
          45          26   1.37291863876146     
          45          44   1.44329469683303     
          46           3  0.935127034926926     
          47           5  0.952565246038909     
          48           7  0.942940625646902     
          49           8  0.944585753004473     
          50          12  0.941384638422580     
          51          13  0.943918549664167     
          52          14  0.944503944874787     
          53          15  0.945699911056291     
          54          19  0.945709203407725     
          55          20  0.944485857786415     
          56          21  0.943824818648283     
          57          22  0.941196980236836     
          58          24  0.944311636439409     
          59          25  0.942231894724666     
          60          27  0.943674301942965     
          61          28  0.945025672719615     
          62          32  0.941349110577050     
          63          33  0.944095897074272     
          64          34  0.944689318415749     
          65          35  0.945777278107289     
          66          39  0.945810878714593     
          67          40  0.944657022110469     
          68          41  0.943839627286258     
          69          42  0.941465457030992     
          70          44  0.944761602168754     
          71          45  0.944232867202838     
