           2           1   1.43606878077868     
           3           2   1.37329664212579     
           4           3  0.993976287751635     
           5           4   1.37378444061298     
           6           5   1.43595513778450     
           7           6   1.43248256058966     
           8           7   1.37741065618789     
           9           8  0.975414202951530     
          10           9   1.05378720800166     
          11          10   1.36892007496843     
          12          11   1.45373580677456     
          13          12   1.38989075487656     
          14          13   1.46611414286840     
          15          10   1.26231657704844     
          15          14   1.34514987722756     
          16          15   1.10252273363000     
          17          16   1.35412359086561     
          18          17   1.43697743286261     
          19          18   1.40744162649558     
          20          19   1.42801152151188     
          21           9   1.05964661291931     
          21          16   1.23716794934474     
          21          20   1.37653245173456     
          22           4   1.37890565522956     
          22           8   1.39312889912991     
          23           3   1.37962602471404     
          24          23   1.39212555417649     
          25          24  0.978600138260775     
          26          25   1.05492582645720     
          27          26   1.37026976906275     
          28          27   1.45125082512751     
          29          28   1.39477240057079     
          30          29   1.45999956444016     
          31          26   1.26483835144704     
          31          30   1.35402305059018     
          32          31   1.08758623634902     
          33          32   1.35319047442665     
          34          33   1.46060545062732     
          35          34   1.39398103133784     
          36          35   1.45198519787515     
          37          25   1.05457755447390     
          37          32   1.26611752560182     
          37          36   1.36895706695422     
          38           1   1.43260074309453     
          38          24   1.37751168578392     
          39           1  0.943017961419421     
          40           2  0.945396278948163     
          41           5  0.945324352427908     
          42           6  0.942956132675326     
          43           7  0.945385276701813     
          44          11  0.943303197697255     
          45          12  0.944533267400659     
          46          13  0.944758759947570     
          47          14  0.943995723264574     
          48          18  0.947488006968627     
          49          19  0.944511561404645     
          50          20  0.940283867461051     
          51          22  0.944055522761039     
          52          23  0.944029873819403     
          53          27  0.943380593727636     
          54          28  0.944753399467993     
          55          29  0.945049330901991     
          56          30  0.944678868523603     
          57          33  0.944735107571582     
          58          34  0.945039726621098     
          59          35  0.944235799261007     
          60          36  0.942678559037469     
          61          38  0.945449915922372     
