           2           1  0.976785211547095     
           3           2  0.966831054864466     
           4           2  0.965554685939319     
           5           2  0.937318816534696     
           6           5   1.35561956238566     
           7           6   1.45692145493520     
           8           7   1.36703292642623     
           9           8   1.26772565663754     
          10           5   1.42525017188279     
          10           9   1.35470039688426     
          11           9   1.08207191879070     
          12          11   1.35311797535846     
          13          12   1.42679064826680     
          14          13  0.937325910431793     
          15          14  0.976713567354910     
          16          14  0.966282278310140     
          17          14  0.966065544508256     
          18          13   1.35349948065796     
          19          18   1.45718836648174     
          20          11   1.26836430313578     
          20          19   1.36567738751516     
          21           8   1.04968986485443     
          21          20   1.05189282685541     
          22          21  0.984608795551129     
          23          22   1.37490880449234     
          24          23   1.44523263530161     
          25          24   1.38238435030254     
          26          25  0.950437203107446     
          27          26   1.03054091849007     
          28          27   1.35477865183648     
          29          28   1.44954419187498     
          30          29   1.41549110378495     
          31          30   1.43146724286106     
          32          27   1.33179073589236     
          32          31   1.40434798046231     
          33          32  0.935110952094790     
          34          33  0.922668114819467     
          35          34   1.43382683613055     
          36          35   1.40856219089587     
          37          36   1.43334889496890     
          38          37   1.42966830399633     
          39          34   1.30534647113459     
          39          38   1.38077908623992     
          40          39   1.03500244687989     
          41          40   1.38044830385204     
          42          41   1.37856257827997     
          43          42   1.30696084069331     
          44          43   1.40936206248123     
          45          33  0.917002563477484     
          45          40   1.30509216808710     
          45          44   1.41217884632258     
          46          43  0.910453484012472     
          47          46  0.934538845121272     
          48          47   1.42913091235971     
          49          48   1.41048834746970     
          50          49   1.43189812634729     
          51          50   1.43113361754670     
          52          42   1.03596210418100     
          52          47   1.30685650088841     
          52          51   1.37969924252852     
          53          46  0.928065374182678     
          54          53   1.40109357581297     
          55          54   1.43122830879659     
          56          55   1.41723221265113     
          57          56   1.44769491001629     
          58          53   1.33843249446605     
          58          57   1.36355111575635     
          59          58   1.01076158443337     
          60          59  0.976552445844304     
          61          60   1.37364033069089     
          62          61   1.45254235252530     
          63          62   1.35642318408458     
          64          63   1.04249969811379     
          65          64   1.34720205251362     
          66          65   1.34744030955290     
          67          66   1.04694002152825     
          68          67   1.35345671017988     
          69          68   1.45213513372487     
          70          69   1.41871880049515     
          71          70   1.42098584486177     
          72          67   1.35520029102002     
          72          71   1.44967863758841     
          73          66   1.32923705331570     
          74          73   1.38219294830528     
          75          74  0.964652059725081     
          76          75  0.966478111606998     
          77          76  0.995232627204559     
          78          77  0.995595315489327     
          79          78  0.995462638531035     
          80          75  0.974992918882037     
          80          79  0.995017329216834     
          81          64   1.33622958608508     
          81          74   1.36811735111127     
          82          63   1.34431948062111     
          83          60   1.36184786348812     
          83          82   1.46767806553447     
          84          59   1.01591163344401     
          85          84   1.37094540387475     
          86          85   1.43909633390614     
          87          86   1.42385392001309     
          88          87   1.42404996676890     
          89          46  0.930797663967955     
          89          84   1.32493501998255     
          89          88   1.41053264479314     
          90          33  0.929013567114205     
          91          90   1.40281477729489     
          92          91   1.43289982898486     
          93          92   1.41450421424017     
          94          93   1.45142932130140     
          95          26   1.02765067589004     
          95          90   1.33438429110473     
          95          94   1.35458813271719     
          96          25   1.38776019800050     
          97          22   1.38022921531523     
          97          96   1.44012533556244     
          98           1  0.977283523720164     
          99           1  0.977561958927019     
         100           1  0.978352130130857     
         101           3  0.976060255913241     
         102           3  0.977901002998150     
         103           3  0.976825596879945     
         104           4  0.977885896332916     
         105           4  0.976177760397582     
         106           4  0.978166104741970     
         107           6  0.942017007103467     
         108           7  0.941173431141459     
         109          10  0.942074819447523     
         110          12  0.942373390070492     
         111          15  0.978318792474411     
         112          15  0.977673984792085     
         113          15  0.977578914064875     
         114          16  0.978218766895427     
         115          16  0.975972208443000     
         116          16  0.977945922698614     
         117          17  0.977921431372630     
         118          17  0.977996824108938     
         119          17  0.975623625525144     
         120          18  0.941607002254449     
         121          19  0.940357635451734     
         122          23  0.942803470125145     
         123          24  0.944176382861940     
         124          28  0.939370981544920     
         125          29  0.943782444189282     
         126          30  0.944549955338275     
         127          31  0.943580000006618     
         128          35  0.946116031875214     
         129          36  0.945660337168365     
         130          37  0.945474320332153     
         131          38  0.945544444759592     
         132          41  0.942700608092019     
         133          44  0.941250772433619     
         134          48  0.946053712950870     
         135          49  0.945677468331283     
         136          50  0.945423066682605     
         137          51  0.945586540533072     
         138          54  0.941773972016663     
         139          55  0.944343106832785     
         140          56  0.943706971584538     
         141          57  0.942829391752046     
         142          61  0.942718656369218     
         143          62  0.942998188402042     
         144          68  0.945655120627152     
         145          69  0.945343743037720     
         146          70  0.946887747584816     
         147          71  0.946578522133860     
         148          72  0.945021511849632     
         149          75  0.928701256716438     
         150          76  0.966769484258600     
         151          76  0.961803579569898     
         152          77  0.963882507438501     
         153          77  0.968713118638427     
         154          78  0.963789460161363     
         155          78  0.969188050429428     
         156          79  0.968128699223483     
         157          79  0.964038146651511     
         158          80  0.958832019365838     
         159          80  0.967075262982783     
         160          82  0.939881630864005     
         161          83  0.943058416489667     
         162          85  0.938552065892340     
         163          86  0.943553373299549     
         164          87  0.944159947137082     
         165          88  0.941743906297429     
         166          91  0.943123624695771     
         167          92  0.944509507774576     
         168          93  0.943809635907635     
         169          94  0.941106355746381     
         170          96  0.943335854334466     
         171          97  0.940820869206285     
