 -0.249695994784403     
  0.155451100984451     
 -0.256523021378556     
 -0.131515451648509     
  0.143132227573888     
  9.529131823942105E-003
 -3.257858734106822E-002
 -2.829834760456240E-002
 -2.592327273537176E-002
 -2.473400023297323E-002
 -2.252007937802247E-002
 -8.440000916204049E-002
  0.117133321686233     
 -3.386322073825454E-002
  8.695119890862335E-002
  8.539209482846477E-003
 -1.668922788020222E-002
 -2.523502932624577E-002
  6.643417377943539E-002
 -0.124755585258312     
  4.601285632106622E-002
 -5.484496813416850E-002
 -4.336314110128914E-002
 -4.743724428560547E-002
 -4.623072681558682E-002
  7.463768406902949E-002
 -0.137552135854662     
  7.534462832654265E-002
 -4.616503728247512E-002
 -4.785346047199202E-002
 -4.463129947494604E-002
 -5.634853649976002E-002
  4.616797765033898E-002
 -2.796277740551023E-002
 -2.994790004621528E-002
 -0.187259118973757     
  0.143695628737931     
 -6.999428937666519E-002
  3.980283444366661E-002
  4.044007912717673E-002
  4.084812857632414E-002
  4.151190129596560E-002
  4.509272982150603E-002
  5.312100019518806E-002
  5.093401538240250E-002
  5.170759142839110E-002
  4.457997643601597E-002
  4.370449890857120E-002
  4.402814555988133E-002
  4.286657210763711E-002
  4.091942500600532E-002
  4.112460308111754E-002
  4.278463790386644E-002
  4.325231369472782E-002
  4.248491505041174E-002
  4.366280422745694E-002
  4.575001784917543E-002
  8.467713375134500E-002
