 -0.171574178869158     
  9.492929958158047E-002
 -4.657760567173064E-002
 -3.614954770159873E-002
  3.117291792726595E-002
 -6.243169345511568E-002
 -5.088027634004000E-002
 -1.085737096450945E-002
  7.125927027185863E-002
 -0.223162099272578     
 -7.750524981938511E-003
  1.975162546319753E-002
 -4.176178688521759E-002
 -4.732379668502684E-002
 -1.635865038278794E-002
 -4.014668962195600E-003
 -4.493027971934538E-002
 -3.835932013200605E-002
 -3.758646212938110E-002
 -4.124850833792770E-002
 -3.860413463939061E-003
 -4.173821614880779E-002
 -2.676392732041322E-002
  6.841739269692226E-003
 -8.494942080762158E-002
  0.176628657419621     
  4.521085710503969E-002
  5.186846129332678E-002
  4.743075189802270E-002
  4.256051798057436E-002
  4.869059703274559E-002
  4.049155568146579E-002
  3.933956527756466E-002
  3.906320831399834E-002
  3.737457086070739E-002
  4.036375971921580E-002
  4.581091040961127E-002
  0.159490482725845     
