 -0.343404859475767     
  0.411821828720508     
 -0.343327497352727     
  1.038289080738330E-003
 -1.173630231874778E-002
 -2.160970446307342E-002
 -2.280097838164874E-002
 -2.262330959147185E-002
 -1.522031805072643E-002
 -2.787682599525887E-003
 -1.477134111276879E-002
 -2.903054326053223E-002
  1.057365809592747E-002
 -2.460225053459553E-003
 -3.857660956229836E-002
 -3.290407248415228E-002
 -1.172319851328130E-002
 -1.175246164922861E-002
 -3.770022374795445E-002
  1.399975754341609E-002
 -1.180267041522853E-004
 -4.179902151713133E-002
 -3.372127863347885E-002
 -3.790235791461338E-002
 -3.383270182030262E-002
 -4.232163344064332E-002
  1.232463044260612E-004
 -4.201840565265336E-002
 -3.365193218036389E-002
 -3.735642595040733E-002
 -3.296184272063041E-002
 -4.162071444675863E-002
 -1.296144259189447E-002
 -3.459067720245290E-002
 -3.390416611502101E-002
 -3.484191338736675E-002
 -3.498605636087326E-002
 -1.339484029838101E-002
 -2.736991475087258E-002
 -1.103208127689381E-002
  4.939330342760018E-002
  4.694789651231779E-002
  4.445253875420541E-002
  4.651713940954261E-002
  4.676854284044873E-002
  4.890405642802620E-002
  4.687419507780433E-002
  4.148179566403543E-002
  4.293042838532768E-002
  4.226498890933172E-002
  3.859127951577279E-002
  3.897305365048376E-002
  3.829970631312452E-002
  3.918613368496393E-002
  3.871051153114002E-002
  3.820008354950077E-002
  3.886111976083406E-002
  3.836093877353886E-002
  3.922240821646528E-002
  3.824629497759013E-002
  4.066582169148969E-002
  4.102554625934696E-002
  4.099446939687490E-002
  3.952550332070626E-002
  4.837456254205774E-002
  5.148566224472684E-002
