           2           1   1.43786775686207     
           3           2   1.36495418569548     
           4           3   1.00546775558586     
           5           4   1.37010102822838     
           6           5   1.44541695353711     
           7           6   1.37194835870266     
           8           7   1.29988005753574     
           9           4   1.35026894122586     
           9           8   1.44636601998642     
          10           8  0.926219260225073     
          11          10  0.928373073324593     
          12          11   1.43258694498187     
          13          12   1.40973417728204     
          14          13   1.43256592727974     
          15          14   1.43067674624991     
          16          11   1.30719289706592     
          16          15   1.38049066941391     
          17          16   1.03632501722050     
          18          17   1.38005895521490     
          19          18   1.43086573958826     
          20          19   1.43225472252386     
          21          20   1.41011641890786     
          22          10  0.925932989666771     
          22          17   1.30782969968610     
          22          21   1.43217744877497     
          23          10  0.925921302157638     
          24          23   1.43279878045084     
          25          24   1.40966479220918     
          26          25   1.43164216499981     
          27          26   1.43184222303766     
          28           7   1.04015585433442     
          28          23   1.30586707608525     
          28          27   1.37791190329861     
          29           3   1.38031108703544     
          30          29   1.38539395327615     
          31          30  0.996854878219046     
          32          31   1.37434213166582     
          33          32   1.44302989218013     
          34          33   1.37329782513025     
          35          34   1.30072782804276     
          36          31   1.35361097590549     
          36          35   1.44453238094663     
          37          35  0.925934683796417     
          38          37  0.925535113032604     
          39          38   1.43231702751498     
          40          39   1.41000073576901     
          41          40   1.43230340330148     
          42          41   1.43100251545047     
          43          38   1.30780810073007     
          43          42   1.37996473976128     
          44          43   1.03642958699718     
          45          44   1.38034615443607     
          46          45   1.43079107548622     
          47          46   1.43237609824227     
          48          47   1.40993000194832     
          49          37  0.928634763359979     
          49          44   1.30733126527500     
          49          48   1.43239003662711     
          50          37  0.926239186515487     
          51          50   1.43288885114059     
          52          51   1.40956415372010     
          53          52   1.43186585241563     
          54          53   1.43157193372687     
          55          34   1.03956684816993     
          55          50   1.30595473515053     
          55          54   1.37838920460008     
          56           1   1.43459168280962     
          56          30   1.36838012652606     
          57           1  0.944456941182138     
          58           2  0.945876622546854     
          59           5  0.943711542567799     
          60           6  0.943527072641902     
          61           9  0.944570143194680     
          62          12  0.946180567414314     
          63          13  0.945577941850812     
          64          14  0.945348189477384     
          65          15  0.945485482158701     
          66          18  0.945249144713541     
          67          19  0.945028125091056     
          68          20  0.945563103149258     
          69          21  0.946151216717588     
          70          24  0.946127182773101     
          71          25  0.945600357355442     
          72          26  0.945330574493858     
          73          27  0.945473156945306     
          74          29  0.945451849332766     
          75          32  0.944133949327290     
          76          33  0.943546440957138     
          77          36  0.944870928248312     
          78          39  0.946169304479063     
          79          40  0.945581521780722     
          80          41  0.945339388054193     
          81          42  0.945474987500335     
          82          45  0.945466889331100     
          83          46  0.944781938049281     
          84          47  0.945546702739036     
          85          48  0.946182818455434     
          86          51  0.946127930228986     
          87          52  0.945594767020446     
          88          53  0.945329718100842     
          89          54  0.945469075959773     
          90          56  0.946219293704538     
