 -0.208151838165425     
  0.102559863500729     
  2.098007276327696E-002
 -1.127729498398899E-002
  3.158360077505717E-002
  0.111966497763922     
 -0.216237958263855     
  0.112493923841823     
  2.596422387325825E-002
 -2.509594929531822E-002
 -2.403789627286201E-002
 -3.017337310174995E-002
 -2.490978313579983E-002
 -2.546957433321673E-002
 -0.213194127693338     
  0.111709290309933     
  2.623347716201652E-002
 -2.646079140356949E-002
 -2.500501361805085E-002
 -3.043416670380328E-002
 -2.438700068550936E-002
 -2.483498937136019E-002
 -0.218759058830019     
 -1.314975568974930E-002
 -1.607483333017701E-002
  7.224915517480124E-002
 -8.882281857295293E-002
  3.438026543345929E-002
 -4.486532606154192E-002
 -3.968477592798880E-002
 -4.488655190056257E-002
 -3.586386294253519E-002
 -2.057858959001280E-002
 -2.871677352590662E-002
 -2.790400953406103E-002
 -2.270734624914184E-002
 -1.522939431150760E-002
 -3.411566336201322E-002
 -4.525262513833894E-002
 -3.715117778089283E-002
 -3.714324450455919E-002
  4.920748682155107E-002
 -7.624865363458699E-002
  5.046146931978512E-002
 -3.708631235844972E-002
 -3.666427510064274E-002
 -4.601004162007793E-002
 -4.246136943721801E-002
 -1.783552130806676E-002
 -2.315127957017360E-002
  4.114374973639512E-002
  9.951580729644860E-003
  6.173261269437214E-002
  4.595995855314428E-002
  4.128951697486194E-002
  4.192682040593365E-002
  4.056882089677494E-002
  4.575557255862839E-002
  4.494040217949236E-002
  4.049783418340891E-002
  4.194135259151011E-002
  4.082761876247165E-002
  4.624226154201394E-002
  5.835036770871804E-002
  4.916968942253930E-002
  4.003573001244431E-002
  4.364522432884055E-002
  4.117536781365527E-002
  4.292110367240221E-002
  5.391839819548550E-002
  4.216222307547945E-002
  4.104228764469431E-002
  4.427156923649156E-002
  4.124438515900597E-002
  4.130894608266467E-002
  4.426791059603663E-002
  4.150291390735561E-002
  4.244947190488779E-002
