 -0.221848918264647     
  9.562972098650935E-002
  1.012964030193553E-002
 -2.571667955856061E-002
  1.534167519361862E-003
 -3.006352788181577E-002
 -3.915834652040839E-002
  2.920473170415949E-002
  5.726681040724468E-002
 -0.231246414135558     
 -1.663985817324320E-002
  1.950431746630965E-002
 -4.382728913652034E-002
 -3.745262081859302E-002
 -4.229168723022170E-002
 -3.514645651388815E-002
 -3.074496340488064E-002
  3.970935088948302E-004
  9.815563164858876E-003
 -3.054922189333897E-002
 -3.010622709138921E-002
 -3.689513392975119E-002
 -3.296601644628083E-002
 -4.415678471715978E-002
 -7.573341123035604E-002
 -1.722135870898001E-002
 -2.858652348654100E-002
 -1.289955066381410E-004
 -3.170324051786189E-002
 -2.913618414950037E-002
 -3.083696969412753E-002
 -3.201823219379207E-002
 -3.982402061994783E-002
  5.131423915743716E-002
  5.061150503413314E-002
  4.212116246070352E-002
  3.700533641397130E-002
  3.784136316653364E-002
  3.689023571719052E-002
  3.851870576342886E-002
  4.056866013962723E-002
  4.227615961693953E-002
  4.131323709797108E-002
  3.923355561332476E-002
  3.977711038654275E-002
  3.566596701000591E-002
  0.163339894965210     
  5.144178283686140E-002
  4.248733576334385E-002
  4.179346620614366E-002
  4.130711949274912E-002
  3.955164810793821E-002
  3.983376235784708E-002
  3.762478945678205E-002
