           2           1   2.82637810998453     
           3           2   1.05529843904096     
           4           3   1.24243009164234     
           5           4   1.55696345721908     
           6           5   1.27100679702178     
           7           6   1.22175289299715     
           8           7   1.54514127707974     
           9           8  0.977476211723307     
          10           9   1.36997965884740     
          11          10   1.45167143971958     
          12          11   1.37363437983866     
          13          12  0.966080974372148     
          14          13   1.00474613412803     
          15          14   1.39259782172086     
          16          15   1.41617393653250     
          17          16   1.44146657105363     
          18          17   1.41155905243135     
          19          14   1.30533375908118     
          19          18   1.41027554419774     
          20          19   1.00715252688031     
          21          20   1.00722838027064     
          22          21   1.41049334866670     
          23          22   1.41161736153858     
          24          23   1.44024407943614     
          25          24   1.41830797061389     
          26          13   1.01057500007471     
          26          21   1.30506398537084     
          26          25   1.39009613790451     
          27          12   1.38712085800170     
          28           9   1.38405411659067     
          28          27   1.43608915462147     
          29           8   1.14434145870581     
          30          29  0.976190594995617     
          31          30   1.38494139639544     
          32          31   1.43552383799006     
          33          32   1.38759804750009     
          34          33  0.965646732799511     
          35          34   1.00479460322884     
          36          35   1.39275284450715     
          37          36   1.41600832226808     
          38          37   1.44162734251237     
          39          38   1.41142017761562     
          40          35   1.30520422766480     
          40          39   1.41040219560499     
          41          40   1.00715425541055     
          42          41   1.00713393245929     
          43          42   1.41041533975796     
          44          43   1.41169999582550     
          45          44   1.44016105459262     
          46          45   1.41842318154474     
          47          34   1.01053403907147     
          47          42   1.30522219382550     
          47          46   1.39006547921624     
          48          33   1.37374155466409     
          49          30   1.37026124692586     
          49          48   1.45156443288700     
          50          29   1.55132396660342     
          51           6   1.20872417495085     
          51          50   1.21119516004476     
          52           3   1.43697298034920     
          52          51   1.29721092230242     
          53           4  0.943835799701482     
          54           5  0.941338937707956     
          55          10  0.943644918557827     
          56          11  0.942347130134994     
          57          15  0.937441003743248     
          58          16  0.943210681799386     
          59          17  0.944339149003454     
          60          18  0.945631157271585     
          61          22  0.945788520140200     
          62          23  0.944662780333779     
          63          24  0.943950269773296     
          64          25  0.942409050309436     
          65          27  0.944409180349839     
          66          28  0.944267738027115     
          67          31  0.944252657891745     
          68          32  0.944402456833564     
          69          36  0.937441939755408     
          70          37  0.943211923031708     
          71          38  0.944335165747479     
          72          39  0.945636279435313     
          73          43  0.945790573661024     
          74          44  0.944674577943915     
          75          45  0.943946698891050     
          76          46  0.942457071360164     
          77          48  0.942396597059176     
          78          49  0.943678472996593     
          79          52  0.942088476315887     
