 -0.193151856966212     
  0.107756637518218     
  2.268947768544960E-002
 -1.268216609105011E-002
  7.159871440318222E-002
 -0.103281331716897     
  3.300787810192674E-002
 -4.388365742178291E-002
 -3.426709532858663E-002
 -3.928831027064561E-002
 -2.135030451410991E-002
 -9.300492413780503E-003
  2.903119901594708E-002
 -0.178122118007903     
  1.571520552518857E-002
 -2.857695381620307E-002
 -2.767468161890196E-002
  3.624718103250713E-002
  7.160775086310300E-002
 -0.103277815650363     
  3.301112138016515E-002
 -4.387941961084607E-002
 -3.426564737992166E-002
 -3.928565766239789E-002
 -2.135063697014949E-002
 -9.302137193198945E-003
  2.903040314112948E-002
 -0.178123507773781     
  1.571826105884311E-002
 -2.858068200041863E-002
 -2.768246064288693E-002
  3.623850396363437E-002
 -1.268197759977596E-002
  2.269233655535086E-002
  0.107761271365114     
 -0.193154352512617     
  6.027347939389394E-002
  3.959451899841115E-002
  4.617320909474076E-002
  4.300543873830065E-002
  5.003548107194955E-002
  5.233377541908435E-002
  4.396782754579243E-002
  4.014038134822628E-002
  3.959367129802294E-002
  4.617253886411277E-002
  4.300599996524324E-002
  5.003564418317785E-002
  5.233526690495482E-002
  4.396890991820290E-002
  4.014701329701476E-002
  6.027416551151576E-002
