 -0.101790571878358     
  2.734658222825681E-002
 -0.101048105097024     
 -1.633876418114610E-002
 -4.484805054376029E-002
  4.602810647056277E-002
 -9.307627396098006E-002
  3.544099114074228E-002
 -4.452808610343251E-002
 -4.006253415752603E-002
 -4.961727247148584E-002
 -3.726761188139971E-002
 -2.977803380088417E-002
 -2.914922474801340E-002
 -3.696184770205413E-002
 -4.988476200542813E-002
 -4.104531162036462E-002
 -4.546124539010066E-002
  3.530392786659853E-002
 -3.613506423382429E-002
 -5.184603735614868E-002
  4.894659588631356E-002
 -0.114369862534060     
  6.045634332186500E-002
 -2.355780675999952E-002
 -3.226720773601510E-002
  2.010102655506163E-003
  7.046525209284038E-002
  3.381673646345451E-003
 -3.571195123095272E-002
 -2.554818064648678E-002
 -3.007080913757143E-002
 -2.449175677714344E-002
 -2.068604478002634E-002
  0.130144355578373     
 -0.261950897718696     
 -1.908225045256629E-002
 -2.271431997824003E-002
  4.919190528297879E-002
 -4.984116307741893E-002
 -3.509349720983845E-002
  4.650117077016391E-002
 -9.283736127911268E-002
  3.553160308443992E-002
 -4.381436625265955E-002
 -3.980959201788004E-002
 -4.984513163935489E-002
 -3.756477840377404E-002
 -2.987231395262491E-002
 -2.950221692118671E-002
 -3.737396484473265E-002
 -5.011180030765416E-002
 -4.114361500923103E-002
 -4.547909548749107E-002
  3.521546721100721E-002
 -4.521435692187215E-002
 -1.671149378403758E-002
  3.365641835740751E-002
  3.501360650538943E-002
  3.483687997663254E-002
  3.512446738576092E-002
  3.442588481788156E-002
  3.516936744108590E-002
  4.688886191048380E-002
  4.118311067429470E-002
  4.310435155635273E-002
  3.977735118208736E-002
  4.165871289168432E-002
  4.192873698489574E-002
  3.972136820205763E-002
  4.250709854570944E-002
  3.974594147898991E-002
  4.615053543232606E-002
  4.567334302605741E-002
  4.887910315281052E-002
  4.805707481801758E-002
  4.144731140437508E-002
  4.612426301446881E-002
  4.251810390641464E-002
  5.097291718592412E-002
  5.306810726686106E-002
  4.628211941005589E-002
  4.650567821133389E-002
  4.126425758084296E-002
  4.327614204289909E-002
  3.964776016144345E-002
  4.155751247045436E-002
  4.174939107753528E-002
  3.963187192951800E-002
  4.264590736600660E-002
  4.062138459080145E-002
  4.672561279775722E-002
