           2           1  0.953151707982575     
           3           2  0.953231225252730     
           4           2  0.944139112889741     
           5           4   1.40846572430152     
           6           5   1.38545634031721     
           7           6  0.969240902050842     
           8           7   1.05938103553564     
           9           8   1.36748862437244     
          10           9   1.45366916667670     
          11          10   1.39273060012867     
          12          11   1.46134044701538     
          13           8   1.26317876923318     
          13          12   1.35283953434648     
          14          13   1.08953522799474     
          15          14   1.35332689918899     
          16          15   1.46092886444161     
          17          16   1.39300162592821     
          18          17   1.45330241123033     
          19           7   1.06035639649947     
          19          14   1.26242868392953     
          19          18   1.36785454904802     
          20           6   1.37152539762579     
          21          20   1.45637337329583     
          22           4   1.32720655060408     
          22          21   1.35230379318766     
          23          22   1.03198631891454     
          24          23  0.948201377390719     
          25          24   1.33687072863510     
          26          25   1.47789581948516     
          27          26   1.34737412944273     
          28          27   1.05907565064744     
          29          28   1.05476992987569     
          30          29   1.35409631161593     
          31          30   1.47060087804553     
          32          31   1.37937557795748     
          33          32   1.48061154102747     
          34          29   1.32262634916493     
          34          33   1.32660104493736     
          35          34   1.01723861310664     
          36          35   1.75257291679846     
          37          27   1.32117721377649     
          37          35   1.00853792456165     
          38          24   1.43864123840859     
          38          37   1.33016326117319     
          39          23   1.03024570864579     
          40          39   1.35300394202495     
          41          40   1.45634749556053     
          42          41   1.37132911177152     
          43          42  0.969550245400204     
          44          43   1.05934998828009     
          45          44   1.36788163113379     
          46          45   1.45351893345746     
          47          46   1.39280577396026     
          48          47   1.46129692283715     
          49          44   1.26301913668973     
          49          48   1.35289955478780     
          50          49   1.08952468106941     
          51          50   1.35319602959186     
          52          51   1.46099399145401     
          53          52   1.39287680783735     
          54          53   1.45350732976435     
          55          43   1.06025740778156     
          55          50   1.26272829957645     
          55          54   1.36743107306736     
          56          42   1.38566207254613     
          57           2  0.944079419189893     
          57          39   1.32792816730494     
          57          56   1.40809534050773     
          58           1  0.977587764245955     
          59           1  0.975514692267401     
          60           1  0.975667844043733     
          61           3  0.977457912463048     
          62           3  0.975710802438357     
          63           3  0.975485918251920     
          64           5  0.940441662625316     
          65           9  0.943477253979248     
          66          10  0.944776630135630     
          67          11  0.945150545999134     
          68          12  0.944730382794405     
          69          15  0.944687938134122     
          70          16  0.945169521213096     
          71          17  0.944875657683178     
          72          18  0.943917529667566     
          73          20  0.942528067148325     
          74          21  0.937879666698369     
          75          25  0.943647655234197     
          76          26  0.941669900529007     
          77          30  0.945354998035439     
          78          31  0.944655160221307     
          79          32  0.944818777919107     
          80          33  0.942978756110738     
          81          38  0.941961430624830     
          82          40  0.937813710691782     
          83          41  0.942465755884403     
          84          45  0.943776258683123     
          85          46  0.944773824682593     
          86          47  0.945165335921349     
          87          48  0.944727102498620     
          88          51  0.944720661584262     
          89          52  0.945176792761092     
          90          53  0.944837868608050     
          91          54  0.943470826301414     
          92          56  0.940408986963774     
