           2           1  0.990186997709509     
           3           2   1.35705108613314     
           4           3   1.45756239067413     
           5           4   1.36800092096396     
           6           5   1.26708916684547     
           7           2   1.43190969281152     
           7           6   1.34880295241978     
           8           6   1.08496401927019     
           9           8   1.34668940597032     
          10           9   1.43444833507177     
          11          10  0.990334596043132     
          12          10   1.35307882815600     
          13          12   1.46054574343751     
          14           8   1.27070403641440     
          14          13   1.36452005405478     
          15           5   1.04834695592586     
          15          14   1.04810380290911     
          16          15  0.972524618911082     
          17          16   1.40189545957060     
          18          17   1.42993245191655     
          19          18   1.41277277630219     
          20          19   1.45181312863702     
          21          16   1.30981684678573     
          21          20   1.35123262476083     
          22          21   1.05258273136493     
          23          22   1.61913806106827     
          24          23   1.14038648593453     
          25          24   1.61274621102018     
          26          25   1.06143899746078     
          27          26   1.34571021554416     
          28          27   1.45786008656276     
          29          28   1.40566708433962     
          30          29   1.43793358948092     
          31          26   1.30591693433958     
          31          30   1.39008433271621     
          32          31  0.990336393459955     
          33          32   1.04739048760553     
          34          33   1.36632315895637     
          35          34   1.45839991659987     
          36          35   1.35726138843324     
          37          36  0.989779059549756     
          38          36   1.43210818864874     
          39          33   1.26964066849425     
          39          38   1.34994702171303     
          40          39   1.08493548439443     
          41          40   1.35120684725243     
          42          41   1.43047867613109     
          43          42  0.989891110332436     
          44          42   1.35858809959837     
          45          44   1.45631166761495     
          46          32   1.04889791514601     
          46          40   1.26784990039986     
          46          45   1.36810110344914     
          47          22   1.07706701156713     
          47          25   1.07173245809587     
          48           1  0.972981739222923     
          49           1  0.979253285485357     
          50           1  0.972748859085694     
          51           3  0.944617188519612     
          52           4  0.942994138853119     
          53           7  0.943364034993804     
          54           9  0.943421622989429     
          55          11  0.972873503562458     
          56          11  0.972291516583121     
          57          11  0.979291918084185     
          58          12  0.943060440380117     
          59          13  0.942719975028462     
          60          17  0.944644317834083     
          61          18  0.943650896000200     
          62          19  0.943512714042976     
          63          20  0.942110563910310     
          64          27  0.941268097326361     
          65          28  0.944015860062201     
          66          29  0.943733663138236     
          67          30  0.944013093511486     
          68          34  0.940460288739676     
          69          35  0.943742231920785     
          70          37  0.974140600631373     
          71          37  0.972316930790410     
          72          37  0.979281097870267     
          73          38  0.943646029295566     
          74          41  0.943549257115213     
          75          43  0.972766693732635     
          76          43  0.973505537948445     
          77          43  0.979279413019975     
          78          44  0.944900392490307     
          79          45  0.942968703538862     
