 -0.130766517297331     
  8.915868627831003E-002
 -5.031025019553059E-002
  7.280894853971587E-002
 -0.125143262457240     
  4.687208579331337E-002
 -3.060612887430825E-002
 -3.028603854266532E-002
 -3.494944194981464E-002
 -3.084907563646322E-002
 -1.734340660169309E-003
 -1.466857219163398E-002
 -2.564534827184772E-003
 -3.092078860697356E-002
 -3.479628143957303E-002
 -3.207051805393579E-002
 -3.416676560827092E-002
  4.382131002063083E-002
  6.942082007789852E-002
 -0.140931628007353     
 -2.183569183886114E-002
  4.676054198327195E-002
 -0.122871688869909     
  5.020397468606186E-002
 -5.983179026568575E-002
 -4.177547280718663E-002
 -4.848401282275816E-002
 -4.281175861431219E-002
 -3.991266079670375E-003
 -7.591283216535238E-003
 -4.515654847857320E-003
 -4.298447550538764E-002
 -4.837835498089849E-002
 -4.095140652811224E-002
 -5.927374423139398E-002
  5.005160610112203E-002
  5.584811276557067E-002
  4.058397800316671E-002
  4.510974567253589E-002
  4.339015216303010E-002
  4.548773645129955E-002
  4.604332643105280E-002
  4.409453057040602E-002
  4.575645171887743E-002
  4.316410292813422E-002
  5.593868540468139E-002
  3.859493913257284E-002
  4.248639029932233E-002
  4.209261402346287E-002
  4.399657836063997E-002
  4.386332089025224E-002
  4.210966661620130E-002
  4.298664200217428E-002
  3.941579804325590E-002
