           2           1   1.70943202517898     
           3           2   1.09101291817912     
           4           3   1.07209445403130     
           5           4   1.21969682072195     
           6           5   1.64241830108809     
           7           6   1.18070570642198     
           8           4   1.42045366379197     
           8           7   1.11669094426658     
           9           8   1.13570043089436     
          10           9   1.34583693452546     
          11          10   1.40178757334814     
          12          11   1.02234732719713     
          13          12   1.70943310821514     
          14          12   1.09101253763654     
          15          14   1.07209359323229     
          16          15   1.21969774706536     
          17          16   1.64241737150127     
          18          17   1.18070631577218     
          19          15   1.42045363228809     
          19          18   1.11669176741831     
          20          11   1.22957293257117     
          20          19   1.13569965582053     
          21          20   1.34583837585959     
          22           2   1.02234790052324     
          22           9   1.22957360808550     
          22          21   1.40178606556273     
          23           3  0.943473803122232     
          24           5  0.940171111917130     
          25           6  0.950662890765910     
          26          10  0.939858061870732     
          27          14  0.943473992944861     
          28          16  0.940171118529190     
          29          17  0.950662914575869     
          30          21  0.939858102178078     
