 -0.217316188746179     
  0.153005219950228     
  9.950532281415292E-004
 -1.486454940915305E-002
 -1.244100102359447E-002
 -1.261985589928560E-002
  1.578597221252309E-005
 -2.457452984651276E-003
  0.419844701006778     
 -0.336021719579789     
 -0.338331853528377     
 -6.565055800253461E-003
  4.462433921621489E-004
 -1.953499460478625E-002
  1.768020792009439E-002
 -1.319833830564221E-004
 -3.512583384453549E-002
 -3.189927608581478E-002
 -9.400155297542589E-002
  0.300372590593692     
 -9.503783266929311E-002
 -3.546227203013519E-002
 -3.425609530050711E-002
 -3.165822855083711E-002
 -3.343421976445793E-002
 -3.504988613491467E-002
 -9.548299841233998E-002
 -3.492549360739616E-002
 -3.372875889069338E-002
 -3.189944646837439E-002
 -3.441326998151428E-002
 -3.572186202524374E-002
 -9.499613319845857E-002
 -3.463899109397151E-002
 -3.344880745438505E-002
 -3.158790359869279E-002
 -3.414752215035843E-002
 -3.568756707974519E-002
 -3.269279658178004E-002
 -3.731439614159093E-002
 -2.213233278583449E-002
  1.044764015892596E-003
  5.475426006633022E-002
  4.795311374677536E-002
  5.171791428667671E-002
  5.306026902937300E-002
  5.508290667013294E-002
  5.217757053288752E-002
  4.131336064836710E-002
  4.210951075307789E-002
  3.848426265026483E-002
  3.857492233090898E-002
  3.890321272230657E-002
  3.898693711588064E-002
  3.879771860121550E-002
  3.902201814723816E-002
  3.880287956878437E-002
  3.882922607459072E-002
  3.857978098565362E-002
  3.845491325918038E-002
  3.901930711477775E-002
  3.886878701822927E-002
  3.888743788677951E-002
  3.862992493683637E-002
  3.818685230888974E-002
  4.205751634034349E-002
  3.926142413894762E-002
  5.510753877170926E-002
