           2           1   2.79891775942228     
           3           2   1.05658243272096     
           4           3   1.05650922645174     
           5           4   2.79898354116149     
           6           3   1.49831316145249     
           7           6   1.05785760368994     
           8           7   1.38071035945343     
           9           8   1.43413468835249     
          10           9   1.36801131744149     
          11          10   1.02033273509515     
          12          11   1.35476288933779     
          13          12   1.46467037222909     
          14          13   1.35591203596044     
          15          14   1.01344330722007     
          16          15  0.992529322244616     
          17          16   1.37276519515794     
          18          17   1.44287348897052     
          19          18   1.42459702716563     
          20          19   1.42474347263264     
          21          16   1.37333517024497     
          21          20   1.44275356032664     
          22          15  0.993693952994991     
          23          22   1.37228944679725     
          24          23   1.44307088642222     
          25          24   1.42450119136705     
          26          25   1.42459324653083     
          27          22   1.37290571997376     
          27          26   1.44300600874391     
          28          14   1.35617630255899     
          29          11   1.35513626271305     
          29          28   1.46439433714332     
          30          10   1.33558310545928     
          31           7   1.25055525392231     
          31          30   1.43234995621170     
          32          31   1.02404367405167     
          33          32   1.43232702621674     
          34          33   1.33560771589877     
          35          34   1.02037210376955     
          36          35   1.35466259512718     
          37          36   1.46477753911458     
          38          37   1.35583078391079     
          39          38   1.01347760204011     
          40          39  0.994013275770854     
          41          40   1.37216083987966     
          42          41   1.44311595364199     
          43          42   1.42447166582173     
          44          43   1.42457487221143     
          45          40   1.37280428890418     
          45          44   1.44305068670912     
          46          39  0.992169110894744     
          47          46   1.37353039457469     
          48          47   1.44264676845325     
          49          48   1.42481493243693     
          50          49   1.42458547097450     
          51          46   1.37284588057099     
          51          50   1.44287525145413     
          52          38   1.35620940080122     
          53          35   1.35519255772948     
          53          52   1.46432715610879     
          54          34   1.36794714367320     
          55          54   1.43418461067157     
          56           6   1.05787022431036     
          56          32   1.25057154940368     
          56          55   1.38067347937418     
          57           8  0.937753651717483     
          58           9  0.943541809720875     
          59          12  0.943458680603154     
          60          13  0.943892017213394     
          61          17  0.946266152817234     
          62          18  0.945254721149045     
          63          19  0.946539638233007     
          64          20  0.945287352633316     
          65          21  0.946295570385248     
          66          23  0.946247836398388     
          67          24  0.945296611328456     
          68          25  0.946560791076106     
          69          26  0.945282342669316     
          70          27  0.946253406950012     
          71          28  0.943956321071969     
          72          29  0.943627010760396     
          73          30  0.943544622889374     
          74          33  0.943546257240699     
          75          36  0.943449801362421     
          76          37  0.943882301210622     
          77          41  0.946235410054109     
          78          42  0.945297259839927     
          79          43  0.946561951883876     
          80          44  0.945283920009333     
          81          45  0.946243922053819     
          82          47  0.946316595913786     
          83          48  0.945286942427760     
          84          49  0.946538747407268     
          85          50  0.945253033909110     
          86          51  0.946279134058298     
          87          52  0.943956534957868     
          88          53  0.943631772089679     
          89          54  0.943537831619065     
          90          55  0.937750102030301     
