 -3.893724080120187E-002
 -3.456694120475312E-002
 -3.805466181650718E-002
  3.001496072375431E-003
 -5.977380681235545E-003
 -5.988262895362695E-003
  2.981433376678222E-003
 -3.829234979795082E-002
 -3.677660157406493E-002
 -3.896102352186492E-002
 -3.460390520915713E-002
 -3.809507553886871E-002
 -3.582054271185520E-003
  5.343498616192655E-004
 -3.409409388527340E-002
 -3.769204462672526E-002
 -4.469789965924953E-003
 -1.466198721769985E-002
 -4.493093627996725E-002
 -4.947036274996908E-002
 -3.769380830549451E-002
 -3.175904302967947E-002
  2.761891063870348E-002
 -0.102863383035745     
  3.067951185622730E-002
 -4.935268065237519E-002
 -4.108890663686537E-002
 -5.196650497185917E-002
 -3.753597946048792E-002
 -3.248876844846205E-002
 -4.288470222200136E-002
 -3.899774281827995E-002
  1.328466378908733E-002
  6.105370804670640E-002
 -2.618166497072405E-002
 -1.456928689576209E-002
 -3.141778753732449E-002
  2.124425334285851E-002
 -0.195847200603282     
  1.320816010589576E-002
  6.087573714290162E-002
 -2.627241645104395E-002
 -1.457519398242546E-002
 -3.138105651501810E-002
  2.130945268754392E-002
 -0.195847141897186     
 -3.619327127749372E-003
  5.062425246107338E-004
 -3.416262888537869E-002
 -3.769088189036740E-002
 -4.465082712877155E-003
 -1.466556339942926E-002
 -4.492444366508863E-002
 -4.946600727350337E-002
 -3.768704818705881E-002
 -3.175555563460275E-002
  2.761614851479255E-002
 -0.102909753590978     
  3.066640814370158E-002
 -4.937069703341024E-002
 -4.108839938187447E-002
 -5.196323667498426E-002
 -3.753115267920304E-002
 -3.248739873061179E-002
 -4.285325600651468E-002
 -3.895479094716503E-002
 -3.828598327131072E-002
 -3.683349060312757E-002
  3.768989308532356E-002
  3.889336459762982E-002
  3.800838989126309E-002
  3.897223091376145E-002
  3.942985105089658E-002
  3.767602464245823E-002
  3.888163300094860E-002
  3.801285830221268E-002
  4.355951219611487E-002
  3.977850713258524E-002
  4.282371407865071E-002
  4.168052254956911E-002
  4.285559620342005E-002
  0.147341370059717     
  3.666840433821450E-002
  4.251005070665204E-002
  3.940431286591806E-002
  4.117060924266558E-002
  4.033906059522696E-002
  4.046222650449915E-002
  4.050976657321126E-002
  4.019811831293385E-002
  3.858213194445381E-002
  4.808583021505086E-002
  4.054509838122267E-002
  4.020821895446380E-002
  3.859677951569540E-002
  4.809418334086757E-002
  4.351668692561805E-002
  3.978370562989231E-002
  4.282185905422375E-002
  4.168581719142994E-002
  4.285843131575151E-002
  0.147342963357923     
  3.667119847673450E-002
  4.251028605856688E-002
  3.940728162350315E-002
  4.117315253739351E-002
  4.034734444431098E-002
  4.050078478965768E-002
  3.896559855002035E-002
  3.944883291261791E-002
