           2           1  0.972625848964711     
           3           2   1.39638787169817     
           4           3   1.42852459933458     
           5           4   1.42670756765139     
           6           5   1.39784146198119     
           7           6  0.971554056893467     
           8           2   1.35225430770214     
           8           6   1.34800762249022     
           9           8  0.955412057061693     
          10           9   1.05241802970233     
          11          10   1.37870589747795     
          12          11   1.37856482860253     
          13          12   1.26426879170862     
          14          13   1.39150110612096     
          15          10   1.26417804200820     
          15          14   1.39167801964743     
          16          15  0.979751874991811     
          17          16  0.980702898799839     
          18          17   1.36002730396468     
          19          18   1.46515108814021     
          20          19   1.38279778671130     
          21          20   1.47457881311274     
          22          17   1.30725667614903     
          22          21   1.33550634717805     
          23          22   1.05907914766972     
          24          23  0.935214127329854     
          25          24   1.39754275127097     
          26          25   1.43096701948465     
          27          26   1.43197385239469     
          28          27   1.42895315828029     
          29          24   1.39141103713527     
          29          28   1.43399682556759     
          30          23   1.06597288692508     
          31          30   1.36691426847158     
          32          31   1.37827752180953     
          33          32   1.00211383375271     
          34          33  0.996922769919796     
          35          34   1.37081750541543     
          36          35   1.44397729157142     
          37          36   1.42391878143951     
          38          37   1.42433394777086     
          39          34   1.37154712581606     
          39          38   1.44350547060464     
          40          33  0.994173064623970     
          41          40   1.37153210064354     
          42          41   1.44398572133611     
          43          42   1.42373917567490     
          44          43   1.42512443754061     
          45          40   1.37296987706252     
          45          44   1.44243876939360     
          46          32   1.36003644627755     
          47           9   1.04727772486855     
          47          46   1.38477956370906     
          48          16   1.04855277859606     
          48          30   1.27987767327706     
          48          47   1.27993765526813     
          49          13  0.979759536312870     
          50          49  0.980669607580202     
          51          50   1.36000144430756     
          52          51   1.46517896497902     
          53          52   1.38277220336558     
          54          53   1.47461507556373     
          55          50   1.30726150923135     
          55          54   1.33546041815181     
          56          55   1.05912603427840     
          57          56  0.935190134725772     
          58          57   1.39751460671407     
          59          58   1.43098817778124     
          60          59   1.43195351846886     
          61          60   1.42897166758591     
          62          57   1.39142810288324     
          62          61   1.43397557190279     
          63          56   1.06602759307020     
          64          63   1.36687280746196     
          65          64   1.37825149878306     
          66          65   1.00233940268919     
          67          66  0.996818444897564     
          68          67   1.37079876038596     
          69          68   1.44399553062970     
          70          69   1.42389329345953     
          71          70   1.42436628127109     
          72          67   1.37162071468644     
          72          71   1.44346241418831     
          73          66  0.994147773139609     
          74          73   1.37298298028454     
          75          74   1.44243315202943     
          76          75   1.42512774203787     
          77          76   1.42374550543402     
          78          73   1.37154382060111     
          78          77   1.44396798848273     
          79          65   1.35990302748185     
          80          79   1.38483504249571     
          81          49   1.04866626161331     
          81          63   1.27984355875205     
          81          80   1.27984973484666     
          82          12   1.05246119469503     
          82          80   1.04729680636985     
          83          82  0.955553229489179     
          84          83   1.35207947545069     
          85          84  0.972601778781677     
          86          84   1.39647220752560     
          87          86   1.42845275966778     
          88          87   1.42672863434446     
          89          83   1.34800964202272     
          89          88   1.39784836374809     
          90          89  0.971547761549742     
          91           3  0.941949676261684     
          92           4  0.939169010444323     
          93           5  0.941888076764316     
          94          11  0.929814782591268     
          95          14  0.928182469715907     
          96          18  0.938895816891797     
          97          19  0.943590857340069     
          98          20  0.943467217161668     
          99          21  0.939786692272490     
         100          25  0.947428005329972     
         101          26  0.945151416575329     
         102          27  0.946084379383386     
         103          28  0.945062280545622     
         104          29  0.947383148144415     
         105          31  0.937123403040580     
         106          35  0.945817922159344     
         107          36  0.945185332567124     
         108          37  0.946650011978280     
         109          38  0.945308088289462     
         110          39  0.946353898652016     
         111          41  0.946107008929110     
         112          42  0.945240165097672     
         113          43  0.946587284034744     
         114          44  0.945298537615189     
         115          45  0.946370222804839     
         116          46  0.938264402855557     
         117          51  0.938809774005267     
         118          52  0.943589518313817     
         119          53  0.943463919693164     
         120          54  0.939780485865857     
         121          58  0.947425703739846     
         122          59  0.945152363475117     
         123          60  0.946084832642596     
         124          61  0.945062030877507     
         125          62  0.947382538040124     
         126          64  0.937088689228702     
         127          68  0.945803526945539     
         128          69  0.945180128962804     
         129          70  0.946648996240816     
         130          71  0.945308646163923     
         131          72  0.946355843658701     
         132          74  0.946366145310776     
         133          75  0.945297789830360     
         134          76  0.946585542698092     
         135          77  0.945240696393496     
         136          78  0.946107230785698     
         137          79  0.938214057913992     
         138          86  0.941947973021675     
         139          87  0.939170335728186     
         140          88  0.941887412854568     
