 -0.261970579006139     
  0.134153907733345     
 -3.162404524464790E-002
 -4.254282427065625E-002
 -5.206836219668620E-002
  6.085075980483667E-002
 -0.130495385715595     
  4.993705573330320E-002
 -3.090606351467784E-002
 -2.833015271261718E-002
 -3.437312286820049E-002
 -2.950207568125407E-002
 -0.100132521695856     
  0.296935575827972     
 -9.399004967835989E-002
 -3.347198633065585E-002
 -3.371643735197605E-002
 -3.093113609820719E-002
 -3.263127269726329E-002
 -3.164043897592617E-002
 -9.307736941278044E-002
 -3.233027460202464E-002
 -2.898510896745066E-002
 -2.996790489535339E-002
 -3.669389006169155E-002
 -3.675002308611131E-002
 -0.103177506401118     
 -3.086745228517174E-002
 -3.634102074795820E-002
 -2.998949381001470E-002
 -3.325411690757107E-002
  4.907888595209542E-002
 -5.024700262741622E-002
 -2.867406573642572E-002
 -3.081980806797358E-002
 -2.809484010183994E-002
 -4.922844941136262E-002
  6.147002909280985E-002
 -0.129790960634006     
  4.948225419242513E-002
 -3.146788085250396E-002
 -2.917483171631208E-002
 -3.540606031996241E-002
 -3.048984824679746E-002
 -0.101986542478773     
  0.296953518126494     
 -9.403710270403653E-002
 -3.316113720067193E-002
 -3.346104989823662E-002
 -3.077442227089922E-002
 -3.264192732552651E-002
 -3.182134284828741E-002
 -9.257748228211682E-002
 -3.281007769079913E-002
 -3.144809386122027E-002
 -3.238717059722518E-002
 -3.557633280340955E-002
 -3.507441342233797E-002
 -0.101507383020428     
 -3.008929185105114E-002
 -3.501022560771183E-002
 -2.823923702310527E-002
 -3.077472494010625E-002
  4.969185524504427E-002
 -5.306999282986347E-002
 -3.959667838819492E-002
  4.903288099534253E-002
  3.919136901840148E-002
  4.149740747866870E-002
  4.481712203931765E-002
  4.201853841876069E-002
  4.454587852116187E-002
  3.856784867283192E-002
  3.903865940825690E-002
  3.930216620179183E-002
  3.942336507318756E-002
  3.984926993242111E-002
  3.853415269250582E-002
  4.195327816122163E-002
  4.014258051093267E-002
  3.813630780675881E-002
  3.643794336925565E-002
  4.426103796228142E-002
  4.149829995832455E-002
  4.416575160675795E-002
  4.005042100443390E-002
  4.030803320720600E-002
  4.831026344186695E-002
  4.836952649334436E-002
  4.015434612773305E-002
  4.141288880788452E-002
  4.461830687141721E-002
  4.173223728081932E-002
  4.428362559933463E-002
  3.866370026690757E-002
  3.916402753070580E-002
  3.937673692178556E-002
  3.938706449605034E-002
  3.959768624415261E-002
  3.803161310038528E-002
  3.947980721889521E-002
  4.211013662715946E-002
  3.822751752240938E-002
  3.693082099648726E-002
  4.433421358734757E-002
  4.190365944696528E-002
  4.493840586917663E-002
  4.133173239761923E-002
  3.921394673701240E-002
  4.630057464084603E-002
