           2           1  0.953477191612242     
           3           2  0.952717811098382     
           4           2  0.947032378072125     
           5           4   1.40194267099913     
           6           5   1.43162762467291     
           7           6   1.41485893645065     
           8           7   1.45197988391533     
           9           4   1.33161359331025     
           9           8   1.35463436575296     
          10           9   1.03194085435255     
          11          10  0.950084017450241     
          12          11   1.38341157284987     
          13          12   1.44792449274089     
          14          13   1.36531421105980     
          15          14   1.01174248169081     
          16          15   1.37087916813746     
          17          16   1.36632852235596     
          18          17   1.02163807941239     
          19          18   1.36256400786858     
          20          19   1.44754409055992     
          21          20   1.42230349936016     
          22          21   1.42377941460489     
          23          18   1.36583691817330     
          23          22   1.44598139630271     
          24          17   1.34215242511837     
          25          24   1.36186380375220     
          26          25   1.03940921152691     
          27          26   1.35948937968797     
          28          27   1.44950597073498     
          29          28   1.42142615472646     
          30          29   1.42144031147693     
          31          26   1.35939197259955     
          31          30   1.44956091135831     
          32          15   1.34795131880859     
          32          25   1.35400313912422     
          33          14   1.36514115134501     
          34          11   1.37946302002104     
          34          33   1.44994686411005     
          35          10   1.03109662781672     
          36          35   1.37484369465495     
          37          36   1.39071182024775     
          38          37   1.25350958213756     
          39          38   1.35196822847079     
          40           2  0.945017737227776     
          40          35   1.29710494557413     
          40          39   1.43227204387740     
          41          38   1.08770121188434     
          42          41   1.35635118038088     
          43          42   1.45523587335869     
          44          43   1.39891151686253     
          45          44   1.44492855016428     
          46          41   1.25937285266184     
          46          45   1.37641544775005     
          47          37   1.05377898978165     
          47          46   1.05250794272491     
          48          47  0.974483396777764     
          49          48   1.38393477829978     
          50          49   1.43739501959174     
          51          50   1.42762270952052     
          52          51   1.42816239242521     
          53          48   1.38556422886795     
          53          52   1.43669766145063     
          54           1  0.977472735302048     
          55           1  0.975740155080120     
          56           1  0.975518465385060     
          57           3  0.975708082732633     
          58           3  0.977434887717827     
          59           3  0.975675839660976     
          60           5  0.942328402722432     
          61           6  0.944740253609884     
          62           7  0.943801218734758     
          63           8  0.941456751010198     
          64          12  0.945228832329284     
          65          13  0.943348266114801     
          66          16  0.943515611039743     
          67          19  0.946211303815942     
          68          20  0.946437749320475     
          69          21  0.947372816595079     
          70          22  0.946544011329802     
          71          23  0.946524050386592     
          72          27  0.945945578427026     
          73          28  0.946613226557554     
          74          29  0.947346503573178     
          75          30  0.946606608425295     
          76          31  0.946016158831308     
          77          33  0.943731889141471     
          78          34  0.945297943599819     
          79          36  0.934461033370067     
          80          39  0.938469523269932     
          81          42  0.944786147750854     
          82          43  0.945048388354203     
          83          44  0.944856442380140     
          84          45  0.943994254544536     
          85          49  0.946257643975240     
          86          50  0.945048312276526     
          87          51  0.946213198938128     
          88          52  0.945278461305436     
          89          53  0.946647561236533     
