           2           1   2.78908994788741     
           3           2   1.07096440460573     
           4           3   1.63903492720860     
           5           4   1.11121290181759     
           6           5   1.32320993573418     
           7           6   1.48339263985844     
           8           7   1.32971331991707     
           9           8   1.07826702653889     
          10           9   1.48802064251701     
          11          10   1.21567256406624     
          12          11   1.02773039837098     
          13          12   1.36353019511468     
          14          13   1.44633173442901     
          15          14   1.42232257228690     
          16          15   1.42382147590867     
          17          12   1.36375626178532     
          17          16   1.44521379131876     
          18          11   1.45549199888474     
          19          18   1.03460953944620     
          20          19   1.35502839584516     
          21          20   1.44943083259693     
          22          21   1.41923528193236     
          23          22   1.42537670954899     
          24          19   1.36020416954072     
          24          23   1.44349866251249     
          25           9   1.16195735752134     
          25          18   1.13557872305405     
          26           8   1.32053175973807     
          27           5   1.31543666859656     
          27          26   1.49199482749605     
          28           3  0.993527218511174     
          29          28   1.36584246013817     
          30          29   1.44548027129705     
          31          30   1.42375791672176     
          32          31   1.42362852001462     
          33          28   1.36572032611406     
          33          32   1.44443267959043     
          34           4  0.939207560625088     
          35           6  0.936938998780635     
          36           7  0.944488016889802     
          37          13  0.945905149053551     
          38          14  0.946495268421391     
          39          15  0.947474374088100     
          40          16  0.946379434498987     
          41          17  0.947128896073703     
          42          20  0.945811208227279     
          43          21  0.945783340435739     
          44          22  0.947271825670855     
          45          23  0.946063218084419     
          46          24  0.947386074793255     
          47          25  0.944111061084240     
          48          26  0.943812251119621     
          49          27  0.944156531660979     
          50          29  0.945385698889956     
          51          30  0.946164171472055     
          52          31  0.947359593740467     
          53          32  0.946201990417335     
          54          33  0.946518331711549     
