           2           1   1.06282210391299     
           3           2   1.36589420888642     
           4           3   1.44898077312958     
           5           4   1.35917133832063     
           6           5   1.00748655136928     
           7           6   1.36048239668000     
           8           7   1.46001020919475     
           9           8   1.35769457578080     
          10           9   1.00138624943104     
          11          10   1.68116091281261     
          12          11  0.999063399858819     
          13          12   1.36676134040251     
          14          13   1.44491588268077     
          15          14   1.42304293489290     
          16          15   1.42545804561665     
          17          12   1.36971574642329     
          17          16   1.44297470251870     
          18          11  0.998902907915152     
          19          18   1.36637949232864     
          20          19   1.44527616312679     
          21          20   1.42266541146668     
          22          21   1.42584109165599     
          23          18   1.37003819048446     
          23          22   1.44252916554098     
          24          10  0.998624948955019     
          25          24   1.36696374232912     
          26          25   1.44483145275011     
          27          26   1.42306778358724     
          28          27   1.42551220448164     
          29          24   1.36983108498329     
          29          28   1.44290973533351     
          30           9   1.36265988342646     
          31           6   1.36489247204936     
          31          30   1.45567346149429     
          32           5   1.37393709761693     
          33           2   1.29828942202183     
          33          32   1.39058499902517     
          34          33   1.01503157329550     
          35          34   1.55518086249218     
          36          35   1.17562222267791     
          37          36   1.03291715963328     
          38          37   1.35988335560749     
          39          38   1.44750084391667     
          40          39   1.42216802616497     
          41          40   1.42278489649626     
          42          37   1.36272779450490     
          42          41   1.44635936799981     
          43          36   1.50346194927460     
          44          43   1.01333792788638     
          45          44   1.36734623629139     
          46          45   1.44069163363840     
          47          46   1.42651750373104     
          48          47   1.42230575577714     
          49          44   1.36301060093443     
          49          48   1.44472150960679     
          50          34   1.13306659423235     
          50          43   1.08937865724382     
          51          50  0.961778388671975     
          52          51   1.38808790993813     
          53          52   1.43542692113140     
          54          53   1.42941973644054     
          55          54   1.42742266661343     
          56          51   1.38605265912341     
          56          55   1.43717895933332     
          57           1  0.958523676124201     
          58           3  0.942338802022528     
          59           4  0.943348538308326     
          60           7  0.944368967287703     
          61           8  0.943765915830949     
          62          13  0.945708738902335     
          63          14  0.946227189200695     
          64          15  0.947534582835978     
          65          16  0.946436355037067     
          66          17  0.946774382970636     
          67          19  0.945663336485440     
          68          20  0.946192007668781     
          69          21  0.947459444628713     
          70          22  0.946425207464885     
          71          23  0.946794724009943     
          72          25  0.945654143243230     
          73          26  0.946225423137755     
          74          27  0.947526845221731     
          75          28  0.946442371194505     
          76          29  0.946737891328884     
          77          30  0.944915590404018     
          78          31  0.945004438613444     
          79          32  0.943263531970366     
          80          38  0.946815853460447     
          81          39  0.946369111285794     
          82          40  0.947495744250475     
          83          41  0.946523014298196     
          84          42  0.944746295877200     
          85          45  0.946069540817305     
          86          46  0.945912191965411     
          87          47  0.947207457724778     
          88          48  0.945707943357807     
          89          49  0.946478543487292     
          90          52  0.946108614326910     
          91          53  0.945127236600865     
          92          54  0.946171144585701     
          93          55  0.945042071462748     
          94          56  0.945790660458276     
