 -0.383876490295772     
  0.360805327187931     
 -4.792540395654310E-002
 -2.595922008390694E-002
 -2.589892497628110E-002
 -3.071387743449794E-002
 -2.979313461900279E-002
 -3.969980089464453E-002
 -4.485871366729466E-002
 -3.073864608410926E-002
 -2.611283339650239E-002
 -3.083522287143659E-002
 -2.773857782176581E-002
 -3.406811224938355E-002
 -5.798282706773428E-002
 -3.126022265561001E-002
 -3.359162066541987E-002
 -3.048103608543595E-002
 -1.792617883775094E-002
  6.144807739078395E-002
 -0.106740102182621     
  6.528483297761278E-002
 -3.426827712229308E-002
 -4.077808384687920E-002
 -6.357016165120299E-003
 -3.563574800629965E-003
 -3.884030699933838E-002
 -4.097319006878131E-002
 -1.728128695033249E-004
  1.488881264197728E-002
  4.409534139293569E-005
 -3.936148818820406E-002
 -3.762252761371698E-002
 -4.323685744124894E-003
 -4.907060766782045E-003
 -3.477588847964430E-002
 -3.462742986451772E-002
  5.995441929728917E-002
 -9.347800306195087E-002
  3.535917829489366E-002
 -4.467887661443282E-002
 -4.001346427240104E-002
 -4.884147539465378E-002
 -3.656105242521779E-002
 -2.862419985545905E-002
 -2.867970553805232E-002
 -3.657902909801347E-002
 -4.881900315953214E-002
 -3.989827195996920E-002
 -4.454467453784616E-002
  3.538972511891147E-002
 -3.474653986483034E-002
 -3.491205164078970E-002
 -3.842073701515591E-002
 -4.074008350620861E-002
 -1.445134613229104E-002
 -3.563361695720335E-002
 -3.521077276522089E-002
 -3.489581187991586E-002
 -3.512369903102286E-002
 -1.366271950995745E-002
 -1.378207297697287E-002
 -3.512569893923523E-002
 -3.480582524229092E-002
 -3.496616050543722E-002
 -3.556859410994040E-002
 -1.445051207639647E-002
 -3.929056456589031E-002
 -3.764550447599380E-002
 -3.757478747393961E-002
 -2.080180817222832E-002
  4.913259713465945E-002
  4.205756842728159E-002
  4.124009261015882E-002
  4.119516266778511E-002
  4.208000701200298E-002
  4.379942071134812E-002
  4.132643039999107E-002
  4.118641347326235E-002
  4.114706375010146E-002
  4.218140324397701E-002
  5.446730294713409E-002
  4.613528064218109E-002
  4.783137824109207E-002
  4.318999523528044E-002
  4.509104764634719E-002
  3.943785385545107E-002
  4.085124529615936E-002
  4.142751644153231E-002
  3.993520528849626E-002
  4.365893672302845E-002
  4.220304566932709E-002
  4.039798439340292E-002
  4.298426402780475E-002
  4.000329787868062E-002
  4.203683173613437E-002
  4.201643083979012E-002
  4.000727832934148E-002
  4.304591613810715E-002
  4.049873147179395E-002
  4.216160092882937E-002
  4.353330551082546E-002
  3.958507016697399E-002
  4.067512366636261E-002
  3.992397354466870E-002
  4.081497578392923E-002
  4.101429009293267E-002
  3.998099264047383E-002
  3.993934853201786E-002
  4.105294164582241E-002
  4.090155263841833E-002
  4.001331228692040E-002
  4.150893956442414E-002
  3.991549061638311E-002
  4.453786303223417E-002
