           2           1   1.72553794545942     
           3           2  0.813305666034716     
           4           3   1.41499299567856     
           5           4   1.42079635516101     
           6           5   1.43398724768139     
           7           6   1.42619246384415     
           8           3   1.40689634727127     
           8           7   1.42799441277895     
           9           2  0.806659232252756     
          10           9   1.41033263954147     
          11          10   1.42672352827642     
          12          11   1.42758588045602     
          13          12   1.43404372749406     
          14           9   1.41874933091246     
          14          13   1.41866018338643     
          15           2  0.809028891727185     
          16          15   1.42013796646168     
          17          16   1.39994743634425     
          18          17   1.45130201937358     
          19          18   1.35916183988969     
          20          15   1.36932013109884     
          20          19   1.26159666705050     
          21          20   1.04391580591547     
          22          21   1.04000203565864     
          23          22   1.38322104773298     
          24          23   1.45387933978788     
          25          24   1.34737261365275     
          26          25   1.00202657675469     
          27          26   1.36821271585734     
          28          27   1.44809027843630     
          29          28   1.38425050937708     
          30          29  0.924437145471122     
          31          30  0.924331394111387     
          32          31   1.39171020919211     
          33          32   1.44377657681359     
          34          33   1.37161277720953     
          35          34   1.00498392458316     
          36          35   1.36795041738462     
          37          36   1.45023922670366     
          38          37   1.37750762864511     
          39          38  0.976853061183828     
          40          39   1.05678190257169     
          41          40   1.36908804228478     
          42          41   1.45229830366660     
          43          42   1.39392004387473     
          44          43   1.46053349498968     
          45          40   1.26425878757331     
          45          44   1.35353666926764     
          46          45   1.08835585379619     
          47          46   1.35351844610677     
          48          47   1.46055515750718     
          49          48   1.39389634453452     
          50          49   1.45233133542911     
          51          39   1.05678619180346     
          51          46   1.26429111574571     
          51          50   1.36905945008131     
          52          38   1.37749285031408     
          53          35   1.36782888928665     
          53          52   1.45025900017964     
          54          34   1.36725040344399     
          55          31   1.38385115878295     
          55          54   1.44883949376559     
          56          30  0.926032997056380     
          57          56   1.42941230919250     
          58          57   1.41129019846895     
          59          58   1.43147755921187     
          60          59   1.43175470439530     
          61          56   1.30838974723502     
          61          60   1.37938866587562     
          62          61   1.03714184798996     
          63          62   1.37947205129630     
          64          63   1.43166888397654     
          65          64   1.43157020376280     
          66          65   1.41120239532885     
          67          30  0.925934003990142     
          67          62   1.30830303154074     
          67          66   1.42955761885660     
          68          29   1.39167026658619     
          69          26   1.37213855590295     
          69          68   1.44357377064788     
          70          25   1.39365047750375     
          71          19   1.07145835452876     
          71          22   1.26908668290387     
          71          70   1.36953159284505     
          72           4  0.945350210128955     
          73           5  0.943913607862176     
          74           6  0.944301433562534     
          75           7  0.943734839765549     
          76           8  0.944460599980441     
          77          10  0.945632210806170     
          78          11  0.943900427343723     
          79          12  0.944087065612004     
          80          13  0.943754852384716     
          81          14  0.944532470818263     
          82          16  0.942995218483158     
          83          17  0.940735751934016     
          84          18  0.941077289028735     
          85          23  0.944303162314450     
          86          24  0.944129498276209     
          87          27  0.944550984408874     
          88          28  0.943351455385486     
          89          32  0.943092401726703     
          90          33  0.944642518059968     
          91          36  0.943791333577701     
          92          37  0.944775908676938     
          93          41  0.943686138484465     
          94          42  0.944790248371786     
          95          43  0.945102008142309     
          96          44  0.944711187917246     
          97          47  0.944713688812370     
          98          48  0.945103633154919     
          99          49  0.944782574704480     
         100          50  0.943699575266790     
         101          52  0.944757210379029     
         102          53  0.943769547461393     
         103          54  0.944599701040898     
         104          55  0.943444317359811     
         105          57  0.945167733078412     
         106          58  0.945610953134896     
         107          59  0.945338854633109     
         108          60  0.945413974556603     
         109          63  0.945418097666406     
         110          64  0.945329247628351     
         111          65  0.945594280281230     
         112          66  0.945110849035545     
         113          68  0.943148500557502     
         114          69  0.944630652193036     
         115          70  0.943555604361686     
