 -8.426887376059167E-002
 -8.668773549549869E-003
 -4.815903412910938E-002
 -4.810627056009409E-002
  4.813475413466861E-002
 -0.126077511731936     
  4.843947936479864E-002
 -4.795617852703771E-002
 -4.842515209139364E-002
 -8.954710174626790E-003
 -8.432943952467031E-002
 -4.946676392785143E-002
 -4.735833514914489E-002
  4.305948333277199E-002
 -1.133026336349374E-003
 -3.786369035986326E-002
 -3.577104496269090E-002
 -3.447642928537764E-002
 -4.011756721579030E-002
 -1.879519434324628E-003
 -2.044974130931720E-002
  6.974731135394485E-003
 -2.944472977548962E-002
 -2.982435244697257E-002
 -5.015323237044100E-002
  0.357038947708864     
 -0.385709134202401     
 -4.687363913994869E-002
 -3.960840930755438E-002
 -2.901958172060670E-002
 -2.964368056708633E-002
 -2.499931703725444E-002
 -2.458386083747666E-002
 -5.547354379996694E-002
 -2.204671085632537E-002
 -2.795429785621995E-002
  6.468452566181204E-002
 -9.483764669827366E-002
  3.554295700433352E-002
 -4.395406369465871E-002
 -3.905046993036621E-002
 -4.799588729014825E-002
 -3.620523251847807E-002
 -2.807203846196771E-002
 -2.779714182010018E-002
 -3.606470136375339E-002
 -4.805566749269374E-002
 -3.953135885168901E-002
 -4.464625773013697E-002
  3.519212818566420E-002
 -3.242794953678718E-002
 -3.612595948798791E-002
 -3.709081309778828E-002
 -3.195548922509861E-002
 -2.823870565873854E-003
 -4.165208797729836E-002
 -3.578223614459297E-002
 -3.659772621510005E-002
 -3.717150070811837E-002
 -1.457716178448365E-003
 -4.722465818205457E-002
 -4.923547672762041E-002
  4.141374295328804E-002
  3.937819408428012E-002
  4.062278021989907E-002
  3.830968318940153E-002
  3.938869126789002E-002
  3.927677217404946E-002
  3.752516701703668E-002
  3.916179184821533E-002
  4.159638130880428E-002
  4.059299064183597E-002
  3.799480535940591E-002
  4.032127733134050E-002
  4.458278436426100E-002
  4.057940706949059E-002
  4.112095992376763E-002
  4.282551097867227E-002
  4.245960194515486E-002
  4.828022032987567E-002
  4.073673530574551E-002
  4.181804185626714E-002
  4.198447131123728E-002
  4.287859129308003E-002
  4.936253477733532E-002
  5.431694946208865E-002
  4.513377973143273E-002
  4.076543537968402E-002
  4.347023029932484E-002
  4.025220196008517E-002
  4.218369851346970E-002
  4.232452027703759E-002
  4.027984076991853E-002
  4.323516840031838E-002
  4.037275525942929E-002
  4.405583944385849E-002
  4.624685641741999E-002
  4.376580639602412E-002
  4.227540766761162E-002
  4.115516372440042E-002
  4.028565398639850E-002
  4.057049013743519E-002
  4.491999305819427E-002
  4.012902946986485E-002
  3.753553841375012E-002
