           2           1  0.991841610563628     
           3           2   1.39573169497126     
           4           3   1.44089947333617     
           5           4   1.37102927935965     
           6           5   1.00261864263619     
           7           6   1.00291289830247     
           8           7   1.36358048430110     
           9           8   1.45085550069812     
          10           9   1.38658039757893     
          11          10  0.991819983060286     
          12          10   1.39272947947266     
          13           7   1.36524646590539     
          13          12   1.44331896702583     
          14           6  0.976486309108357     
          15          14   1.30215808792987     
          16          15   1.22191029929132     
          17          16   1.59137161630159     
          18          17   1.26826401244611     
          19          18   1.59442847928135     
          20          15   1.17477348701209     
          20          19   1.21628328603897     
          21          20   1.30929593356073     
          22          21  0.968246941293539     
          23          22   1.37669056659956     
          24          23   1.43461381163979     
          25          24   1.40379159817842     
          26          25  0.807068036953946     
          27          26   1.71391097259733     
          28          26  0.812693222611503     
          29          28   1.40814420129524     
          30          29   1.42654602605254     
          31          30   1.42733835336268     
          32          31   1.43296736856036     
          33          28   1.41422099431287     
          33          32   1.42165642397971     
          34          26  0.811347106721038     
          35          34   1.40755492700606     
          36          35   1.43313821254261     
          37          36   1.38092016698801     
          38          37  0.979158925205331     
          39          38   1.05356937044235     
          40          39   1.37022597581266     
          41          40   1.45120908981167     
          42          41   1.39482598797636     
          43          42   1.46003491757398     
          44          39   1.26576795666458     
          44          43   1.35373412127560     
          45          44   1.08695817060388     
          46          45   1.35372288461020     
          47          46   1.46000265554261     
          48          47   1.39485935673369     
          49          48   1.45111966861008     
          50          38   1.05344135092698     
          50          45   1.26576262425264     
          50          49   1.37023694125232     
          51          37   1.37874166162309     
          52          34   1.40441821737228     
          52          51   1.43436469638827     
          53          25   1.41408170056452     
          54          22   1.38453114199941     
          54          53   1.42450998980254     
          55          21   1.30889145674213     
          56          55   1.21649006079654     
          57          56   1.59430591615734     
          58          57   1.26832672410243     
          59          58   1.59139782818735     
          60          14   1.30215149683538     
          60          55   1.17498268549535     
          60          59   1.22179300396055     
          61           5   1.35801659560706     
          62           2   1.38358914063839     
          62          61   1.45326352816309     
          63           1  0.970834768813806     
          64           1  0.979146657121770     
          65           1  0.974825219214865     
          66           3  0.944221068946621     
          67           4  0.944391301358072     
          68           8  0.944329165256319     
          69           9  0.945092039743484     
          70          11  0.979065931178633     
          71          11  0.970612294626430     
          72          11  0.975139185079700     
          73          12  0.944103164132580     
          74          13  0.944155905564986     
          75          16  0.940107905422546     
          76          17  0.945483899929215     
          77          18  0.945214748115330     
          78          19  0.940671744332776     
          79          23  0.942770599004323     
          80          24  0.943925832942675     
          81          29  0.945330656886662     
          82          30  0.943690058712092     
          83          31  0.944128081676853     
          84          32  0.943742744140373     
          85          33  0.945419410107863     
          86          35  0.942596976338920     
          87          36  0.942292380268589     
          88          40  0.943687740019815     
          89          41  0.944715546829065     
          90          42  0.945031859474091     
          91          43  0.944735181492487     
          92          46  0.944721383361823     
          93          47  0.945024068242793     
          94          48  0.944741371836270     
          95          49  0.943654262709835     
          96          51  0.942077513318850     
          97          52  0.942141893589582     
          98          53  0.942389698758638     
          99          54  0.942479095690873     
         100          56  0.940827894027469     
         101          57  0.945316121931015     
         102          58  0.945480625565391     
         103          59  0.940029324295869     
         104          61  0.944100435165414     
         105          62  0.944927379986644     
