 -6.027303546667007E-002
  5.075330679467438E-002
  0.100675501965056     
 -0.223913057191740     
  0.118371096855453     
 -7.888395217522337E-002
  4.076748896645821E-002
 -3.606179211857619E-002
 -4.403070567041034E-002
 -2.396573566529625E-002
  2.719058067769398E-002
 -0.101041169150668     
 -0.102035275537161     
 -0.102439742809485     
 -5.288950231297918E-002
 -2.626498717168779E-002
 -2.667714327846227E-002
 -1.122816009335992E-002
  2.852396041644623E-002
 -0.105010038877340     
 -0.102702882938396     
 -0.105779240767809     
 -5.907921694010110E-002
 -3.800254608686782E-002
 -4.629996475956943E-002
  3.813322843594857E-002
 -7.054583861783925E-003
 -8.701090574947568E-002
  0.113636141030627     
 -8.309113249397448E-002
  3.917468352693287E-002
 -3.950859456442313E-002
 -4.563811574654686E-002
 -2.469962758412780E-002
  2.711174159211449E-002
 -0.100737952679766     
 -0.102243866288941     
 -0.102277071469464     
 -5.251600614979246E-002
 -2.639117932402257E-002
 -2.778672741236843E-002
 -1.129259515146774E-002
  2.848266792918075E-002
 -0.102545143238678     
 -0.105246749410118     
 -0.105634318119098     
 -5.933349058052517E-002
 -3.758223833016583E-002
 -4.655842871869886E-002
  3.759685907543409E-002
 -0.237691267330632     
  5.336144526693343E-002
  5.068104822359853E-002
  5.549919512706647E-002
  4.661669849222971E-002
  4.520203505286291E-002
  3.580527337612105E-002
  3.530146167738568E-002
  3.294524964578682E-002
  3.579590479649220E-002
  3.093313679138299E-002
  3.381931866451227E-002
  3.108820177931670E-002
  3.558159009128625E-002
  3.316197167698598E-002
  5.369442922764112E-002
  4.262154683434172E-002
  3.096809725337524E-002
  3.406192100739636E-002
  3.303629655798390E-002
  3.483291148003154E-002
  3.561061224322593E-002
  4.212166657369010E-002
  3.124156857279325E-002
  3.346776961929476E-002
  4.375376743127279E-002
  4.595209295385760E-002
  4.473186529204387E-002
  4.602375148488591E-002
  4.706695939592032E-002
  4.569202821401686E-002
  4.509451582823909E-002
  4.488512740648332E-002
  3.569341321109254E-002
  3.560181801063900E-002
  3.306805750510722E-002
  3.130631327874889E-002
  3.525986568427097E-002
  3.358121632981181E-002
  3.125693285304154E-002
  3.529855552650896E-002
  3.343090654508818E-002
  5.389061449395538E-002
  3.504087261680000E-002
  3.300713087091511E-002
  3.554493010373327E-002
  4.228907936540760E-002
  3.404844964084830E-002
  3.096090971583731E-002
  3.365097262713224E-002
  3.120588635491706E-002
  4.193668941182549E-002
  4.371586777419390E-002
  4.599585797109718E-002
  4.456708802033027E-002
