           2           1   2.81651291287810     
           3           2   1.06051747406177     
           4           3   1.29731333831380     
           5           4  0.991482811956590     
           6           5   1.04663601636211     
           7           6   1.36822259595285     
           8           7   1.45920479825397     
           9           8   1.34197109133338     
          10           9   1.00223379785701     
          11          10   1.37317345261682     
          12          11   1.44256967443113     
          13          12   1.42569320025728     
          14          13   1.42580735291073     
          15          10   1.37343584417116     
          15          14   1.44237235952471     
          16           9   1.39613097303512     
          17           6   1.26246412704876     
          17          16   1.36846834712848     
          18          17   1.07904520716549     
          19          18   1.36699049562034     
          20          19   1.39776512622471     
          21          20   1.00187706740911     
          22          21   1.37327362143125     
          23          22   1.44248605382419     
          24          23   1.42569828088365     
          25          24   1.42586921296562     
          26          21   1.37364014296608     
          26          25   1.44229120757103     
          27          20   1.34090952431852     
          28          27   1.46049013685342     
          29           5   1.04534143746135     
          29          18   1.26418793969732     
          29          28   1.36679770592047     
          30           4   1.39244730919534     
          31          30   1.42625781064766     
          32          31   1.42586633913041     
          33           3   1.29698840723736     
          33          32   1.39292947240670     
          34          33  0.991267615929759     
          35          34   1.04536281099274     
          36          35   1.36673091880934     
          37          36   1.46055050766862     
          38          37   1.34087319003875     
          39          38   1.00187669180829     
          40          39   1.37363692939496     
          41          40   1.44228660038964     
          42          41   1.42587104464984     
          43          42   1.42569398972627     
          44          39   1.37327492347817     
          44          43   1.44248985177605     
          45          38   1.39779189052994     
          46          35   1.26419438546009     
          46          45   1.36698931439282     
          47          46   1.07902380686076     
          48          47   1.36828111132199     
          49          48   1.39637037399631     
          50          49   1.00223148237782     
          51          50   1.37343544862937     
          52          51   1.44228350068040     
          53          52   1.42587517435298     
          54          53   1.42560740293754     
          55          50   1.37311520958339     
          55          54   1.44267182717153     
          56          49   1.34175131438048     
          57          56   1.45955984475130     
          58          34   1.04685192389899     
          58          47   1.26262275835206     
          58          57   1.36792030749113     
          59           7  0.942075898367829     
          60           8  0.943112194026393     
          61          11  0.946953087581748     
          62          12  0.946622650487954     
          63          13  0.947556752272903     
          64          14  0.946594274782143     
          65          15  0.946925265336133     
          66          16  0.943238290407579     
          67          19  0.943287912865154     
          68          22  0.946826400717011     
          69          23  0.946603712130053     
          70          24  0.947587546479891     
          71          25  0.946665949136185     
          72          26  0.947018407023924     
          73          27  0.943095044847875     
          74          28  0.939788286731032     
          75          30  0.942168530150515     
          76          31  0.940240972050280     
          77          32  0.942186192527860     
          78          36  0.939813600077917     
          79          37  0.943093165102862     
          80          40  0.947003436872616     
          81          41  0.946662574423503     
          82          42  0.947589102861643     
          83          43  0.946604041516646     
          84          44  0.946829567521752     
          85          45  0.943292132368269     
          86          48  0.943170599797363     
          87          51  0.946994568214194     
          88          52  0.946622873471256     
          89          53  0.947557185913862     
          90          54  0.946589612089629     
          91          55  0.946880733547270     
          92          56  0.943184547188610     
          93          57  0.942092653194706     
