 -4.739992014405292E-002
 -4.378266980459955E-002
 -5.663462817231490E-002
  4.637707040057037E-002
  7.455924664978042E-002
 -4.519008664083124E-002
 -0.140141946737333     
  7.419191885111509E-002
 -4.540073066789496E-002
 -4.739477512527568E-002
 -4.324824075865674E-002
 -5.533593779662471E-002
  4.609264726036688E-002
 -0.127515212891047     
  6.178544756196436E-002
 -2.405735391250374E-002
 -2.075090237077237E-002
  4.964273895589510E-003
  2.996217906147347E-003
 -3.752594018411859E-002
  2.975913845669975E-003
 -3.765450110665114E-002
  6.178028692671189E-002
 -0.127379079512118     
  4.611460534155487E-002
 -5.534116260639532E-002
 -4.325961278894219E-002
 -4.736095032703869E-002
 -4.538136083068434E-002
  7.422658822056860E-002
 -0.140105126938867     
  7.456517516577144E-002
 -4.518763607451337E-002
 -4.737718623377329E-002
 -4.377188525303666E-002
 -5.661495564657315E-002
  4.636968960915899E-002
 -2.408283058438165E-002
 -2.076913899913357E-002
  4.926573055097805E-003
  5.152751691086754E-002
 -0.188266880765269     
  4.708958183704359E-002
 -2.388431198641694E-002
 -3.169203249472119E-003
  9.833085128307051E-003
  4.081212793672950E-002
 -0.172900330566752     
  8.319504328914507E-002
 -0.175299446133661     
  3.964188436224081E-002
 -3.182299383213127E-003
  9.899920204532897E-003
  4.084944383794342E-002
 -0.172889182675289     
  8.318326855243541E-002
 -0.175266478672309     
  3.967237562829373E-002
 -2.390514216210260E-002
  4.710646831161025E-002
 -0.188290456885934     
  5.155045028953831E-002
  4.313121318842938E-002
  4.357229105178706E-002
  4.262652073752660E-002
  4.143706399507885E-002
  4.133840755831741E-002
  4.312838605856018E-002
  4.405626191132472E-002
  4.300736781660586E-002
  4.659363331124400E-002
  5.522645999270348E-002
  4.812463449613191E-002
  4.814286705376136E-002
  4.303353733406967E-002
  4.403941147881940E-002
  4.313318547357003E-002
  4.134501985468997E-002
  4.143666411231028E-002
  4.313481518804119E-002
  4.358350871229244E-002
  4.264998605665193E-002
  4.660860419706025E-002
  5.523225914687546E-002
  4.689793801260245E-002
  5.501218442693911E-002
  6.652241845450046E-002
  5.401375377095818E-002
  5.497786913235092E-002
  6.652844744922448E-002
  5.402255230518738E-002
  4.687342133218775E-002
