           2           1   1.39311857293928     
           3           2   1.45317186197855     
           4           3   1.36802005628598     
           5           4   1.26302440825039     
           6           1   1.46101982023860     
           6           5   1.35315726168451     
           7           5   1.08939845759426     
           8           7   1.35317241116172     
           9           8   1.46100111921588     
          10           9   1.39309573856549     
          11          10   1.45322460776583     
          12           7   1.26301924524679     
          12          11   1.36796271859359     
          13           4   1.05934282822750     
          13          12   1.05954388624465     
          14          13  0.971030702962118     
          15          14   1.37553373286497     
          16          15   1.45511166595080     
          17          16   1.35553823251609     
          18          17   1.04728235310158     
          19          18   1.04698661472962     
          20          19   1.35580940922042     
          21          20   1.45488793149538     
          22          21   1.37569397831713     
          23          22  0.970998167650059     
          24          23   1.05935590830974     
          25          24   1.36805484208279     
          26          25   1.45313829902972     
          27          26   1.39314624926054     
          28          27   1.46099382873960     
          29          24   1.26298945577176     
          29          28   1.35318939765719     
          30          29   1.08939187883560     
          31          30   1.35315671794933     
          32          31   1.46101147515914     
          33          32   1.39308990159163     
          34          33   1.45323282497848     
          35          23   1.05951360734916     
          35          30   1.26305076987841     
          35          34   1.36795593414246     
          36          22   1.37904237533718     
          37          19   1.35665579737756     
          37          36   1.45068229009095     
          38          17   1.35659718437071     
          39          14   1.37910380345537     
          39          38   1.45060368565864     
          40           1  0.945139265011750     
          41           2  0.944814265311491     
          42           3  0.943792873062248     
          43           6  0.944710387959538     
          44           8  0.944712730930812     
          45           9  0.945149006481702     
          46          10  0.944831978758561     
          47          11  0.943853103776143     
          48          15  0.944080865677801     
          49          16  0.944434757718407     
          50          18  0.949158367966699     
          51          20  0.944417085876358     
          52          21  0.944081738635097     
          53          25  0.943809803576517     
          54          26  0.944815028362418     
          55          27  0.945139058446365     
          56          28  0.944708793037333     
          57          31  0.944713557108694     
          58          32  0.945149178949542     
          59          33  0.944831929105723     
          60          34  0.943852109650649     
          61          36  0.943919850500682     
          62          37  0.941866673531428     
          63          38  0.941820288671946     
          64          39  0.943911760235880     
