 -0.129801115174659     
  0.286719314045630     
 -0.142237315428647     
 -0.130919957575605     
  3.314925525418566E-002
 -2.205283273978953E-002
 -1.490352922066318E-002
 -2.174587764010649E-002
  7.884474453364954E-002
 -8.307646339970276E-002
  7.099660297099764E-002
  2.176268328953457E-002
 -3.820916485124304E-002
 -3.295636831686899E-002
  1.866623613034246E-003
 -1.073913442683150E-003
 -3.615179709444227E-002
 -3.760792759190767E-002
 -1.593947025824605E-003
  1.152566540341127E-004
 -3.280003219777328E-002
 -3.639963623211084E-002
  2.522144890025979E-002
  7.800290245264163E-002
 -0.223648767741227     
  7.745527301761257E-006
 -2.676550097358543E-002
 -5.019632619112624E-002
 -4.262344983240318E-002
 -4.631140171616721E-002
  2.490388251430442E-002
 -9.197307099194063E-002
  6.438014090594546E-002
 -3.405757545229804E-002
 -2.760062383629336E-002
 -3.567745769510644E-002
 -2.751001291546906E-002
 -3.338316971503996E-002
 -2.012192599801033E-002
 -2.963570949291494E-002
 -3.588315721933721E-002
 -3.550811169481793E-002
 -2.943943751659539E-002
 -2.047768013377560E-002
 -0.215872524163239     
 -7.986524823926366E-003
  1.365295732283700E-002
 -2.762337105263679E-002
 -3.448511006822841E-002
 -3.980129338907457E-002
 -4.356768606244987E-002
 -1.157812382101309E-002
 -2.387962540558064E-003
 -3.935551994516651E-002
 -3.981050086275495E-002
 -3.688017854909020E-002
 -4.932833062865960E-002
  4.560890159970299E-003
  1.111466531724270E-002
 -2.149441537938657E-002
  4.831888957880115E-002
  5.300443028362045E-002
  4.798192441685067E-002
  4.276063635836758E-002
  4.208646272658612E-002
  4.124791207839740E-002
  3.942443937298856E-002
  4.206544097164100E-002
  4.458363986729486E-002
  4.463430974792260E-002
  4.126953852728354E-002
  4.269595037417684E-002
  4.008078058970843E-002
  4.113056016721239E-002
  4.398451849782070E-002
  4.089340177085010E-002
  4.407609754910013E-002
  4.122013888306464E-002
  4.860692836852354E-002
  4.317743892344428E-002
  4.100690815496144E-002
  4.069969930484074E-002
  4.335196757533588E-002
  4.755632544948063E-002
  4.434578629552577E-002
  4.070363739746452E-002
  3.925877104437570E-002
  4.166962943183605E-002
  4.471823997427571E-002
  4.045224983717399E-002
  4.053275564414960E-002
  4.088621935972681E-002
  4.879005634996791E-002
