 -2.947871802543212E-002
 -2.518838129461365E-002
 -4.266066067752305E-002
 -6.233996672955655E-003
  6.666606892781513E-002
  8.566313585279595E-003
 -2.310802870641737E-002
 -2.874629717029631E-002
  6.338286692717610E-002
 -9.426999989308360E-002
  3.494409498970175E-002
 -4.515624156485476E-002
 -3.952425409416893E-002
 -4.779129878610267E-002
 -3.568002712284546E-002
 -2.756446995912576E-002
 -2.805300497787666E-002
 -3.595138884974247E-002
 -4.763204892385264E-002
 -3.860724424770190E-002
 -4.376332070284139E-002
  3.541271141908631E-002
 -3.046319351829929E-002
 -3.162613136016734E-002
 -0.208057994578166     
  9.187199872019125E-002
  2.227736306499395E-002
 -2.480378708947928E-002
 -2.939871786788295E-002
  6.152309456410432E-002
 -9.335735117686017E-002
  3.557273161285446E-002
 -4.350666219216404E-002
 -3.893459275594058E-002
 -4.812970718639953E-002
 -3.638557629872974E-002
 -2.825206527446156E-002
 -2.805577786554991E-002
 -3.629879810797743E-002
 -4.817208315432531E-002
 -3.928827804075574E-002
 -4.393846262045376E-002
  3.545673896344859E-002
 -2.852179512143049E-002
 -2.170720303733287E-002
 -0.208302080442147     
  5.014136157365678E-002
 -1.540811856361568E-002
  4.569096680180118E-002
  4.133339279748482E-002
  4.498398416172411E-002
  4.982701139694223E-002
  4.402945896489829E-002
  3.962057369544114E-002
  4.318062896469077E-002
  4.040553279922987E-002
  4.249633256408836E-002
  4.223675044789055E-002
  4.039972463256625E-002
  4.365492310621799E-002
  4.105003211472302E-002
  4.373700579895201E-002
  4.784285779010589E-002
  5.063360415352702E-002
  4.312227911568500E-002
  4.130456353440104E-002
  4.349104791324587E-002
  4.016581605733560E-002
  4.207665749643386E-002
  4.215861109034869E-002
  4.016972974347777E-002
  4.332841940014232E-002
  4.101097238665885E-002
  4.357833644612985E-002
  5.197935182226776E-002
  4.269384837684409E-002
