 -4.037076431729503E-002
 -4.310914697726353E-002
 -3.639602045486967E-002
 -2.139598153546896E-002
  6.427843573772707E-002
 -3.747079604319392E-002
 -0.106745199082629     
  6.712827800414090E-002
 -3.261798828758788E-002
 -3.371488630308317E-002
 -4.106231962781148E-002
  4.121871081388750E-002
 -2.911824692412068E-002
 -2.088202764481739E-002
 -3.325837661915276E-002
 -4.385834000867117E-002
 -3.791776099633193E-002
 -4.253126615745195E-002
  3.775341364851226E-002
 -7.816275975056097E-002
  0.110988619866478     
  2.604684677256941E-002
 -0.173758597464675     
  0.111117942414877     
 -7.819266015982951E-002
  4.281228852986452E-002
 -3.584383567077243E-002
 -3.733861787978476E-002
 -4.454950749628939E-002
 -3.435037982936517E-002
 -2.337341790490566E-002
 -2.668652425869489E-002
  6.803887148010856E-002
 -0.105076191647893     
  6.473701219212602E-002
 -3.695343374238025E-002
 -3.974577810005897E-002
 -4.274612388511745E-002
 -3.629765443830912E-002
 -2.163836877061787E-002
 -3.258375544973457E-002
 -3.449143674292987E-002
 -4.760180307887651E-002
  3.578130263559087E-002
  2.558225837593930E-002
 -0.174267286131214     
  4.281727085088527E-002
  4.105310343363455E-002
  4.261442346006250E-002
  4.015110800245569E-002
  5.250989262890005E-002
  5.001068529037311E-002
  4.486863250000717E-002
  4.157356621154373E-002
  4.457570876731543E-002
  4.304088151746865E-002
  6.189728804255734E-002
  4.451960740827809E-002
  4.393156006646937E-002
  4.093092215835070E-002
  4.382199174476453E-002
  4.039880860319123E-002
  4.301625468207604E-002
  4.123316436586066E-002
  4.251622329997695E-002
  5.322643275340577E-002
  4.846441957852610E-002
  6.145132754387905E-002
