           2           1   2.78141114186082     
           3           2   1.08076758378235     
           4           3   1.26649338552917     
           5           4   1.05438405584539     
           6           5   1.33916792044878     
           7           6   1.47764071388073     
           8           7   1.34227664234186     
           9           8   1.03872179049373     
          10           9  0.983664259954016     
          11          10   1.37555384871199     
          12          11   1.44120142639988     
          13          12   1.42528722713251     
          14          13   1.42577456849476     
          15          10   1.37728428899541     
          15          14   1.44093720668467     
          16           9  0.983698362888493     
          17          16   1.37533570858438     
          18          17   1.44142111031721     
          19          18   1.42512956090039     
          20          19   1.42587115519856     
          21          16   1.37724987558506     
          21          20   1.44085367344003     
          22           8   1.33946593429833     
          23           5   1.33366599250895     
          23          22   1.48184251276245     
          24           4   1.33013880365867     
          25          24   1.43101965102384     
          26          25   1.43146470414353     
          27           3   1.26662131612414     
          27          26   1.32968908246102     
          28          27   1.05487171290499     
          29          28   1.33907457148752     
          30          29   1.47760767813938     
          31          30   1.34250731672425     
          32          31   1.03803486897577     
          33          32  0.983929400158881     
          34          33   1.37716340152496     
          35          34   1.44086866203357     
          36          35   1.42585868912725     
          37          36   1.42509017739877     
          38          33   1.37523186437840     
          38          37   1.44150891804790     
          39          32  0.984056287996371     
          40          39   1.37714839042348     
          41          40   1.44096037506927     
          42          41   1.42576287732727     
          43          42   1.42522576302147     
          44          39   1.37538243294241     
          44          43   1.44131920431728     
          45          31   1.33963587759937     
          46          28   1.33342591271280     
          46          45   1.48189152640738     
          47           6  0.939210813757667     
          48           7  0.943147405776742     
          49          11  0.946440830283692     
          50          12  0.945204477082309     
          51          13  0.946446645987576     
          52          14  0.945281058800809     
          53          15  0.946512862624084     
          54          17  0.946308887488873     
          55          18  0.945114551332192     
          56          19  0.946450930712313     
          57          20  0.945305096763248     
          58          21  0.946537794968968     
          59          22  0.942998346089837     
          60          23  0.943060040669296     
          61          25  0.946907871929526     
          62          29  0.939094675310362     
          63          30  0.943192056200923     
          64          34  0.946537869340113     
          65          35  0.945305016656054     
          66          36  0.946452199935303     
          67          37  0.945113429007403     
          68          38  0.946304245352755     
          69          40  0.946501813295184     
          70          41  0.945282552496078     
          71          42  0.946448768359276     
          72          43  0.945205431721919     
          73          44  0.946434840600410     
          74          45  0.943033094139546     
          75          46  0.943023781589519     
