 -0.194072450304275     
  0.123507924107114     
  6.988926335924894E-002
 -0.165613442414240     
  5.010901717362115E-002
  5.010867566420396E-002
 -0.165613264583862     
  6.989026052777403E-002
  0.123508699451853     
 -0.194072610741475     
 -3.700973449877409E-003
  7.172395549135402E-004
 -2.714890291026428E-002
  1.521095328620525E-002
 -1.324438104347259E-002
 -3.689548336743442E-002
 -4.587234588186195E-002
  5.898908618912246E-002
 -0.121160358037153     
  5.270659385180654E-002
 -4.440397791564532E-002
 -3.373973346815173E-002
 -4.564500162068885E-002
 -3.490370304206003E-002
 -4.736340413643969E-002
  5.331136552266980E-002
 -4.115398853735197E-002
 -3.279119600497715E-002
 -4.277784948357954E-002
 -3.295326403461907E-002
 -4.145446886533577E-002
 -4.357874223325187E-002
 -3.504413640050874E-002
  6.193768297353852E-003
  1.520939504355212E-002
 -1.323003398584000E-002
 -3.504132991086895E-002
 -4.355649599679445E-002
  5.898301924537641E-002
 -0.121165606064324     
  5.270570052459300E-002
 -4.739470499292064E-002
 -3.490859611988739E-002
 -4.566113994871568E-002
 -3.374645485672279E-002
 -4.442263922104139E-002
  5.331156204899035E-002
 -4.145541104183170E-002
 -3.295230089052836E-002
 -4.277892893312529E-002
 -3.279315391645810E-002
 -4.115606157629514E-002
 -4.586075118357336E-002
 -3.689207016523888E-002
 -2.714487099815521E-002
  7.170196501400383E-004
 -3.699695131481384E-003
 -3.994112284489049E-002
  5.453230003962606E-002
  4.693337840195055E-002
  4.251802116516223E-002
  4.171895777711465E-002
  3.764142674431215E-002
  4.168650191419254E-002
  3.831084643776894E-002
  4.274422837094483E-002
  4.263024268406157E-002
  3.943173596015692E-002
  4.229093943253892E-002
  3.925541804321098E-002
  4.224649379169221E-002
  3.809684286514148E-002
  4.230088210549177E-002
  4.363470157079674E-002
  4.363405543119836E-002
  4.230378871392126E-002
  4.262932254248619E-002
  4.274356697608661E-002
  3.830808053085721E-002
  4.168234261943304E-002
  3.763927620889218E-002
  3.809577708486156E-002
  4.224678972915730E-002
  3.925519079949547E-002
  4.229028988880967E-002
  3.943209870060960E-002
  4.171801379685158E-002
  4.251764517542433E-002
  4.693356368191515E-002
  5.453278357243141E-002
