 -3.527022729993501E-002
 -3.449910802998968E-002
 -3.294187329890086E-002
 -1.104838097334415E-002
 -1.378008294997901E-002
 -3.538477207970026E-002
 -1.374117277783871E-002
 -3.549335976883761E-002
 -3.548253353970043E-002
 -3.486436333088871E-002
 -3.326416010965616E-002
 -1.125198920153458E-002
  9.692446566587076E-003
 -1.061402680705914E-002
 -3.302282023048342E-002
 -3.456276045321349E-002
 -3.526750094320263E-002
 -3.536971111939646E-002
 -1.279868164122711E-002
 -1.440358792311702E-002
 -3.353557268248508E-002
 -3.937803498053505E-002
  8.437304842212612E-005
  8.789977294512141E-004
 -3.693289524459509E-002
 -3.874256857135006E-002
 -3.884863368490699E-003
 -3.946995749866478E-002
 -3.461022702864458E-002
 -3.461166481692679E-002
 -3.902566804367069E-002
 -1.177932032287998E-003
 -4.547671314040880E-002
 -3.733802391487906E-002
 -9.900025084050412E-003
  4.091076827139895E-002
  4.109675783756794E-002
  4.043107262090362E-002
  3.975232525988825E-002
  3.983096008422826E-002
  4.087309371394454E-002
  4.105689902580223E-002
  4.041662131707691E-002
  4.054287916945976E-002
  4.113695475179602E-002
  4.094658436172838E-002
  3.976437486499429E-002
  4.248916815028037E-002
  4.217455782240065E-002
  4.185355039165217E-002
  3.968699530069209E-002
  3.735273882596502E-002
  3.993315233611205E-002
  4.009204092942753E-002
  3.713511883234255E-002
  3.744996977303927E-002
  4.156285789983460E-002
