  1.430319149425241E-002
 -7.618376483493527E-002
  9.215906740860680E-002
 -4.073169031292423E-002
 -3.462794287084225E-002
 -1.430774968479387E-002
 -4.288371472713859E-002
  2.673801259079145E-002
 -0.100064149791121     
 -0.101932131036779     
 -0.101740406290617     
 -8.516839560961387E-002
  0.102868621816200     
 -5.130244774875781E-002
  7.398506422918416E-002
 -5.334536852790350E-002
  0.100437430000474     
 -0.103318707927468     
 -8.882601817943048E-002
  9.094582322815636E-002
 -7.623633356617976E-002
 -4.254336163636907E-002
 -1.404143456716778E-002
 -3.468120686439669E-002
 -4.136400240055416E-002
  2.677809048279434E-002
 -0.101920159621855     
 -9.998897398270046E-002
 -0.101707878021779     
 -8.321406547098764E-002
  3.229521396263513E-002
 -4.652538826608765E-002
 -4.363315340803275E-002
 -5.071062136865390E-002
 -4.557361615367572E-002
 -2.264513259783651E-002
 -4.308636767259788E-002
  3.625292845132622E-002
 -4.155157185625757E-002
  3.743067479188245E-002
 -4.145076004513637E-002
  3.668466772455092E-002
 -2.491737468895217E-002
 -4.451463582649762E-002
 -4.971165541042932E-002
 -4.420617486514988E-002
 -4.784707046783065E-002
  3.178731815975278E-002
 -8.846169086517008E-002
  6.515112547646895E-002
 -3.249699962979680E-002
 -2.914223016309059E-002
 -3.814477969323171E-002
 -3.051155157569241E-002
 -3.350337638111700E-002
 -2.334367770494605E-002
 -4.683082486060286E-002
 -5.150298215575333E-002
 -4.427947651080988E-002
 -4.741271733563757E-002
  3.176681608083998E-002
 -8.850004859786420E-002
  6.475136894193412E-002
 -3.340409807996281E-002
 -3.057841665070971E-002
 -3.775653958734093E-002
 -2.880881356020737E-002
 -3.154182169947806E-002
  3.944687229843780E-002
  4.493250617998368E-002
  4.955377402285555E-002
  3.618758468719330E-002
  3.311302803342908E-002
  3.582124033589951E-002
  3.513799867317258E-002
  3.407064652957792E-002
  3.186345436562898E-002
  3.176877009336154E-002
  3.413157889390805E-002
  3.497676402854111E-002
  4.254269256288501E-002
  4.136056856334258E-002
  4.983561129547953E-002
  4.501562224515243E-002
  3.890097965304362E-002
  3.192634357205615E-002
  3.404829107802487E-002
  3.506930858502755E-002
  3.316462535563713E-002
  3.582970993344814E-002
  3.627567612047455E-002
  3.492192850024312E-002
  3.421570454305289E-002
  3.185153549316300E-002
  4.082610521175856E-002
  4.233336834621815E-002
  3.984294233062191E-002
  4.707799142113034E-002
  4.639941210673826E-002
  4.147985907797525E-002
  4.212966446181443E-002
  4.059833636726851E-002
  4.038019700277029E-002
  4.281975438435748E-002
  3.956656040236950E-002
  4.280443989417748E-002
  4.082698536876206E-002
  4.708058976804919E-002
  3.955551346182196E-002
  4.188827521805427E-002
  4.054732751363366E-002
  4.012873090420965E-002
  4.271585605495387E-002
  3.959201457300199E-002
  4.293212326117990E-002
  4.089919373906370E-002
