           2           1  0.992673164366676     
           3           2   1.35460247923226     
           4           3  0.977473130535739     
           5           4   1.38175497334968     
           6           5   1.43810177263819     
           7           6   1.42770365903301     
           8           7   1.42795445284767     
           9           4   1.38135532636099     
           9           8   1.43820345695094     
          10           3   1.38180115307987     
          11          10   1.40042652684900     
          12          11  0.929272789301924     
          13          12   1.04464776030736     
          14          13   1.74808259687501     
          15          13   1.01474880607371     
          16          15   1.43409652584205     
          17          16   1.35432799150566     
          18          17   1.50937859620105     
          19          18   1.28141438105846     
          20          19   1.18952768022549     
          21          20   1.04471657255956     
          22          21  0.979790474583017     
          23          22   1.36818919305284     
          24          23   1.45550242878471     
          25          24   1.36499232927846     
          26          25   1.00457674553432     
          27          26   1.37276232185694     
          28          27   1.44276425688055     
          29          28   1.42558458534995     
          30          29   1.42562081879199     
          31          26   1.37272965353870     
          31          30   1.44274648956009     
          32          25   1.36721634535375     
          33          22   1.37060196198167     
          33          32   1.45257341480349     
          34          21  0.983501714247735     
          35          34   1.37307913876201     
          36          35   1.44175152578016     
          37          36   1.37528584898662     
          38          37   1.29798788214232     
          39          34   1.34898621311583     
          39          38   1.44691899742907     
          40          38  0.941347316668900     
          41          40  0.958234478361344     
          42          40  0.957992465243240     
          43          40  0.942482676044869     
          44          43   1.43349942287951     
          45          44   1.40848317632295     
          46          45   1.43324458882162     
          47          46   1.43005569402109     
          48          37   1.03919628958252     
          48          43   1.30552859471969     
          48          47   1.38050332676170     
          49          20   1.42088290134777     
          50          49   1.39593505181619     
          51          50   1.39846953721152     
          52          15   1.22290801755190     
          52          19   1.22275320365019     
          52          51   1.22129863326448     
          53          12   1.02442403527615     
          53          51   1.03805444379664     
          54          53   1.73993846468793     
          55          11   1.39863513980258     
          56           2   1.35463362194825     
          56          55   1.38378806379716     
          57          56  0.975196398111959     
          58          57   1.38209577224854     
          59          58   1.43847756177039     
          60          59   1.42736525257195     
          61          60   1.42873241898182     
          62          57   1.38305961690289     
          62          61   1.43722929885583     
          63           1  0.974253107385365     
          64           1  0.974272847035776     
          65           1  0.968686614559814     
          66           5  0.947146041580978     
          67           6  0.946543109144959     
          68           7  0.947493620246160     
          69           8  0.946525873796981     
          70           9  0.946942907226630     
          71          10  0.943754067993809     
          72          16  0.943087695281556     
          73          17  0.943293955302891     
          74          18  0.937301337415186     
          75          23  0.945099845915660     
          76          24  0.943638786694885     
          77          27  0.947076278354731     
          78          28  0.946610355407870     
          79          29  0.947553180608861     
          80          30  0.946576326919027     
          81          31  0.947030900796887     
          82          32  0.943605046645782     
          83          33  0.944324418083399     
          84          35  0.943867850354935     
          85          36  0.942317478834446     
          86          39  0.943624632933924     
          87          41  0.978491071286468     
          88          41  0.978647915411279     
          89          41  0.978741086397404     
          90          42  0.978649099340102     
          91          42  0.978472750039083     
          92          42  0.978664268435839     
          93          44  0.945996656098878     
          94          45  0.945951603870810     
          95          46  0.945528134249305     
          96          47  0.945878386386616     
          97          49  0.940273202456004     
          98          50  0.940227986946993     
          99          55  0.943745867824003     
         100          58  0.947171703685302     
         101          59  0.946525652199800     
         102          60  0.947478677843845     
         103          61  0.946546992923631     
         104          62  0.947245708164618     
