 -0.104612749508541     
  2.758025012308707E-002
 -0.102800415430496     
 -0.101184488220919     
 -2.025127114408054E-002
 -4.398853628097665E-002
 -4.338571992589824E-002
  3.418999391282318E-002
 -2.354134697481047E-002
 -4.458118424900803E-002
 -2.390537006100235E-002
 -4.469500410798322E-002
 -2.251717158426381E-002
  2.763840864707179E-002
 -0.101809354677843     
 -0.102784550410984     
 -0.100597857271481     
 -4.734885282154622E-002
 -4.448844105568028E-002
  3.389861128423011E-002
 -9.176849542964227E-002
  6.835755989265602E-002
 -3.181775972376677E-002
 -2.557273024144457E-002
 -2.619883901286801E-002
  0.152232667047154     
 -0.194705236232556     
  0.153092866710342     
 -0.194036935238195     
 -2.608242357528390E-002
 -2.573328932092966E-002
 -3.119889535352272E-002
  6.796146792612046E-002
 -9.358276498333762E-002
  3.371997501490309E-002
 -4.455655773344613E-002
 -4.711774797364132E-002
 -2.291927698956631E-002
  2.762518728925611E-002
 -0.101885574259120     
 -0.102454933300120     
 -0.100590356353670     
 -4.482918686024107E-002
 -2.415221157217839E-002
 -2.362462616402095E-002
 -4.270562033089398E-002
 -1.974692429124403E-002
  2.744844425917092E-002
 -0.103342222835130     
 -0.103704711524567     
 -0.104953370600183     
 -4.538966923662180E-002
 -4.534768603800998E-002
  3.358861692016646E-002
 -3.039000197011887E-002
 -3.046688690934918E-002
 -3.069810229328684E-002
 -3.121204314504844E-002
  3.016786194884558E-002
  3.764015836044643E-002
  3.505081728654336E-002
  3.119488085502942E-002
  3.318468763671667E-002
  3.510034750585722E-002
  3.270147887956021E-002
  3.496277427926442E-002
  3.569635057020659E-002
  4.532962411440977E-002
  4.261098751782277E-002
  4.521753631146375E-002
  4.551438002938013E-002
  3.496850358572212E-002
  3.142295677771212E-002
  3.388008875651760E-002
  3.409575716112134E-002
  3.184657181266703E-002
  3.515217017479944E-002
  3.574367011936386E-002
  3.320693328673374E-002
  3.575804545285632E-002
  4.490633358205676E-002
  4.233733158100328E-002
  4.328432894372891E-002
  4.942111837139762E-002
  4.943832091517253E-002
  4.324197462686252E-002
  4.200114707852787E-002
  4.489953146439118E-002
  3.527011131958491E-002
  3.165753908688318E-002
  3.388010210428971E-002
  3.481687255613908E-002
  3.152443180061260E-002
  3.351722745863706E-002
  3.320263291801617E-002
  3.555187736554000E-002
  3.595410900158147E-002
  4.567300007084885E-002
  4.277976321209753E-002
  3.045263553927247E-002
  3.290560236205242E-002
  3.458756603968660E-002
  3.425473845670124E-002
  3.228141261818240E-002
  3.946830402137269E-002
  3.735157406792711E-002
  3.026851491535332E-002
  3.520230290958859E-002
  4.686556905739747E-002
  4.269490523748976E-002
  4.369421189150424E-002
  4.895686388205356E-002
  4.895181686246897E-002
  4.420299044900711E-002
