           2           1   1.43233784367603     
           3           2   1.41007163139064     
           4           3   1.43229588286381     
           5           4   1.30757086147076     
           6           1   1.43090484735657     
           6           5   1.38022921654711     
           7           5   1.03645019387355     
           8           7   1.38048983218194     
           9           8   1.43076792139059     
          10           9   1.43249818518051     
          11          10   1.40984858991197     
          12           7   1.30716288276312     
          12          11   1.43261528367655     
          13           4  0.926600799195140     
          13          12  0.927885238976566     
          14          13  0.927577922751651     
          15          14   1.43351858553604     
          16          15   1.40914529406570     
          17          16   1.43229662413796     
          18          17   1.43112144221956     
          19          14   1.30528328471714     
          19          18   1.37915752324077     
          20          19   1.03922494185328     
          21          20   1.37524706356989     
          22          21   1.43951066072294     
          23          22   1.37822041216506     
          24          23  0.990889965311199     
          25          24   1.49508403995075     
          26          25   1.31624020911441     
          27          26   1.54879018067869     
          28          27   1.25519987807815     
          29          28   1.25478336475916     
          30          29   1.55665360585315     
          31          30   1.30688087121678     
          32          31   1.55343611730210     
          33          24   1.20754360868149     
          33          28   1.22634894377458     
          33          32   1.26210215910424     
          34          23   1.35149533827815     
          35          13  0.924938633132560     
          35          20   1.29983910774228     
          35          34   1.44399511298842     
          36           1  0.945367133456254     
          37           2  0.945602346908041     
          38           3  0.946122549353379     
          39           6  0.945435684448863     
          40           8  0.945436663805311     
          41           9  0.945353929013024     
          42          10  0.945588226691540     
          43          11  0.946149559128052     
          44          15  0.946090322233867     
          45          16  0.945599408108459     
          46          17  0.945333909658100     
          47          18  0.945442178225657     
          48          21  0.943450617464067     
          49          22  0.944180211071916     
          50          25  0.944829892841608     
          51          26  0.944524006431028     
          52          27  0.943784011464573     
          53          29  0.944278357450975     
          54          30  0.946142041786015     
          55          31  0.946129283780773     
          56          32  0.940656293020497     
          57          34  0.944011780294242     
