           2           1   1.39363035307806     
           3           2   1.45257207174559     
           4           3   1.36859246681982     
           5           4   1.26363536150913     
           6           1   1.46071417891785     
           6           5   1.35337705274784     
           7           5   1.08875914666630     
           8           7   1.35325290760138     
           9           8   1.46083453319147     
          10           9   1.39355167659495     
          11          10   1.45267190666995     
          12           7   1.26386430458037     
          12          11   1.36865833493849     
          13           4   1.05790371085912     
          13          12   1.05763122354472     
          14          13  0.972717340484421     
          15          14   1.37030347778316     
          16          15   1.43342567961889     
          17          16   1.39569305687542     
          18          17   1.24457618487398     
          19          14   1.38973530107494     
          19          18   1.38685861400699     
          20          18   1.06219336822484     
          21          20   1.36306731105763     
          22          21   1.42829054161415     
          23          22   1.42830434348605     
          24          23   1.36305531570798     
          25          24   1.06220144647779     
          26          25   1.38677392694529     
          27          26   1.38977645202267     
          28          27  0.972876359822862     
          29          28   1.05787456136908     
          30          29   1.36855920745251     
          31          30   1.45259923401917     
          32          31   1.39360425570980     
          33          32   1.46074074428926     
          34          29   1.26368905992087     
          34          33   1.35334792634135     
          35          34   1.08874798367086     
          36          35   1.35327084590792     
          37          36   1.46081200951872     
          38          37   1.39358092550151     
          39          38   1.45263903027620     
          40          28   1.05757257754010     
          40          35   1.26386856762160     
          40          39   1.36869140150555     
          41          27   1.37012534059681     
          42          41   1.43353646745310     
          43          25   1.24464788874940     
          43          42   1.39561245351759     
          44          17   1.03540962309498     
          44          43   1.03538346935505     
          45          20   1.28005709239527     
          45          24   1.28005683562541     
          45          44   1.08224443183302     
          46           1  0.945102094116636     
          47           2  0.944792639736977     
          48           3  0.943741625719742     
          49           6  0.944686268548964     
          50           8  0.944703210859018     
          51           9  0.945108252938706     
          52          10  0.944789477562346     
          53          11  0.943635878154813     
          54          15  0.942458498493259     
          55          16  0.941087971094381     
          56          19  0.942039227163865     
          57          21  0.944835179149091     
          58          22  0.942654937793163     
          59          23  0.944835754524286     
          60          26  0.942027227402517     
          61          30  0.943723724581929     
          62          31  0.944791002089608     
          63          32  0.945101439866325     
          64          33  0.944686701871009     
          65          36  0.944702446142335     
          66          37  0.945106600537007     
          67          38  0.944787462391177     
          68          39  0.943614913708543     
          69          41  0.942439297174234     
          70          42  0.941086744787647     
