           2           1   1.40343260799445     
           3           2   1.44131978579739     
           4           3   1.38122862756063     
           5           4   1.27253100784384     
           6           1   1.45342691991860     
           6           5   1.35928291288145     
           7           5   1.07822980525695     
           8           7   1.35694259236174     
           9           8   1.45560159444643     
          10           9   1.40207102294318     
          11          10   1.44250335611288     
          12           7   1.27622684815238     
          12          11   1.38222652558112     
          13           4   1.03420920807957     
          13          12   1.02605415377196     
          14          13   1.04517448850235     
          15          14   1.37689905695627     
          16          15   1.37517421903043     
          17          16   1.04743260174764     
          18          17   1.02514406933843     
          19          18   1.38256663470752     
          20          19   1.44218065371448     
          21          20   1.40233091499059     
          22          21   1.45544304757646     
          23          18   1.27664374611834     
          23          22   1.35704668711013     
          24          23   1.07796619151956     
          25          24   1.35950246663665     
          26          25   1.45318180033414     
          27          26   1.40375988756092     
          28          27   1.44095079277498     
          29          17   1.03354755710922     
          29          24   1.27279284046113     
          29          28   1.38159527568484     
          30          16   1.30731796519569     
          31          30   1.43717374980742     
          32          14   1.30782792895262     
          32          31   1.43675435798767     
          33           1  0.944714158131464     
          34           2  0.944485298091922     
          35           3  0.940496325764209     
          36           6  0.944683096942851     
          37           8  0.944803694454515     
          38           9  0.944780895116897     
          39          10  0.944501085760590     
          40          11  0.941343157605896     
          41          15  0.940664160105151     
          42          19  0.941051398487046     
          43          20  0.944482382234908     
          44          21  0.944762721079478     
          45          22  0.944799222086744     
          46          25  0.944673564006676     
          47          26  0.944699081729312     
          48          27  0.944464427209490     
          49          28  0.940401992471361     
          50          31  0.945255434077945     
