           2           1  0.991896672702357     
           3           2   1.39197076210629     
           4           3   1.44412545542263     
           5           4   1.37167776001894     
           6           5  0.995399779432953     
           7           6  0.995760054655814     
           8           7   1.37385581597806     
           9           8   1.44120115812658     
          10           9   1.39460262121552     
          11          10  0.991814103198593     
          12          10   1.38610364240693     
          13           7   1.36664122986988     
          13          12   1.45055590602444     
          14           6  0.998000259849204     
          15          14   1.37467639148073     
          16          15   1.43915004939440     
          17          16   1.39344154893804     
          18          17  0.925956497265945     
          19          18  0.931727245846948     
          20          19   1.38082708836047     
          21          20   1.45385420165170     
          22          21   1.36316279723220     
          23          22  0.997525148908524     
          24          23  0.995285487665099     
          25          24   1.37392141147517     
          26          25   1.44088982258087     
          27          26   1.39499611427970     
          28          27  0.991800674607332     
          29          27   1.38578956616422     
          30          24   1.36694922482691     
          30          29   1.45075092362140     
          31          23  0.995952232079938     
          32          31   1.37108736482441     
          33          32   1.44477229261582     
          34          33   1.39130194558099     
          35          34  0.991905569730979     
          36          34   1.38928078369415     
          37          31   1.36942530935942     
          37          36   1.44707825068841     
          38          22   1.37314041975347     
          39          19   1.38939907389764     
          39          38   1.44079264899120     
          40          18  0.951943928764625     
          41          40  0.993010095040112     
          42          41  0.996422794398989     
          43          42  0.996128666789031     
          44          18  0.946505858118078     
          44          43  0.988766708075683     
          45          17   1.37772801038723     
          46          14   1.36145539143940     
          46          45   1.45602406299141     
          47           5   1.36922371347669     
          48           2   1.38871394964701     
          48          47   1.44753587673673     
          49           1  0.969716504871170     
          50           1  0.976776485603123     
          51           1  0.978190793750745     
          52           3  0.944462127798227     
          53           4  0.944850156526123     
          54           8  0.944866188551602     
          55           9  0.944264776929015     
          56          11  0.970457532845977     
          57          11  0.978985409058416     
          58          11  0.975329489453908     
          59          12  0.945029513936025     
          60          13  0.944674460935769     
          61          15  0.944094393004546     
          62          16  0.942654349579935     
          63          20  0.942386420447002     
          64          21  0.944330317450728     
          65          25  0.944748672775612     
          66          26  0.944201874562698     
          67          28  0.974913119836659     
          68          28  0.970718969397192     
          69          28  0.979152407349056     
          70          29  0.945096573751261     
          71          30  0.944843161949133     
          72          32  0.944796566609492     
          73          33  0.944610754573350     
          74          35  0.977165656609615     
          75          35  0.977897873373587     
          76          35  0.969624867923258     
          77          36  0.944708465263663     
          78          37  0.944856104315089     
          79          38  0.944240121643835     
          80          39  0.940734074172914     
          81          40  0.963210357329099     
          82          40  0.959243018043649     
          83          41  0.962702844193906     
          84          41  0.967790822745541     
          85          42  0.962377280433568     
          86          42  0.969004045670980     
          87          43  0.962482929403872     
          88          43  0.966397629456569     
          89          44  0.965208851943120     
          90          44  0.959810509070949     
          91          45  0.942489244008035     
          92          46  0.944263039693444     
          93          47  0.944817022224877     
          94          48  0.944836554623427     
