           2           1  0.955145320755124     
           3           2  0.957639089019154     
           4           2  0.939879503343749     
           5           2  0.926216918065578     
           6           5   1.39709924527941     
           7           6   1.42621894644077     
           8           7   1.43680038054970     
           9           8   1.37712211988494     
          10           9  0.962757419958100     
          11          10   1.10371177119329     
          12          11   1.03331916971358     
          13          12   1.36285614510576     
          14          13   1.45151027380056     
          15          14   1.35788482105846     
          16          15   1.05437636923938     
          17          16  0.975851675404905     
          18          17  0.981573662198948     
          19          18  0.992171108042921     
          20          19  0.981439841356777     
          21          20  0.962205884244567     
          22          21   1.08121023766812     
          23          22   1.36063066135230     
          24          23   1.45458045981617     
          25          24   1.39186366500809     
          26          25   1.45926299017407     
          27          22   1.25504897330448     
          27          26   1.35452092900595     
          28          27   1.09318976501858     
          29          28   1.35159581170914     
          30          29   1.46134329281794     
          31          30   1.39194153642256     
          32          31   1.45483275089047     
          33          21   1.07505678849460     
          33          28   1.26049818299240     
          33          32   1.36375360300930     
          34          15   1.34594554801839     
          35          12   1.33607253088892     
          35          34   1.47881504920031     
          36          11   1.56024825837679     
          37          36   1.16601113619616     
          38          37   1.13267595473056     
          39          38   1.30852883110662     
          40          39   1.49992983026498     
          41          40   1.35745013402352     
          42          41   1.49647847798711     
          43          38   1.26557952919417     
          43          42   1.31835979831012     
          44          43   1.10917169356298     
          45          44   1.32492446010090     
          46          45   1.49136049347339     
          47          46   1.35926622143215     
          48          47   1.49843820622063     
          49          44   1.24831016969330     
          49          48   1.30368067789380     
          50          10   1.07358382125194     
          50          37   1.39249232839891     
          50          49   1.15450150396647     
          51           5   1.40242095746672     
          51           9   1.38751402021050     
          52           6  0.945578258832745     
          53           7  0.940631494748984     
          54           8  0.944624113272832     
          55          13  0.941203539720184     
          56          14  0.942581859976710     
          57          17  0.975776047341965     
          58          17  0.960311805752304     
          59          18  0.961030227006155     
          60          18  0.965885435995207     
          61          19  0.962954129640268     
          62          19  0.966647314783953     
          63          20  0.968575223078910     
          64          20  0.963871433295275     
          65          23  0.944115870053619     
          66          24  0.945140539382318     
          67          25  0.945477726138085     
          68          26  0.943550055202542     
          69          29  0.941609172277265     
          70          30  0.945248478354364     
          71          31  0.945161710501843     
          72          32  0.944956289370356     
          73          34  0.945709688215404     
          74          35  0.944360027973510     
          75          39  0.944723330758839     
          76          40  0.945374134404101     
          77          41  0.945714679819652     
          78          42  0.942211220391450     
          79          45  0.941098130023639     
          80          46  0.945426240850667     
          81          47  0.945168570111538     
          82          48  0.938723381256926     
          83          51  0.945451004011659     
