 -0.390810643982058     
  0.356985629164400     
 -4.366418204017020E-002
 -3.209764936570814E-002
 -2.717024093142317E-002
 -3.021610356483606E-002
 -2.622225654608279E-002
 -3.265864511594696E-002
 -4.854594554536185E-002
 -2.558090271904057E-002
 -2.585201100684564E-002
 -3.015804436917957E-002
 -2.893164653809333E-002
 -4.106168759612938E-002
 -5.751487586213955E-002
 -3.086899061628934E-002
 -3.065388263325985E-002
 -2.854482867533559E-002
 -1.700242907892502E-002
  6.200155941246210E-002
 -0.107854929144477     
  6.089378374239374E-002
 -5.790514680039927E-002
  0.357198262198559     
 -0.391121944519297     
 -4.348021601183127E-002
 -3.101524529758670E-002
 -2.598148883426088E-002
 -2.956876498644601E-002
 -2.577539275452612E-002
 -3.318686062825105E-002
 -4.595965244473543E-002
 -2.503143887092030E-002
 -2.553562227011597E-002
 -3.015639511790003E-002
 -3.021993804203316E-002
 -4.025634803622768E-002
 -3.647815543831090E-002
  9.761856772758648E-004
 -1.282653565791492E-003
 -3.870650912441231E-002
 -4.138795789246252E-002
  6.907677848073668E-004
  1.588269252089125E-002
 -2.354706415054864E-003
 -3.680596054243779E-002
 -3.391122879428465E-002
  5.819816116595478E-002
 -9.437840489842841E-002
  3.526538866279072E-002
 -4.494540663957292E-002
 -4.048332919428521E-002
 -4.953106218614334E-002
 -3.694886445407874E-002
 -2.901294325732540E-002
 -2.927506235819965E-002
 -3.706368104226954E-002
 -4.938517773594064E-002
 -3.992673568511051E-002
 -4.430336764320941E-002
  3.533646322943840E-002
 -3.341258856629281E-002
 -3.602988810246632E-002
 -1.475284154531487E-002
 -3.627994524572564E-002
 -3.561584503053261E-002
 -3.489659353025854E-002
 -3.508689258075037E-002
 -1.331149901409034E-002
 -1.416215500087326E-002
 -3.516903992339060E-002
 -3.453947572120253E-002
 -3.387695411697589E-002
 -3.474448369293093E-002
 -1.440329981197941E-002
 -3.731429857487445E-002
 -3.225030939298534E-002
 -3.475816236994600E-002
 -1.721913992100177E-002
  4.259076031305031E-002
  4.365077651461924E-002
  4.230495908422405E-002
  4.171874169203560E-002
  4.391326581234045E-002
  4.913683884018150E-002
  4.249546669209048E-002
  4.160402512648931E-002
  4.285691336498332E-002
  4.289165144019014E-002
  5.663034297346570E-002
  4.761450289321090E-002
  4.894788624140634E-002
  4.396003669095250E-002
  4.169292599377594E-002
  4.204308460113892E-002
  4.197611265762657E-002
  4.219937911358618E-002
  4.882710660435696E-002
  4.250237146232760E-002
  4.200968638228275E-002
  4.406566128487099E-002
  4.450398202969730E-002
  5.789518687169859E-002
  3.870969627535892E-002
  4.049288467576528E-002
  4.517842776165626E-002
  4.242028731977743E-002
  4.006499132708019E-002
  4.280924525141205E-002
  3.986317130725325E-002
  4.192123189955155E-002
  4.179267387313734E-002
  3.987809756927674E-002
  4.311164267323453E-002
  4.060778141914578E-002
  4.246847109128427E-002
  4.509723808750610E-002
  3.976555190238029E-002
  4.072054382960144E-002
  4.102000455866506E-002
  4.013880704761696E-002
  3.977373990179556E-002
  4.108727700351344E-002
  4.137899320269789E-002
  4.037495078770226E-002
  4.231622029090409E-002
  4.288138848800749E-002
  4.927509317082945E-002
