           2           1   1.78282982281995     
           3           2  0.990561343891254     
           4           3   1.37050720479453     
           5           4   1.43668824909008     
           6           5   1.41308871071889     
           7           6   1.43849346161373     
           8           3   1.30386502166281     
           8           7   1.36648944038113     
           9           8  0.997500514641998     
          10           9   1.79481417925422     
          11           9  0.989943769238003     
          12          11   1.38317610216891     
          13          12   1.37854221720528     
          14          13   1.02778330852267     
          15          14  0.993031117350704     
          16          15   1.39111392461913     
          17          16   1.44022958737929     
          18          17   1.38004087718358     
          19          18  0.983859988103716     
          20          19   1.05386177732352     
          21          20   1.37096429977912     
          22          21   1.45040922398563     
          23          22   1.39560640717629     
          24          23   1.45916768301507     
          25          20   1.26531567597259     
          25          24   1.35470672755736     
          26          25   1.08652143122162     
          27          26   1.35353035086473     
          28          27   1.46017627804739     
          29          28   1.39493276878359     
          30          29   1.45111229329554     
          31          19   1.05124968018722     
          31          26   1.26695504497476     
          31          30   1.37067412822846     
          32          18   1.37173729742687     
          33          15   1.37918507359887     
          33          32   1.44930669366508     
          34          13   1.34921572716483     
          35          34   1.46480003933238     
          36           2   1.00992906406767     
          36          11   1.29388174207823     
          36          35   1.34670993944948     
          37           4  0.944271990552416     
          38           5  0.945204735305357     
          39           6  0.945118773852244     
          40           7  0.944418089926359     
          41          12  0.938236015839871     
          42          16  0.942849452235806     
          43          17  0.943906102203841     
          44          21  0.943734326183199     
          45          22  0.944791910440685     
          46          23  0.945081524491947     
          47          24  0.944739593074584     
          48          27  0.944782109750599     
          49          28  0.945087551572920     
          50          29  0.944667159969721     
          51          30  0.943435630751261     
          52          32  0.943946146819406     
          53          33  0.942793142954505     
          54          34  0.944173005907145     
          55          35  0.941633338927786     
