           2           1   1.00563934336654     
           3           2   1.31673305981530     
           4           3   1.02016857157189     
           5           4   1.03139372171654     
           6           5   1.38002105542827     
           7           6   1.44441724617369     
           8           7   1.40031846385396     
           9           8   1.45671081641869     
          10           5   1.27292844561527     
          10           9   1.35622164701813     
          11          10   1.08018438984697     
          12          11   1.35780748401054     
          13          12   1.45514915973396     
          14          13   1.40087529091908     
          15          14   1.44420904366410     
          16           4   1.04024579171468     
          16          11   1.27046354248222     
          16          15   1.37657879325767     
          17           3   1.36737635728542     
          18          17   1.36730236682148     
          19          18   1.02013624147370     
          20          19   1.04024169175633     
          21          20   1.37657954153366     
          22          21   1.44421048999657     
          23          22   1.40087213724215     
          24          23   1.45515316154673     
          25          20   1.27045810868771     
          25          24   1.35780201628760     
          26          25   1.08019490629324     
          27          26   1.35622063184702     
          28          27   1.45671112795112     
          29          28   1.40032164802014     
          30          29   1.44440858145047     
          31          19   1.03141852678771     
          31          26   1.27291388900272     
          31          30   1.38002724977426     
          32          18   1.31685033837364     
          33          32   1.00564325376598     
          34           2   1.33806057046282     
          34          32   1.33790977109382     
          35          34  0.981925680854496     
          36          35   1.04294404579311     
          37          36   1.37478238479002     
          38          37   1.44726373634548     
          39          38   1.39831179434174     
          40          39   1.45767292784070     
          41          36   1.26833507717416     
          41          40   1.35569863427635     
          42          41   1.08297339287855     
          43          42   1.35566619884038     
          44          43   1.45769898628370     
          45          44   1.39828595148204     
          46          45   1.44729633806562     
          47          35   1.04293386213633     
          47          42   1.26837371226419     
          47          46   1.37475226006687     
          48           6  0.942778967009451     
          49           7  0.944613203605581     
          50           8  0.944886988977135     
          51           9  0.944718327495022     
          52          12  0.944643404028311     
          53          13  0.944846577689169     
          54          14  0.944548981199709     
          55          15  0.941981592681236     
          56          21  0.941951154029003     
          57          22  0.944548937248035     
          58          23  0.944846517333284     
          59          24  0.944643310328781     
          60          27  0.944718446696281     
          61          28  0.944886147858195     
          62          29  0.944614825598830     
          63          30  0.942788313279616     
          64          37  0.942997945635487     
          65          38  0.944640349294817     
          66          39  0.944926499309139     
          67          40  0.944640744108861     
          68          43  0.944642718133993     
          69          44  0.944926492589034     
          70          45  0.944640073113060     
          71          46  0.942971666560783     
