           2           1   1.81803328935100     
           3           2  0.992192464059888     
           4           3   1.34911619835970     
           5           4   1.45966389915913     
           6           5   1.36756001607794     
           7           6  0.976979231402336     
           8           7   1.00567224719811     
           9           8   1.38923901715903     
          10           9   1.41952625198519     
          11          10   1.43766377927542     
          12          11   1.41482395806478     
          13           8   1.30764822741490     
          13          12   1.40677481490478     
          14          13   1.00813362650143     
          15          14   1.00823379263717     
          16          15   1.40906366745597     
          17          16   1.41293647632239     
          18          17   1.43938244024804     
          19          18   1.41832350440799     
          20           7   1.00721806380713     
          20          15   1.30516751148185     
          20          19   1.39029684424916     
          21           6   1.37289187701736     
          22           3   1.35940771678140     
          22          21   1.45329195341445     
          23           2  0.966657559622057     
          24          23   1.35566131245427     
          25          24   1.42634184962265     
          26          25   1.42639136847825     
          27          26   1.35562173735164     
          28          27  0.966592155913820     
          29          28   1.81795444448836     
          30          28  0.992324103497082     
          31          30   1.35943074282185     
          32          31   1.45324469480447     
          33          32   1.37287624986263     
          34          33  0.977144977135568     
          35          34   1.00564469853242     
          36          35   1.38922414604327     
          37          36   1.41957714317278     
          38          37   1.43758388544242     
          39          38   1.41491896908481     
          40          35   1.30770342542568     
          40          39   1.40668751818450     
          41          40   1.00814694778156     
          42          41   1.00824342076126     
          43          42   1.40903452987487     
          44          43   1.41297791402100     
          45          44   1.43936302851863     
          46          45   1.41832655668292     
          47          34   1.00710642596704     
          47          42   1.30520880381658     
          47          46   1.39032024318832     
          48          33   1.36741448411655     
          49          30   1.34896740988212     
          49          48   1.45983163945050     
          50          23   1.37242991752086     
          50          27   1.37255008602755     
          51           4  0.943758533146112     
          52           5  0.944266402601932     
          53           9  0.939177442450153     
          54          10  0.943614349192234     
          55          11  0.944305676552215     
          56          12  0.945635561418274     
          57          16  0.945689849356943     
          58          17  0.944554680890849     
          59          18  0.943891993947117     
          60          19  0.940957068436736     
          61          21  0.942564184939060     
          62          22  0.941649283081711     
          63          24  0.945613989339275     
          64          25  0.942320033611635     
          65          26  0.945616626261504     
          66          31  0.941664824572986     
          67          32  0.942544327752704     
          68          36  0.939204696230311     
          69          37  0.943605051055817     
          70          38  0.944311731981517     
          71          39  0.945639378494726     
          72          43  0.945688352743963     
          73          44  0.944551034288370     
          74          45  0.943891239176519     
          75          46  0.940921164213531     
          76          48  0.944261325586260     
          77          49  0.943759220985475     
