 -8.375930806235132E-002
 -5.312726823742508E-003
 -4.729547846150428E-002
 -4.377117376514672E-002
  4.699591676532666E-002
 -0.123810439740264     
  4.672504826365831E-002
 -4.537547093350369E-002
 -4.817603955963978E-002
 -6.153154515229353E-003
 -8.381291494322340E-002
 -4.783165042692872E-002
 -4.379152269325903E-002
  5.621810357936186E-002
 -4.411261704211622E-002
 -3.236951632111040E-002
 -2.414761977996438E-002
 -1.562527484378951E-002
 -4.714518994863326E-002
  1.524619133429850E-002
  4.028175524126709E-004
 -1.775830447168936E-002
  1.509820816107244E-002
  0.101483023228030     
 -0.216299910135644     
 -2.005814740187617E-002
 -2.118272757423600E-002
 -3.586325706071314E-003
 -3.609563982515773E-003
 -2.119110469203633E-002
 -2.008986787533029E-002
  1.508809320767135E-002
  0.101481959478469     
 -0.216291938273784     
 -1.778381968984899E-002
  3.431113088749882E-004
 -1.561792001261075E-002
 -4.697739441160387E-002
  5.620141127952349E-002
 -0.123864051317987     
  4.670537782076911E-002
 -4.387258742645361E-002
 -4.778662204981643E-002
 -6.282108273530262E-003
 -8.385984149324521E-002
 -4.824383361135443E-002
 -4.561465445906343E-002
  4.697302695681316E-002
 -4.398417334963955E-002
 -4.736371900467606E-002
 -5.343912732725720E-003
 -8.375267636015149E-002
 -4.766822230366241E-002
 -4.377261925297127E-002
 -4.383168933942816E-002
 -3.233073302649903E-002
 -2.397558505008757E-002
 -4.384155094892073E-002
 -4.770347228973382E-002
  3.940497806363452E-002
  4.100130021612014E-002
  4.195475152776296E-002
  3.829739796101261E-002
  3.955352009920110E-002
  3.981011549615543E-002
  3.906523171456289E-002
  4.127244024265997E-002
  4.003556411134179E-002
  4.099721740228934E-002
  3.812562196019587E-002
  4.004691731515553E-002
  4.393730025956655E-002
  4.694427618714325E-002
  4.047320031521118E-002
  5.113978610481484E-002
  5.173391991220155E-002
  4.626168792548002E-002
  4.626747160482669E-002
  5.171481952675516E-002
  5.114474560032678E-002
  4.049266106482541E-002
  4.007714026908948E-002
  3.802771190200405E-002
  4.085953469674364E-002
  3.949376579354269E-002
  4.192637268812249E-002
  3.917988529611061E-002
  3.974819116845574E-002
  3.953881181416452E-002
  3.833180899599631E-002
  4.074897842299563E-002
  3.959693300584233E-002
  4.200889056456947E-002
  3.847338605141104E-002
  3.998485676832653E-002
  4.392651953862781E-002
  4.695952236422996E-002
  3.999228119595633E-002
  3.851737029386393E-002
