 -0.102896019111052     
  2.632020024862269E-002
 -0.100410167206268     
 -0.102247360219431     
 -2.484885037967377E-002
 -4.350488411076103E-002
 -4.658032417489544E-002
  5.431163939483064E-002
 -0.120062250640658     
  5.329947375197808E-002
 -4.717625038533324E-002
 -4.280011873113221E-002
 -2.483165552949451E-002
  2.635598463573485E-002
 -0.102302802631002     
 -0.100599718032602     
 -0.102252964106627     
 -4.513126952481272E-002
 -4.779550412121303E-002
  3.435406041257139E-002
 -2.872142009710643E-003
 -3.995263511880953E-002
 -4.352950408634371E-002
 -1.390346304281831E-002
  2.744571973182408E-002
 -0.101946458410962     
 -0.101896611503861     
 -0.101631610377441     
 -5.220165744870098E-002
 -3.930003967687057E-004
  3.433912727749799E-002
 -0.120049792428749     
  5.329300068520038E-002
 -4.717935370000692E-002
 -4.279682975995236E-002
 -2.480818891697734E-002
  2.635998669271267E-002
 -0.102248529915491     
 -0.100596260016138     
 -0.102309132421887     
 -4.511913241469401E-002
 -4.774428131742514E-002
  5.431390060445818E-002
 -4.662111964721838E-002
 -4.351643805024441E-002
 -2.488192776655396E-002
  2.632184581416697E-002
 -0.102239658410019     
 -0.100413519368780     
 -0.102911860587930     
 -4.408264531437300E-002
 -4.738355113885895E-002
 -2.850885543109527E-003
 -3.993961281767522E-002
 -4.352436301557727E-002
 -1.390600924661189E-002
  2.744850250493513E-002
 -0.101944308889256     
 -0.101641330799928     
 -0.101856624478381     
 -5.219846771115133E-002
 -3.908628610114206E-004
 -4.731360781459149E-002
 -4.408453977188831E-002
  3.483272517346325E-002
  3.408475803923694E-002
  3.097462049567734E-002
  3.554394311610065E-002
  3.309418561050337E-002
  3.530083040631049E-002
  3.132960201299528E-002
  3.352721635515876E-002
  3.513659508733435E-002
  4.358448150307248E-002
  3.950483750129730E-002
  3.930545730283486E-002
  4.246459151916204E-002
  3.331790061730389E-002
  3.534927674190302E-002
  3.121553697401591E-002
  3.524236486795018E-002
  3.319649227075150E-002
  3.514402344964629E-002
  3.540248842075000E-002
  3.339754010056395E-002
  3.109509241625796E-002
  4.331800009339359E-002
  3.971323299266050E-002
  4.662216794113483E-002
  4.167384073163127E-002
  3.465487645147092E-002
  3.108404365411510E-002
  3.476256950987011E-002
  3.501751799654129E-002
  3.217979088704681E-002
  3.860791971802513E-002
  3.564367344110086E-002
  3.160178503922217E-002
  3.373861959217161E-002
  4.831464421276122E-002
  3.931065927529220E-002
  4.246566696259901E-002
  3.540246475967823E-002
  3.339651500605567E-002
  3.109455278623974E-002
  3.514206211383430E-002
  3.319638864520080E-002
  3.524276307597585E-002
  3.331615042127778E-002
  3.535760423957457E-002
  3.121697669967505E-002
  4.331194066737420E-002
  3.970570066092849E-002
  3.950163393566009E-002
  4.357725958241521E-002
  3.352804502164364E-002
  3.512027575735666E-002
  3.131730100286656E-002
  3.530101837982558E-002
  3.309236507302538E-002
  3.553903456152563E-002
  3.098491831325434E-002
  3.408729799734866E-002
  3.484818031885595E-002
  4.223077954449339E-002
  3.987949186562678E-002
  4.662194102771500E-002
  4.167970740874016E-002
  3.473748945545763E-002
  3.105451343544297E-002
  3.467641559683410E-002
  3.567313678654682E-002
  3.163063384092224E-002
  3.373303652252069E-002
  3.219110579900297E-002
  3.501920659007351E-002
  3.857133336442364E-002
  4.830460535573677E-002
  3.988643325071306E-002
  4.223276632501360E-002
