           2           1  0.992721917142440     
           3           2   1.03415347379575     
           4           3   1.33099302617755     
           5           4   1.47204317687361     
           6           5   1.35799027359596     
           7           6   1.27295671383300     
           8           3   1.40491892758377     
           8           7   1.34887043269920     
           9           7   1.08768893690011     
          10           9   1.35313481578410     
          11          10   1.46050048787538     
          12          11   1.39350776230899     
          13          12   1.45272576622441     
          14           9   1.26302600059422     
          14          13   1.36813096280093     
          15           6   1.04434628144279     
          15          14   1.05794319382207     
          16          15  0.975040245150455     
          17          16   1.40680209921610     
          18          17   1.37617197997644     
          19          18   1.33726704394826     
          20          19   1.40817236689993     
          21          16   1.32463829121818     
          21          20   1.39422794210132     
          22          21  0.972026393254383     
          23          22   1.05537763591883     
          24          23   1.36932381589486     
          25          24   1.45177766280267     
          26          25   1.39478423765710     
          27          26   1.45966398152626     
          28          23   1.26463372958266     
          28          27   1.35405038230693     
          29          28   1.08749397519370     
          30          29   1.35412061886237     
          31          30   1.45945694901883     
          32          31   1.39479523392354     
          33          32   1.45110952552558     
          34          22   1.05465563051696     
          34          29   1.26378029426714     
          34          33   1.36829962634995     
          35          19  0.970323705362255     
          36          35  0.971963637157361     
          37          36   1.40228012695608     
          38          37   1.43457346145917     
          39          38   1.41973085694639     
          40          39   1.44581048985625     
          41          36   1.35076499323317     
          41          40   1.37605802787355     
          42          18   1.01992809534990     
          42          41   1.00853009016555     
          43           1  0.980722215408096     
          44           1  0.989500617497537     
          45           1  0.980654310170615     
          46           4  0.945200885292509     
          47           5  0.942159864179451     
          48           8  0.943366880278926     
          49          10  0.944875455345175     
          50          11  0.945211046832399     
          51          12  0.944753099598431     
          52          13  0.942714572946521     
          53          17  0.941894055418443     
          54          20  0.939990819824825     
          55          24  0.942836415817551     
          56          25  0.944697299120379     
          57          26  0.945245648069254     
          58          27  0.944867524535000     
          59          30  0.944726875614041     
          60          31  0.945139071149923     
          61          32  0.944864012166170     
          62          33  0.943930161975651     
          63          35  0.949548004710913     
          64          35  0.948405798993379     
          65          37  0.945173454812689     
          66          38  0.945128791191594     
          67          39  0.944987296607906     
          68          40  0.946883223150742     
