 -4.519028690162763E-002
 -3.307137696818518E-002
 -4.394059695824204E-002
  5.359194828798053E-002
 -0.122684213437050     
  5.412564677175924E-002
 -4.375565793514813E-002
 -3.854663609341191E-002
 -1.341951977571121E-002
 -9.710548219903359E-004
 -3.271000783087086E-002
 -2.228135151212474E-002
  2.250238719382791E-002
  6.731117445992618E-002
 -0.223626916305983     
 -1.146604344261259E-002
  1.345651341495824E-002
 -2.843783483072748E-002
 -3.568394891926818E-002
 -4.103458404106153E-002
 -4.428524405206513E-002
 -1.236099711947336E-002
 -3.395342651264954E-003
 -4.034792000090981E-002
 -4.092482907472395E-002
 -3.746493064423806E-002
 -4.874354351639543E-002
  4.867522314464079E-003
  1.061415766064888E-002
 -7.979429345908784E-002
  5.462143899789185E-002
 -2.661232964688409E-002
 -3.820380702868231E-002
  5.609436367019471E-002
 -0.126410129400759     
  5.273342675321402E-002
 -4.353005474436067E-002
 -3.312421699513823E-002
 -4.515963185658833E-002
 -3.381453524274747E-002
 -4.630081316124013E-002
  5.289213404409665E-002
 -4.521549255778723E-002
 -3.356380890408950E-002
 -4.504933617160489E-002
 -3.315920672907868E-002
 -4.393717686712062E-002
 -3.739691947859392E-002
 -2.964949272674744E-002
 -3.694023766103705E-002
 -3.543495814188180E-002
 -3.777686079504594E-002
 -4.275588033093314E-002
  5.426911473202045E-002
 -4.171539840213878E-002
 -3.646031998843835E-002
 -1.196943144112783E-002
 -1.326933795371410E-003
 -3.258754472883130E-002
 -2.203554920668616E-002
  2.214694978500198E-002
  6.737377010324686E-002
 -0.223868934864314     
 -1.135783280000435E-002
  1.348637907854000E-002
 -2.835749543959132E-002
 -3.575967301519256E-002
 -4.115041713028500E-002
 -4.442383321316612E-002
 -1.240448046561404E-002
 -3.500127363645689E-003
 -4.055224470050423E-002
 -4.106787465944173E-002
 -3.761121443908344E-002
 -4.904185752880430E-002
  4.876968668925841E-003
  1.040163520275250E-002
 -8.022859418074013E-002
  5.394213925248437E-002
 -2.920121718640178E-002
 -3.873188100616787E-002
  5.642026380956677E-002
 -0.125993935800327     
  5.289515805978517E-002
 -4.333025891091324E-002
 -3.241545103545640E-002
 -4.459312224160339E-002
 -3.435933875385810E-002
 -4.573852871635786E-002
  5.290201269489625E-002
 -4.436297616466423E-002
 -3.345059689757157E-002
 -4.427445123586882E-002
 -3.274541041292167E-002
 -4.285719972165047E-002
 -3.946900526583619E-002
 -2.634616460820016E-002
 -3.760455235187443E-002
 -3.610246853122412E-002
 -3.951590930520599E-002
 -4.293690731587940E-002
 -4.485298681598948E-002
 -3.382562186908888E-002
  3.888602309992273E-002
  4.218783498409528E-002
  3.807196631573206E-002
  4.074236778187246E-002
  4.290717951765965E-002
  4.190031781372783E-002
  4.672309737500457E-002
  4.393940699226140E-002
  4.042770076657243E-002
  3.902493972817889E-002
  4.148138972370219E-002
  4.431763514340514E-002
  4.010839524166865E-002
  4.031825974034653E-002
  4.162782591091896E-002
  4.755884354042639E-002
  4.629022829405416E-002
  3.818269148163722E-002
  4.216018485735518E-002
  3.896161369011042E-002
  4.235119861899150E-002
  3.748659475833238E-002
  3.703070932133701E-002
  4.187210230996041E-002
  3.894178938802118E-002
  4.210861418510514E-002
  3.809459916232216E-002
  4.645339985626817E-002
  4.700404898694344E-002
  4.392566595365988E-002
  4.124273854271276E-002
  4.334107331244463E-002
  4.109052598234375E-002
  4.090648130933849E-002
  4.415174807789524E-002
  4.259044657674416E-002
  4.700737720309489E-002
  4.401999505143228E-002
  4.037451199207909E-002
  3.898681153496930E-002
  4.145634791087371E-002
  4.425821978845501E-002
  4.003970825061587E-002
  4.023495966895807E-002
  4.181323832468564E-002
  4.693024240306931E-002
  4.634322355195597E-002
  3.819995559774481E-002
  4.256656567510320E-002
  3.914210813463659E-002
  4.174437653101426E-002
  3.707812329400506E-002
  3.719053392784166E-002
  4.191126397463618E-002
  3.906182937754210E-002
  4.231661325062952E-002
  3.821957802308618E-002
  4.626317807511615E-002
  4.733802392590014E-002
  4.376486212715869E-002
  4.148173746051054E-002
  4.301252033023240E-002
  4.050302587207544E-002
  3.735279227125421E-002
  4.175329341656919E-002
