           2           1  0.989354235076986     
           3           2   1.38524880540211     
           4           3   1.43421588238522     
           5           4   1.40113825915792     
           6           5  0.993389409653576     
           7           5   1.34119365674707     
           8           7  0.978729772559228     
           9           8   1.00194185834297     
          10           9   1.36066147488476     
          11          10   1.46563369334984     
          12          11   1.31968602115405     
          13          12   1.18208925428538     
          14          13   1.64641602610843     
          15          14   1.18364132207258     
          16          15   1.28197708248438     
          17          16  0.994788615219787     
          18          17  0.970466120936808     
          19          18   1.37863418182900     
          20          19   1.41238575279174     
          21          20  0.989581856628214     
          22          20   1.38100291646566     
          23          22   1.44127299842157     
          24          18   1.34873033935193     
          24          23   1.39520243747663     
          25          24  0.993556282468971     
          26          17   1.02112419977534     
          27          26   1.37060381635882     
          28          27   1.41074638587129     
          29          28   1.45419683826552     
          30          29   1.34128944540499     
          31          26   1.31269433878200     
          31          30   1.29497344389792     
          32          31   1.03432066925581     
          33          32   1.04730228185217     
          34          33   1.38579946657193     
          35          34   1.44415622049333     
          36          35   1.40233824850963     
          37          36   1.45572356265882     
          38          30   1.07351895804235     
          38          33   1.27372055369583     
          38          37   1.35828450131699     
          39          16   1.37145373855680     
          40          39   1.45874229866130     
          41          40   1.32359156737111     
          42          41   1.18131341760103     
          43          42   1.64716854038954     
          44           9   1.28350167120662     
          44          43   1.18257495127246     
          45          12   1.22462274934754     
          45          44   1.22167327464118     
          46          15   1.22560295612223     
          46          41   1.22214556521077     
          46          45   1.21548887444348     
          47           8   1.00630995017280     
          48          47   1.37761581711838     
          49          48   1.41374758362508     
          50          49   1.45103751066806     
          51          50   1.34584249616547     
          52          47   1.32192899128467     
          52          51   1.28962076713958     
          53          52   1.03539385996773     
          54          53   1.04538765310992     
          55          54   1.38637399377984     
          56          55   1.44415934817612     
          57          56   1.40290151192562     
          58          57   1.45563495831771     
          59          51   1.07358816894861     
          59          54   1.27431088814165     
          59          58   1.35818832599803     
          60           2   1.40890868962745     
          60           7   1.37412613449026     
          61           1  0.977452130479583     
          62           1  0.969594078609614     
          63           1  0.976554126253607     
          64           3  0.944579179017722     
          65           4  0.941594411655004     
          66           6  0.965698697677067     
          67           6  0.972928696286252     
          68           6  0.977045979004901     
          69          10  0.942088583273301     
          70          11  0.941587060775914     
          71          13  0.942135398163890     
          72          14  0.938031087890793     
          73          19  0.943544583972535     
          74          21  0.979024582979886     
          75          21  0.973143733410805     
          76          21  0.971266116557000     
          77          22  0.945143421990231     
          78          23  0.941866496400616     
          79          25  0.976702930084597     
          80          25  0.974529653876378     
          81          25  0.964467717343593     
          82          27  0.943439937218151     
          83          28  0.941382515637326     
          84          29  0.943466326790070     
          85          34  0.945861459836750     
          86          35  0.945555822069551     
          87          36  0.945236354770769     
          88          37  0.945202459410040     
          89          39  0.942393089909047     
          90          40  0.941820952261260     
          91          42  0.942186617487481     
          92          43  0.934941627788348     
          93          48  0.943358551139956     
          94          49  0.941326064432590     
          95          50  0.943344804946206     
          96          55  0.944874153477312     
          97          56  0.945861701430975     
          98          57  0.945166954609641     
          99          58  0.945158818437979     
         100          60  0.943639880891185     
