 -9.025300707246053E-002
  8.722761464824602E-002
 -9.331976715666634E-002
 -8.939886683016685E-002
 -0.181610241280861     
  0.185575434358154     
 -0.262967879650564     
  1.796856944025649E-003
 -3.864144605191022E-003
 -1.496790204179543E-002
  7.912812737312169E-002
 -9.323479767445075E-002
  3.621006307636776E-002
 -4.332321399529615E-002
 -3.553598663903301E-002
 -4.306367698293911E-002
 -3.249935719693564E-002
 -2.404787311651280E-002
 -2.490775967115066E-002
 -3.294981397658248E-002
 -4.294869089008024E-002
 -3.423312803785006E-002
 -4.219900807241839E-002
  3.556646015633813E-002
 -8.993448910938895E-004
  1.664208138727208E-002
  0.468210421748209     
 -0.296639005440590     
 -0.298125107328024     
  4.129839155259751E-002
  3.596931029903228E-002
  3.858560758767116E-002
  4.057566369645771E-002
  4.106665144866484E-002
  3.795652707437369E-002
  3.579756078464214E-002
  4.192330301499325E-002
  3.910263333592523E-002
  6.579559077687169E-002
  5.337694953657579E-002
  4.096067500693923E-002
  4.474749347413132E-002
  4.182285441334144E-002
  4.378193844572265E-002
  4.338611595091835E-002
  4.172716503527929E-002
  4.536022424525077E-002
  4.207451800455397E-002
  5.532233917501106E-002
