           2           1   1.30508292138451     
           3           2   1.55726236825154     
           4           3   1.25366286419998     
           5           4   1.25831713255268     
           6           5   1.50771380039293     
           7           6  0.968053361118765     
           8           7   1.31125431189169     
           9           8   1.21606321820618     
          10           9   1.59659836460376     
          11          10   1.26527249885947     
          12          11   1.59653926692817     
          13           8   1.17468897375954     
          13          12   1.21616076526686     
          14          13   1.31096000156402     
          15          14  0.968990759487664     
          16          15   1.25735833689038     
          17          16   1.56549460023439     
          18          17   1.25181712403215     
          19          18   1.25789749747477     
          20          19   1.55570398709692     
          21          20   1.30500271124004     
          22          21   1.55735580673682     
          23          18   1.22153242870797     
          23          22   1.25352214684998     
          24          15   1.50690535897058     
          24          23   1.25861680776972     
          25          14   1.31167359701137     
          26          25   1.21603513608736     
          27          26   1.59677347429130     
          28          27   1.26502591773431     
          29          28   1.59689481627394     
          30           7   1.31206431529102     
          30          25   1.17381077882362     
          30          29   1.21585927460332     
          31           6   1.25741630373926     
          32          31   1.56558490804218     
          33           4   1.22163163180129     
          33          32   1.25177872595272     
          34           1   1.55567305736961     
          34          33   1.25791867360216     
          35           1  0.946228638064920     
          36           2  0.946033254607042     
          37           3  0.944584394411865     
          38           5  0.943494994562988     
          39           9  0.941026873740862     
          40          10  0.945549296491283     
          41          11  0.945552202040914     
          42          12  0.940949683202838     
          43          16  0.945107509411501     
          44          17  0.942359102798369     
          45          19  0.944691497343667     
          46          20  0.946228779412620     
          47          21  0.946033031597209     
          48          22  0.944581735970967     
          49          24  0.943469504150608     
          50          26  0.940932358398374     
          51          27  0.945518481074890     
          52          28  0.945509976908394     
          53          29  0.940975379671367     
          54          31  0.945119530860481     
          55          32  0.942350383379480     
          56          34  0.944690866112553     
