 -6.481627876722484E-002
  9.830875301972553E-002
 -7.519352575711569E-002
  7.737907401045518E-003
 -4.414751845293008E-002
  6.950963640359298E-002
 -9.300272774201801E-002
  3.654898318419431E-002
 -4.449173931425587E-002
 -4.017805314647038E-002
 -4.778861957967795E-002
 -3.628049219368368E-002
 -2.299026033082630E-002
 -2.603708839599594E-002
 -5.812309246800140E-002
  4.290654311165243E-002
 -2.081939915503561E-002
 -5.155462963744561E-002
  2.356777453564085E-002
  2.568591042545743E-002
 -0.102464362494699     
 -0.102464587454974     
 -2.274622158449535E-002
 -4.498192082881669E-002
 -5.342973716383081E-002
 -3.796306642270775E-002
 -5.792811112077789E-002
  5.113966612291954E-002
 -0.119979353765952     
  6.021066392303887E-002
 -2.928025861861272E-002
 -3.054420018732440E-002
 -3.443831930969043E-002
 -3.029921060045204E-002
 -2.910046265140043E-002
 -3.281952301911506E-002
 -1.605205670638554E-002
 -1.911509743694406E-002
  0.221433797364796     
 -0.315584606396400     
 -0.101844793656146     
  4.958095509984417E-002
  4.960952926083251E-002
  4.625968851539974E-002
  4.781060286408811E-002
  3.982450203712418E-002
  4.095233946815557E-002
  4.340530158558065E-002
  4.049363586178778E-002
  4.285889707235846E-002
  4.589056067681785E-002
  4.885810273153279E-002
  3.432369215204034E-002
  3.438639975070690E-002
  3.376800390932011E-002
  3.399542411641543E-002
  3.376640774164485E-002
  3.427272495214151E-002
  4.299515602979653E-002
  3.898685913575473E-002
  4.212694797967576E-002
  3.912671584167848E-002
  3.952094406233531E-002
  4.274788874275448E-002
  4.000118269100728E-002
  4.284466699999512E-002
  3.966231834491962E-002
  4.562370464268328E-002
  5.571652660088877E-002
