           2           1   1.00117590225476     
           3           2   1.70513982959188     
           4           3   1.12031020816695     
           5           4   1.33835117999066     
           6           5   1.42025773865554     
           7           6  0.996044148991522     
           8           7   1.04981927341842     
           9           8   1.37300494789041     
          10           9   1.44801158979690     
          11          10   1.39751218823855     
          12          11   1.45653848358635     
          13           8   1.26478153033413     
          13          12   1.35714112033664     
          14          13   1.08186045343063     
          15          14   1.36756094354294     
          16          15   1.38507315012908     
          17          16   1.30153625203706     
          18          17   1.41637155938361     
          19           7   1.03441427839395     
          19          14   1.26239825677244     
          19          18   1.37803959553509     
          20          17  0.945242300618763     
          21          20  0.953170000991217     
          22          20  0.952383444589827     
          23          20  0.946828292206443     
          24          23   1.40329571162271     
          25          24   1.43061017413811     
          26          25   1.41459361148896     
          27          26   1.45289579911858     
          28          23   1.32912052620118     
          28          27   1.35229055960934     
          29          16   1.02730418529499     
          29          28   1.03843030995142     
          30          29  0.941164366539238     
          31          30   1.39373162383776     
          32          31   1.43284248663297     
          33          32   1.43026815815055     
          34          33   1.43039391388054     
          35          30   1.39400307584607     
          35          34   1.43280736594299     
          36           6   1.31896437637544     
          37          36   1.49186095009849     
          38           4   1.27036495545398     
          38          37   1.32921328589708     
          39          38   1.05340666105799     
          40          39   1.73545891854493     
          41           2   1.05554463262720     
          41          39   1.03137935305505     
          42           1  0.967152439647706     
          43           1  0.967031953630582     
          44           1  0.979072503581461     
          45           3  0.942111931670004     
          46           5  0.942733961084261     
          47           9  0.943130882398143     
          48          10  0.944651765999351     
          49          11  0.944954030505652     
          50          12  0.944595877417279     
          51          15  0.937910283407877     
          52          18  0.937188111825401     
          53          21  0.975464764203646     
          54          21  0.977493167898536     
          55          21  0.975786502614378     
          56          22  0.975554642603761     
          57          22  0.975661937113276     
          58          22  0.977445821142628     
          59          24  0.942258686281534     
          60          25  0.944818968204113     
          61          26  0.943874292322146     
          62          27  0.941712968845582     
          63          31  0.947445505373587     
          64          32  0.945186303428692     
          65          33  0.946150305464001     
          66          34  0.945164463575487     
          67          35  0.947448282539840     
          68          36  0.943243340826037     
          69          37  0.940994609689259     
