           2           1   1.39441771510665     
           3           2   1.45171291792780     
           4           3   1.36972582089976     
           5           4   1.26484039138777     
           6           1   1.46025891879632     
           6           5   1.35373433670320     
           7           5   1.08778901790843     
           8           7   1.35369767738183     
           9           8   1.46029065728435     
          10           9   1.39439014275464     
          11          10   1.45174331484144     
          12           7   1.26488455264807     
          12          11   1.36969522135786     
          13           4   1.05526089968551     
          13          12   1.05523574164165     
          14          13  0.978790232544412     
          15          14   1.37643750495093     
          16          15   1.45131900539332     
          17          16   1.36572584269810     
          18          17   1.00949392115705     
          19          18   1.35929033600612     
          20          19   1.46553386256806     
          21          20   1.34222607099842     
          22          21   1.06654079516192     
          23          22   1.61125302061623     
          24          23   1.14109015585783     
          25          24   1.61115520501755     
          26          25   1.06656827814826     
          27          26   1.34229274650066     
          28          27   1.46547797833199     
          29          28   1.35912461327035     
          30          29   1.01032526828604     
          31          30   1.36530378056975     
          32          31   1.45183450594045     
          33          32   1.37571767072878     
          34          33  0.980341157985483     
          35          34   1.05457510005558     
          36          35   1.36986145109798     
          37          36   1.45161840594453     
          38          37   1.39451189103303     
          39          38   1.46026501804190     
          40          35   1.26522290805297     
          40          39   1.35368664030564     
          41          40   1.08764006909938     
          42          41   1.35395769832697     
          43          42   1.46002971048170     
          44          43   1.39464832455779     
          45          44   1.45144069464458     
          46          34   1.05512239831463     
          46          41   1.26484690551331     
          46          45   1.36993578991870     
          47          33   1.37514800238336     
          48          30   1.36470116958678     
          48          47   1.45245534066375     
          49          29   1.35477100793983     
          50          26   1.33567522968206     
          50          49   1.47044555162902     
          51          22   1.06979872484634     
          51          25   1.06992423245170     
          52          21   1.33583714311869     
          53          18   1.35527573858855     
          53          52   1.47019970370886     
          54          17   1.36560487424408     
          55          14   1.37633874892003     
          55          54   1.45148270415889     
          56           1  0.945063883927475     
          57           2  0.944759549783352     
          58           3  0.943726597786033     
          59           6  0.944698585393331     
          60           8  0.944700105727041     
          61           9  0.945063371288318     
          62          10  0.944755774541586     
          63          11  0.943726453711600     
          64          15  0.944609257299166     
          65          16  0.943834351771934     
          66          19  0.944741964342330     
          67          20  0.945689235543063     
          68          27  0.945698350524116     
          69          28  0.944740404037504     
          70          31  0.943836286034736     
          71          32  0.944577761265832     
          72          36  0.943617840463534     
          73          37  0.944730237518520     
          74          38  0.945051460592213     
          75          39  0.944708998453308     
          76          42  0.944689443340383     
          77          43  0.945064463876034     
          78          44  0.944785515505613     
          79          45  0.943698099630482     
          80          47  0.944528795541240     
          81          48  0.943663448602799     
          82          49  0.944305448060160     
          83          50  0.944159938050873     
          84          52  0.944176931908486     
          85          53  0.944321788950078     
          86          54  0.943687532745048     
          87          55  0.944579575721917     
