           2           1  0.952376010231961     
           3           2  0.953171539962510     
           4           2  0.947227626799611     
           5           4   1.40132570441481     
           6           5   1.43230921687671     
           7           6   1.41372725936824     
           8           7   1.45344068576792     
           9           4   1.33162827075235     
           9           8   1.35246065747100     
          10           9   1.03374242073495     
          11          10  0.955711733318781     
          12          11   1.33066782667249     
          13          12   1.48866123880185     
          14          13   1.32169262915306     
          15          14   1.27858812697837     
          16          11   1.43242088186272     
          16          15   1.34037950886627     
          17          15   1.07912499367804     
          18          17   1.33646056757706     
          19          18   1.47726001640272     
          20          19   1.37547205609358     
          21          20   1.48121059872954     
          22          17   1.28203831400291     
          22          21   1.32699437079353     
          23          22   1.09734419758142     
          24          23   1.36374772243709     
          25          24   1.35672016567928     
          26          25   1.09858990972825     
          27          26   1.32000874231646     
          28          27   1.47343422643398     
          29          28   1.37019039183581     
          30          29   1.47362510128371     
          31          26   1.27319747479177     
          31          30   1.32725544538807     
          32          31   1.09659215154763     
          33          32   1.32721245496142     
          34          33   1.47357082630636     
          35          34   1.37036048268127     
          36          35   1.47322828891995     
          37          32   1.27339893602440     
          37          36   1.32027616072528     
          38          25   1.21928029658161     
          38          37   1.09801315693771     
          39          38   1.35816144665481     
          40          14   1.10116096587999     
          40          23   1.21593249645572     
          40          39   1.35996450879571     
          41          10   1.01797028637515     
          42          41   1.38869711991612     
          43          42   1.36593580351788     
          44          43   1.08564111807913     
          45          44   1.35538618241398     
          46          45   1.45883623341245     
          47          46   1.39453599220731     
          48          47   1.45139323187910     
          49          44   1.26147773625857     
          49          48   1.36946886300650     
          50          49   1.05836179814496     
          51          50  0.977701725215679     
          52          51   1.38405655103623     
          53          52   1.43746448915855     
          54          53   1.42792313859574     
          55          54   1.42732471161405     
          56          51   1.38311193497342     
          56          55   1.43817900417863     
          57          43   1.25786055077308     
          57          50   1.04461439643984     
          58          57   1.37659932043461     
          59           2  0.945710742058495     
          59          41   1.30347122017218     
          59          58   1.41626223419428     
          60           1  0.975469524595930     
          61           1  0.977441529631242     
          62           1  0.975666448013122     
          63           3  0.975490349570006     
          64           3  0.975579189666089     
          65           3  0.977492738459389     
          66           5  0.942107295966095     
          67           6  0.944692775291839     
          68           7  0.943750372850999     
          69           8  0.940966363259715     
          70          12  0.944156802127611     
          71          13  0.940164800319556     
          72          16  0.941246076933970     
          73          18  0.942624493010136     
          74          19  0.945455263871152     
          75          20  0.945286119570279     
          76          21  0.943732787664247     
          77          27  0.942517619724994     
          78          28  0.945195028553664     
          79          29  0.947549155091628     
          80          34  0.947537463323364     
          81          35  0.945181447447455     
          82          36  0.942535300929247     
          83          42  0.937066844415260     
          84          45  0.944579243536754     
          85          46  0.945035696057989     
          86          47  0.944737013987406     
          87          48  0.943579616882480     
          88          52  0.946501966445067     
          89          53  0.945225871021820     
          90          54  0.946317212475462     
          91          55  0.945243987664837     
          92          56  0.946440580945869     
          93          58  0.937261852888599     
