 -3.072518416533843E-002
 -2.488413856989613E-002
 -2.530722008362574E-002
  2.636770409632971E-002
  0.112272719560582     
 -0.214095326575938     
  0.112269836804093     
  2.637197976168704E-002
 -2.531763450674429E-002
 -2.489310644953058E-002
 -3.072489565147940E-002
 -2.477061406618919E-002
 -2.550163776940995E-002
 -0.215796525155027     
  0.117458944731420     
  3.477446776981896E-002
 -3.296405069245445E-002
  7.422413154245744E-002
 -9.233266583457755E-002
  3.612856190403102E-002
 -4.281384560202817E-002
 -3.890874395207788E-002
 -4.817307058152309E-002
 -3.649270912836400E-002
 -2.796871475430684E-002
 -2.760701618722550E-002
 -3.611034264387225E-002
 -4.774502027449667E-002
 -3.881023952527496E-002
 -4.427563887306096E-002
  3.558661468467195E-002
 -3.940546619688412E-002
  7.424125808104520E-002
 -9.225802983108267E-002
  3.560345631474515E-002
 -4.426315557126514E-002
 -3.880801974634007E-002
 -4.772585952182595E-002
 -3.610699583977350E-002
 -2.760029676036346E-002
 -2.795465592289315E-002
 -3.649324122847464E-002
 -4.815463682306032E-002
 -3.891236138694776E-002
 -4.280957195904556E-002
  3.613309224112093E-002
 -3.303403398234384E-002
 -0.215838492903812     
 -2.552158869689336E-002
 -2.477802898890147E-002
  4.168739448527381E-002
  4.055001577882178E-002
  4.592943317577214E-002
  4.592904424671840E-002
  4.054528091761611E-002
  4.170105630113918E-002
  4.068511016146426E-002
  4.610601870361986E-002
  5.251079926066060E-002
  4.269121102557316E-002
  4.343128587732559E-002
  3.994753397317552E-002
  4.208237475327492E-002
  4.216942082867792E-002
  4.019596004816373E-002
  4.363733460108610E-002
  4.133456606108088E-002
  4.839683125145178E-002
  4.134006313513539E-002
  4.363807919033402E-002
  4.020093990944040E-002
  4.217373384797651E-002
  4.208467201283295E-002
  3.994928207098669E-002
  4.343052290005056E-002
  4.276262011382237E-002
  5.254993106703199E-002
  4.610002912302369E-002
  4.068946408883334E-002
