           2           1   1.43990255187047     
           3           2   1.41810639269875     
           4           3   1.39122070763066     
           5           4   1.30522875152266     
           6           1   1.41290044756897     
           6           5   1.40938556657223     
           7           5   1.00828080230117     
           8           7   1.00886471881042     
           9           8   1.40856238103662     
          10           9   1.41335563284720     
          11          10   1.43944127283024     
          12          11   1.41876435035849     
          13           8   1.30574194317213     
          13          12   1.38949918632443     
          14           4   1.00508051959778     
          14          13   1.00512342684336     
          15          14  0.977928005848508     
          16          15   1.48245380174463     
          17          16   1.33825320416019     
          18          17   1.45392045615975     
          19          18   1.19043686249654     
          20          19   1.19023114884656     
          21          20   1.46647734341622     
          22          21   1.32333305765846     
          23          22   1.54017163128936     
          24          15   1.19727341564958     
          24          19   1.26313934822440     
          24          23   1.24849482208315     
          25          20   1.05105321398315     
          26          25   1.45730510218858     
          27          26   1.27999967923454     
          28          27   1.11104179124346     
          29          28   1.31323992260584     
          30          29   1.48011383447820     
          31          30   1.36400558840974     
          32          31   1.48021480651350     
          33          28   1.26816601174240     
          33          32   1.32060692065996     
          34          33   1.10683334088014     
          35          34   1.32052049188985     
          36          35   1.48021894049072     
          37          36   1.36416869696316     
          38          37   1.47987264606504     
          39          34   1.26842566897276     
          39          38   1.31364234639029     
          40          27   1.27228547955450     
          40          39   1.11026866381680     
          41          40   1.28223993643603     
          42          18   1.05755167189863     
          42          25   1.15689575746870     
          42          41   1.45098784435853     
          43           1  0.944451547882338     
          44           2  0.943759280064956     
          45           3  0.941365802109259     
          46           6  0.945626010951218     
          47           9  0.945651703450518     
          48          10  0.944521423703662     
          49          11  0.943760349580599     
          50          12  0.941946033514365     
          51          16  0.942845850725780     
          52          17  0.941834259451828     
          53          21  0.944583029632769     
          54          22  0.944022777598635     
          55          23  0.943339155827291     
          56          29  0.942535759603230     
          57          30  0.945242669422799     
          58          31  0.947604514512761     
          59          36  0.947594235781883     
          60          37  0.945245165918677     
          61          38  0.942536068693828     
