           2           1  0.966147132668272     
           3           2  0.966151564561862     
           4           2  0.976808805873349     
           5           2  0.939513389015176     
           6           5   1.38141699776214     
           7           6   1.45283483628945     
           8           7   1.36525936019725     
           9           8  0.994348993297761     
          10           9   1.00993400989964     
          11          10   1.35844706589264     
          12          11   1.45569640630707     
          13          12   1.37832812187670     
          14          13  0.940672693070127     
          15          14   1.14635073910734     
          16          15  0.961695819304348     
          17          16  0.972005166595101     
          18          16  0.966529953709420     
          19          16  0.870894663314485     
          20          19  0.966528778398978     
          21          19  0.972005520293253     
          22          14   1.14633696387966     
          22          19  0.961695121955233     
          23          13   1.37835708113007     
          24          10   1.35855857933487     
          24          23   1.45565593546398     
          25           9  0.994427947849154     
          26          25   1.37468020824336     
          27          26   1.44107875927142     
          28          27   1.39352945393727     
          29          28  0.939529060999698     
          30          29  0.966194138226869     
          31          29  0.966118206726912     
          32          29  0.976785229283890     
          33          28   1.38079491384151     
          34          25   1.36440117965647     
          34          33   1.45342752225204     
          35           8   1.37392453134198     
          36           5   1.39293533254028     
          36          35   1.44163328965449     
          37           1  0.978226471263009     
          38           1  0.976230131316965     
          39           1  0.978063983191979     
          40           3  0.976188086210225     
          41           3  0.978215410116320     
          42           3  0.978050398475586     
          43           4  0.977596226722345     
          44           4  0.977601954144843     
          45           4  0.978379476254023     
          46           6  0.942668309041105     
          47           7  0.944403833092037     
          48          11  0.942587597923227     
          49          12  0.944760572056095     
          50          17  0.979017346409736     
          51          17  0.976336255665121     
          52          17  0.976544897271604     
          53          18  0.976989021758409     
          54          18  0.976622637247083     
          55          18  0.978613303638665     
          56          20  0.978611279765587     
          57          20  0.976991439873138     
          58          20  0.976622345214413     
          59          21  0.976540943805027     
          60          21  0.979019163282141     
          61          21  0.976337474535339     
          62          23  0.944763017615341     
          63          24  0.942609200744170     
          64          26  0.944362996409239     
          65          27  0.942866284256709     
          66          30  0.976156235427817     
          67          30  0.978048921356053     
          68          30  0.978209232348005     
          69          31  0.976218675599851     
          70          31  0.978067154221074     
          71          31  0.978244473284868     
          72          32  0.977617677372092     
          73          32  0.978380736518310     
          74          32  0.977605372426296     
          75          33  0.942622437806170     
          76          34  0.944313431149800     
          77          35  0.944292772563041     
          78          36  0.942824256967276     
