 -4.615073756984689E-002
 -3.412162471971580E-002
 -4.413426008223809E-002
  5.399170966288747E-002
 -0.125213238171776     
  5.395653195136330E-002
 -4.360368603929388E-002
 -3.386554355179427E-002
 -4.613609564762022E-002
 -3.423341318099471E-002
 -4.433048438026432E-002
  5.396228393851477E-002
 -4.420847389342519E-002
 -3.646669170080319E-002
 -1.168053491593479E-002
  3.790724275748225E-003
 -3.391086829315260E-002
 -2.516712731422110E-002
  3.803241070713748E-002
 -0.182628113586000     
  4.283385164467690E-002
  4.295780987240194E-002
 -0.180870003428386     
  3.934271312189264E-002
 -3.248564394163544E-002
  4.317413847652052E-003
 -1.196394329066930E-002
 -1.898083345783519E-002
 -2.988571643102844E-002
  8.053985386005991E-003
 -2.982977761146177E-002
 -1.907585520263311E-002
 -1.215814457738063E-002
  4.007379340553729E-003
 -3.853464231615700E-002
 -3.844522413587548E-002
 -4.478511380857597E-002
 -4.393584250853078E-002
 -3.412923427561498E-002
  3.845892751760360E-002
  4.160360746932368E-002
  3.798379560807208E-002
  3.835670381683121E-002
  4.178633885579275E-002
  3.843378274819376E-002
  4.154273762516403E-002
  3.782271645482538E-002
  4.061990730611498E-002
  4.428705691098433E-002
  4.426427403469979E-002
  4.466212492781263E-002
  4.165915890342353E-002
  5.064216067186844E-002
  4.544142196209799E-002
  4.442888572046444E-002
  4.441048519368707E-002
  4.542598009115262E-002
  5.047127834245846E-002
  4.314809205421366E-002
  4.047777759975180E-002
  3.811706595870734E-002
  4.163977451075906E-002
