 -5.076829516380688E-002
 -3.508187646258687E-002
 -5.175838800760957E-002
  5.280316456851164E-002
 -0.130517473283253     
  5.315698230925303E-002
 -3.657331038298395E-002
 -3.478911274086194E-002
 -1.028662841413386E-002
  6.405906482562784E-004
 -3.166666913342020E-002
 -2.210799645612394E-002
  2.243465592799332E-002
  6.933493757315556E-002
 -0.219876569343717     
 -1.180302977047454E-002
  1.346010034211487E-002
 -2.842945872082137E-002
 -3.515296448610705E-002
 -4.069795152361699E-002
 -4.402150385664694E-002
 -1.214610843010977E-002
 -3.038537944162201E-003
 -3.991004914022422E-002
 -4.061892744421414E-002
 -3.738048839361774E-002
 -4.857977228480514E-002
  5.084297458375353E-003
  1.018078261493160E-002
 -8.054040746801050E-002
  5.559726544882970E-002
 -3.147763382698621E-002
 -3.677481962820650E-002
  5.532452819538358E-002
 -0.125936134019462     
  5.318434821729845E-002
 -4.658513877480797E-002
 -3.376108661436472E-002
 -4.536559108062832E-002
 -3.314173027065692E-002
 -4.413092396887919E-002
  5.188448004838131E-002
 -4.548465817095781E-002
 -3.608178449334876E-002
 -5.318328526434080E-002
 -3.841738666802375E-002
 -5.063295600765372E-002
 -3.581866570457226E-002
 -2.692311047460993E-002
 -3.192591518311705E-002
 -3.306532858340816E-002
 -3.697213022083279E-002
 -4.362435340621129E-002
  5.404808040728160E-002
 -3.595716948855188E-002
 -3.693068013080314E-002
 -9.133734711982200E-003
 -1.408704377817038E-003
 -3.228568094661988E-002
 -2.157172826528964E-002
  2.249226837382778E-002
  6.740600385355666E-002
 -0.220518345493735     
 -1.190540527243122E-002
  1.339143241522978E-002
 -2.858542223874760E-002
 -3.544666281353237E-002
 -4.106465264417380E-002
 -4.419529451962045E-002
 -1.231976310948024E-002
 -3.080620713978632E-003
 -3.999285459513224E-002
 -4.072184098655729E-002
 -3.730531252976377E-002
 -4.768892037547356E-002
  4.871323098282865E-003
  1.098158157358853E-002
 -8.278188060096436E-002
  5.433491178232774E-002
 -2.893499792622212E-002
 -3.697718906076641E-002
  5.696869920093262E-002
 -0.122454203165039     
  5.237577493730772E-002
 -4.736923293802153E-002
 -3.445994613667036E-002
 -4.639410890315609E-002
 -3.475350319968129E-002
 -4.680908544101214E-002
  5.335001712409548E-002
 -4.784076815324401E-002
 -3.587588361547400E-002
 -4.626245509513804E-002
 -3.397763980524360E-002
 -4.380361271985933E-002
 -3.900097904377642E-002
 -2.600098056025502E-002
 -3.856926869404642E-002
 -3.965371663399164E-002
 -3.812014004382736E-002
 -3.831249358132460E-002
 -5.160884554870204E-002
 -3.504089724296566E-002
  3.802328953700518E-002
  4.140817374171890E-002
  3.709173140082345E-002
  4.177295631837696E-002
  4.318064594613036E-002
  4.172093799919285E-002
  4.561386789678923E-002
  4.417409575714470E-002
  4.050526392624476E-002
  3.909293775222322E-002
  4.152813107237352E-002
  4.442815348695905E-002
  4.017286963975675E-002
  4.018177949865454E-002
  4.140553499746957E-002
  4.710044621338139E-002
  4.782712066252270E-002
  3.647173206320353E-002
  4.152509926298309E-002
  3.885398988081878E-002
  4.213853791283650E-002
  3.843159010660846E-002
  3.923635673390014E-002
  4.289306507703949E-002
  4.271904991713249E-002
  4.417287330774655E-002
  3.741063976520687E-002
  4.631254604330526E-002
  4.771033480999354E-002
  4.309751981628662E-002
  4.121235949885460E-002
  4.270848809088046E-002
  4.224184006367682E-002
  4.161173139139196E-002
  4.449796094677450E-002
  4.315750241154470E-002
  4.687085831802085E-002
  4.408664278880881E-002
  4.039428851972970E-002
  3.898963554620638E-002
  4.143627338813638E-002
  4.425092608787073E-002
  4.008985665358344E-002
  4.025385271598458E-002
  4.094133179412807E-002
  4.693239729144261E-002
  4.677858895398068E-002
  3.671785643560244E-002
  4.140961633188933E-002
  3.839066263197699E-002
  4.372011084474903E-002
  4.126041140832115E-002
  3.976656613683061E-002
  4.428057829258092E-002
  3.940175292764703E-002
  4.186642879838987E-002
  3.843387204490611E-002
  4.735385445314944E-002
  4.728630158975744E-002
  4.424504218567926E-002
  4.499818569347580E-002
  4.590720025324724E-002
  4.091511547361704E-002
  3.682702165901719E-002
  4.142016425084860E-002
