 -8.458992247480612E-002
 -7.765063294674412E-003
 -4.901274008829404E-002
 -4.610888612518860E-002
  4.762661435849802E-002
 -0.126483705955066     
  4.767863949702500E-002
 -4.522486229740341E-002
 -4.843352077351337E-002
 -7.650009051572759E-003
 -8.455201314522398E-002
 -4.890433480984768E-002
 -4.612661120756467E-002
  5.175271159942385E-002
 -4.583911704068555E-002
 -4.477258528711481E-002
 -2.073715838687207E-002
  1.119803864430313E-002
 -1.904155757226356E-002
 -4.323331525029506E-002
 -4.480781512919574E-002
  5.058988610683635E-002
 -0.126813793853471     
  4.770191287727243E-002
 -4.648313851605312E-002
 -4.907784197823695E-002
 -8.063234381976869E-003
 -8.461810291800376E-002
 -4.859391819879288E-002
 -4.579112171924749E-002
  4.768546611517754E-002
 -4.557427966278738E-002
 -4.869421703461896E-002
 -7.774534119285192E-003
 -8.460470768555428E-002
 -4.885977461339230E-002
 -4.556366680272816E-002
 -4.618861910828898E-002
 -4.567946741744411E-002
 -6.208667735735052E-002
 -5.725593810813479E-002
 -5.646827121439113E-002
 -5.316061726714594E-002
 -6.148369752136862E-002
 -4.180145196956531E-002
 -4.414177410763997E-002
 -4.535484609313123E-002
 -4.840277504078916E-002
  3.916167219124589E-002
  4.064257690229123E-002
  4.146360718017505E-002
  3.788391519350354E-002
  3.969753679088261E-002
  3.992982266893674E-002
  3.755526292541012E-002
  4.107871427907583E-002
  3.890867293936129E-002
  4.135951432523954E-002
  3.798708520976379E-002
  3.964028869944636E-002
  3.954852982386048E-002
  4.308667177833259E-002
  4.255039892912160E-002
  3.940446065682923E-002
  3.973749967952700E-002
  3.792212793087646E-002
  4.088547984504576E-002
  3.891734122860335E-002
  4.142374150395078E-002
  3.748733363557633E-002
  3.974873313577310E-002
  4.028004058437762E-002
  3.767165558748098E-002
  4.158686000548306E-002
  3.971262252479935E-002
  3.994222051021046E-002
  3.769638909022022E-002
  3.979804732505587E-002
  3.917724444614190E-002
  4.521380535883757E-002
  3.045009007399835E-002
  3.673153581336630E-002
  3.406619277126766E-002
  3.000854917174922E-002
  3.423017538868844E-002
  2.416096724387384E-002
  3.493525393991703E-002
  2.864913311781636E-002
  3.301824987828694E-002
  3.789771889528859E-002
  4.272342981792154E-002
  3.974538554890050E-002
  4.032149138199459E-002
  3.754836945195461E-002
