 -0.233591812859060     
  0.147370958620145     
 -1.232760855976789E-002
 -3.836869971662171E-002
 -2.931878385235542E-002
 -2.992067664764253E-002
 -2.630253286030815E-002
 -2.697095911993319E-002
 -1.707852798676068E-002
 -2.178685963535631E-002
 -2.874010202221200E-002
  6.618878552854968E-002
 -9.198187154047055E-002
  3.561784607182128E-002
 -4.459957716110274E-002
 -3.907831440414533E-002
 -4.684719881057031E-002
 -3.503254485180030E-002
 -2.563616704740834E-002
 -2.611852123274705E-002
 -4.059794107763359E-002
 -1.217892577591329E-002
 -1.182681925093476E-002
 -3.956987204492446E-002
 -4.386538171252052E-002
  5.240746864140133E-002
 -0.125785674623700     
  5.397502702994528E-002
 -4.537628748871292E-002
 -3.455168553725141E-002
 -4.719886978776788E-002
 -3.446037865318274E-002
 -4.540589355631308E-002
  5.405648933124896E-002
 -4.534375451474748E-002
 -3.457109937513714E-002
 -4.729638308297535E-002
 -3.455561052396217E-002
 -4.534194737513442E-002
 -4.402547561966852E-002
 -3.948628043391444E-002
 -4.225811844960869E-002
 -4.150473066188809E-002
  3.487116578653016E-002
 -3.139125146349908E-002
 -3.252872985444455E-002
  4.098796257978254E-002
  3.895805199782698E-002
  4.067700344572300E-002
  3.989094543807947E-002
  4.407272840417387E-002
  5.099600926122494E-002
  4.330685061362916E-002
  4.025588153142923E-002
  4.341550323110455E-002
  4.064809219855214E-002
  4.284348534931959E-002
  4.312541124163904E-002
  4.230250278471492E-002
  4.039050042287473E-002
  3.790468071224073E-002
  4.140329342346705E-002
  3.826766822342509E-002
  4.145346962311702E-002
  3.793430878100634E-002
  3.795640071820561E-002
  4.140232608790051E-002
  3.821171300672443E-002
  4.136415766422552E-002
  3.794410523885372E-002
  4.024959759486757E-002
  4.239007719594368E-002
  4.505132087801245E-002
  4.417306762717277E-002
  4.254858600548816E-002
  4.820842688173321E-002
