           2           1   2.83557626511644     
           3           2   1.05251646670903     
           4           3   1.30677008219351     
           5           4   1.43558233760125     
           6           5   1.15863068391386     
           7           6   1.42962611418390     
           8           3   1.28044647543594     
           8           7   1.30959542502271     
           9           8   1.05172624053302     
          10           9   2.83637917497231     
          11           6   1.06862726620184     
          12          11   1.44325917638400     
          13          12   1.34703306429094     
          14          13   1.46823098325961     
          15          14  0.999800181229273     
          16          15   1.37713068864652     
          17          16   1.37751972858416     
          18          17  0.997909198433858     
          19          18   1.37469189154949     
          20          19   1.44193948456191     
          21          20   1.42609251845482     
          22          21   1.42630233443646     
          23          18   1.37479213349556     
          23          22   1.44170750216751     
          24          17   1.37887061979879     
          25          24   1.37713278259881     
          26          25  0.999147772184901     
          27          26   1.37425584987400     
          28          27   1.44200510073448     
          29          28   1.42610990638373     
          30          29   1.42603503601896     
          31          26   1.37418472117903     
          31          30   1.44213470529713     
          32          15   1.37465698227952     
          32          25   1.37816139777526     
          33          14   1.19397122638022     
          34          33   1.25185877324220     
          35          34   1.53407828928532     
          36          35   1.32974324594132     
          37           5   1.06248984125681     
          37          36   1.45643526300228     
          38          11   1.18969066403162     
          38          33   1.26380740273811     
          38          37   1.19028719296802     
          39          12  0.942894450720041     
          40          13  0.942506924757115     
          41          16  0.944908247495265     
          42          19  0.947106236667978     
          43          20  0.946544969875624     
          44          21  0.947462436284636     
          45          22  0.946529682277233     
          46          23  0.946977193271217     
          47          24  0.944303435439069     
          48          27  0.946894555226618     
          49          28  0.946516866037818     
          50          29  0.947455193214980     
          51          30  0.946567647006608     
          52          31  0.947011027137853     
          53          32  0.944190137828223     
          54          34  0.941599721986547     
          55          35  0.943945243038041     
          56          36  0.944430654434123     
