 -0.207784923893816     
  0.105171595609058     
  1.944978963240152E-002
 -9.884056190509583E-003
 -1.383021269616780E-002
  8.188439938544034E-002
 -9.799028449734859E-002
  3.585779494955554E-002
 -4.490716000994954E-002
 -3.745610120213705E-002
 -4.481926916154499E-002
 -3.286799601447488E-002
 -2.179201391353391E-002
 -2.192756690914610E-002
 -3.758851460612433E-002
 -8.513371492045785E-003
 -8.519879983059475E-003
 -3.903387559729765E-002
 -4.040271129063200E-002
  3.605370179219269E-002
 -2.193789549096525E-002
 -3.759341019277596E-002
 -2.179652866418103E-002
 -3.287080893925687E-002
 -4.481970248916234E-002
 -3.746131749416826E-002
 -4.491494071243096E-002
  3.583540717660405E-002
 -9.799979559378258E-002
  8.187963329172154E-002
 -1.382850761334264E-002
 -9.886021700070025E-003
  1.945996849465281E-002
  0.105171768726722     
 -0.207775869839807     
 -7.786363960756049E-003
  3.482577150643085E-002
  0.285179122466642     
 -0.137854566582102     
 -0.137986156281285     
 -0.122120660933591     
 -3.903098770643254E-002
 -4.041544635176653E-002
  3.603353408297316E-002
  3.480898432487933E-002
  0.285174715731181     
 -0.137892507985936     
 -0.137967655440108     
 -0.122109614180525     
 -7.789777894685379E-003
  5.775227076829981E-002
  5.185948124446038E-002
  3.879421126260818E-002
  4.393580409429754E-002
  4.113463055383837E-002
  4.363042117567362E-002
  4.352933813439375E-002
  4.521335108402103E-002
  4.186264222703806E-002
  4.352851438756622E-002
  4.363091813494280E-002
  4.113439920767503E-002
  4.393499694443936E-002
  3.879435604232340E-002
  5.185619859822976E-002
  5.774932774376573E-002
  5.848072820296046E-002
  4.521533188671079E-002
  4.185748593344696E-002
  5.847587870768056E-002
