 -0.244629318122224     
  0.197030056805193     
  8.584837888480745E-003
 -7.193865851911951E-003
 -1.038628773647510E-002
 -2.518295359569578E-002
  1.182614410922511E-002
 -2.550102982683100E-002
 -1.059831955784940E-002
 -8.114904079907781E-003
  5.529236319396613E-003
 -5.336282887445698E-003
  0.205846768557115     
 -0.217893240944651     
 -0.106499290535806     
  0.102221217135172     
 -0.213850767241771     
  2.407846292419524E-003
 -2.786907835514274E-002
 -5.087917241266382E-002
  5.178381649295449E-002
 -5.715243904472089E-002
 -4.839004895261478E-002
 -3.597466470384791E-002
  7.112987304148444E-002
  5.575926089445360E-002
  4.862140582263907E-002
  4.751804885054578E-002
  4.721729742401992E-002
  4.852499696646029E-002
  5.589529860732168E-002
  4.756731434452843E-002
  4.439575093627945E-002
  4.359249336188542E-002
