           2           1   1.42456684032087     
           3           2   1.44320259951944     
           4           3   1.37162827624869     
           5           4  0.997521124698994     
           6           5  0.994286692977325     
           7           6   1.37261795536456     
           8           7   1.44290462057766     
           9           8   1.42462441153123     
          10           9   1.42438636452728     
          11           6   1.37259477741249     
          11          10   1.44329567645407     
          12           5  0.997273816635003     
          13          12   1.37306420767448     
          14          13   1.37696936676705     
          15          14   1.00326689890289     
          16          15   1.36232303731674     
          17          16   1.45911659433807     
          18          17   1.35360967488414     
          19          18   1.02530178018632     
          20          19   1.58359411442258     
          21          20   1.13589810756647     
          22          21   1.34246090681226     
          23          22   1.47277018416252     
          24          23   1.38655005288835     
          25          24   1.45647913503616     
          26          21   1.25277546070159     
          26          25   1.36797561413587     
          27          19   1.10324448095704     
          27          26   1.06041046608379     
          28          27  0.961186867995123     
          29          28   1.38482328536154     
          30          29   1.43783858936944     
          31          30   1.42659923440360     
          32          31   1.43090143990077     
          33          28   1.38971698782968     
          33          32   1.43319046530295     
          34          18   1.35643392690394     
          35          15   1.36281195727176     
          35          34   1.45885575379278     
          36          14   1.37446063019297     
          37          36   1.37424400723332     
          38          37  0.997897388699147     
          39          38  0.993710382530295     
          40          39   1.37276422192233     
          41          40   1.44307941150677     
          42          41   1.42453479641519     
          43          42   1.42457028127051     
          44          39   1.37271402071701     
          44          43   1.44300325016657     
          45          38  0.996580591906600     
          46          45   1.37119567189559     
          47          46   1.44360075261451     
          48          47   1.42410325170704     
          49          48   1.42436767794941     
          50          45   1.37174957561984     
          50          49   1.44339673209296     
          51          12   1.37812194291262     
          51          37   1.37650325919306     
          52           4   1.37054507991211     
          53           1   1.42382070851787     
          53          52   1.44397491289991     
          54           1  0.946539692608532     
          55           2  0.945265758704015     
          56           3  0.946262667233673     
          57           7  0.946386767580531     
          58           8  0.945295267286162     
          59           9  0.946588727871560     
          60          10  0.945283875118875     
          61          11  0.946154107935132     
          62          13  0.943255217852826     
          63          16  0.943802010719750     
          64          17  0.944619067987834     
          65          22  0.944719954058228     
          66          23  0.944866865898820     
          67          24  0.944479983646574     
          68          25  0.943296851330007     
          69          29  0.946344385614928     
          70          30  0.944945215798805     
          71          31  0.946018602034925     
          72          32  0.945015576740533     
          73          33  0.946792864868252     
          74          34  0.943288918664763     
          75          35  0.944328404223828     
          76          36  0.943050856081060     
          77          40  0.946152210044710     
          78          41  0.945252343082613     
          79          42  0.946572985669277     
          80          43  0.945288383602624     
          81          44  0.946413147766962     
          82          46  0.946206369199209     
          83          47  0.945285229108133     
          84          48  0.946594671586895     
          85          49  0.945286237617136     
          86          50  0.946312055403360     
          87          51  0.943362442627709     
          88          52  0.946091728839685     
          89          53  0.945286101100469     
