 -9.045050603066063E-002
 -4.960706957699390E-002
 -6.051694682383868E-002
 -6.235782226232445E-002
 -5.862956601175640E-002
 -5.102880274451049E-002
 -4.748060374392882E-002
  1.890476995224111E-002
 -0.121288442675905     
  0.193217577344620     
 -0.253110545032982     
 -5.158918329532725E-002
 -1.118125327441799E-002
  1.617301653482306E-002
 -4.378025487428427E-002
 -2.383615311447240E-002
 -3.370514734218677E-002
  6.941912357028279E-002
 -9.222023202539908E-002
  3.768572226476552E-002
 -4.112175579381194E-002
 -3.800021233423667E-002
 -4.855440969187441E-002
 -3.691370713939612E-002
 -2.815358271798729E-002
 -2.712854851420499E-002
 -3.653287186822407E-002
 -4.904648531385991E-002
 -4.083159004342374E-002
 -4.567726632295876E-002
  3.558841986697825E-002
 -4.174475836588165E-002
  0.123878401091173     
 -1.172803921998433E-002
  1.584868053760990E-002
 -4.359375028139745E-002
 -2.366935849077834E-002
 -3.319280329227592E-002
  6.958263020416400E-002
 -9.241955815465097E-002
  3.776688542809570E-002
 -4.116378491132444E-002
 -3.816377136470273E-002
 -4.855971365771694E-002
 -3.676500518777015E-002
 -2.803334034955363E-002
 -2.715871843606354E-002
 -3.651605192181329E-002
 -4.910528770485456E-002
 -4.075433282149898E-002
 -4.561619755109891E-002
  3.572260925151349E-002
 -4.110002848356231E-002
 -5.155294570450586E-002
  0.193215685495448     
 -0.253591846128765     
  2.683335696237865E-002
  3.649227661152243E-002
  2.884917975930679E-002
  2.688582280465568E-002
  2.678212153040527E-002
  2.293018326675933E-002
  2.354998969147126E-002
  2.340832489031663E-002
  3.090339338336756E-002
  3.003735673353825E-002
  2.837949159641528E-002
  3.057729744420667E-002
  3.277185800972082E-002
  4.223470651266437E-002
  3.612442223155532E-002
  5.082463856466501E-002
  4.982154319010990E-002
  4.157401836787133E-002
  4.797191778567889E-002
  4.408195687181216E-002
  4.133363778493893E-002
  4.292819942328996E-002
  3.937502911874025E-002
  4.134989292763180E-002
  4.211217371722442E-002
  3.984785088034337E-002
  4.266731702607662E-002
  3.959994141413248E-002
  5.422101379697719E-002
  4.155335608264865E-002
  4.803285422076708E-002
  4.405766139323042E-002
  4.046278042733320E-002
  4.280780154361064E-002
  3.940108734011905E-002
  4.140104424007585E-002
  4.208295673617479E-002
  3.982227266232796E-002
  4.266012158133203E-002
  3.949749120595891E-002
  5.392038932402698E-002
