           2           1   2.81611855268802     
           3           2   1.06355071910997     
           4           3   1.33234786768051     
           5           4   1.46749411363529     
           6           5   1.35150295971326     
           7           6   1.00227611508683     
           8           7   1.36656164809186     
           9           8   1.43637235341318     
          10           9   1.43643436299189     
          11          10   1.36649330917580     
          12          11   1.00233045741119     
          13          12   1.35151120777963     
          14          13   1.46747916117680     
          15          14   1.33239970566974     
          16          15   1.06349776726625     
          17          16   2.81617731956093     
          18          15   1.29248345383578     
          19          18  0.985079915406769     
          20          19   1.04842173196206     
          21          20   1.37261821774117     
          22          21   1.44904685825315     
          23          22   1.39666278658076     
          24          23   1.45880631791164     
          25          20   1.26717815632430     
          25          24   1.35463889271151     
          26          25   1.08498383747549     
          27          26   1.35433105690410     
          28          27   1.45927911165133     
          29          28   1.39649541280696     
          30          29   1.44918813521869     
          31          19   1.04689823769178     
          31          26   1.26762481925417     
          31          30   1.37225003572131     
          32          12   1.37543520947799     
          32          18   1.40639187095592     
          33           7   1.38204283148431     
          33          11   1.38206069676902     
          34           6   1.37549076786522     
          35           3   1.29252326926228     
          35          34   1.40636667917111     
          36          35  0.985050841530918     
          37          36   1.04689577662592     
          38          37   1.37225052169453     
          39          38   1.44918793414565     
          40          39   1.39649253241083     
          41          40   1.45928263681463     
          42          37   1.26762284871453     
          42          41   1.35432827316380     
          43          42   1.08498207692797     
          44          43   1.35463998003117     
          45          44   1.45880689286147     
          46          45   1.39666071819488     
          47          46   1.44904879091145     
          48          36   1.04843975153396     
          48          43   1.26717228054980     
          48          47   1.37261502328088     
          49           4  0.941108614891238     
          50           5  0.942452365096007     
          51           8  0.946075591538421     
          52           9  0.944291944281766     
          53          10  0.946067044446164     
          54          13  0.942453732051953     
          55          14  0.941110772514231     
          56          21  0.944176697546205     
          57          22  0.944756528599110     
          58          23  0.944976988820366     
          59          24  0.944671428404208     
          60          27  0.944709336736074     
          61          28  0.944942797531999     
          62          29  0.944610946873333     
          63          30  0.943674525311871     
          64          32  0.942966891424909     
          65          33  0.945045307977915     
          66          34  0.942976451493104     
          67          38  0.943672658230742     
          68          39  0.944610880560676     
          69          40  0.944941944221965     
          70          41  0.944709091719740     
          71          44  0.944671427866802     
          72          45  0.944977270586294     
          73          46  0.944757003205964     
          74          47  0.944183839770838     
