 -2.077943199325638E-002
  3.361583161345338E-002
 -0.172355627841227     
  5.928846892939710E-002
  9.466744850462838E-003
 -5.527984428278288E-003
  5.296366124477947E-002
 -0.189216604559282     
  4.965885636104295E-002
 -2.195956264944243E-002
  6.689445495703605E-002
 -9.675450672362906E-002
  3.679278776420736E-002
 -4.166670398382255E-002
 -3.611981909373885E-002
 -4.579501594449376E-002
 -3.460401975537764E-002
 -2.450260515861835E-002
 -2.439335924955000E-002
 -3.500993637382077E-002
 -4.686735467868441E-002
 -3.857988052429828E-002
 -4.375888418949270E-002
  3.637133554623739E-002
  6.688448300684735E-002
 -9.671178508056322E-002
  3.636718386758231E-002
 -4.377220805312554E-002
 -3.858344662315538E-002
 -4.686989181184131E-002
 -3.501500196688401E-002
 -2.440027202098172E-002
 -2.451079522952870E-002
 -3.461076689255282E-002
 -4.580599667165330E-002
 -3.612693040821480E-002
 -4.167217346792018E-002
  3.681973156033846E-002
 -2.200833765208365E-002
  4.966069763902103E-002
 -0.189230814129215     
  5.296674110846888E-002
  9.461561897470716E-003
 -5.528865573670494E-003
 -2.077856489786534E-002
  3.361181084283116E-002
 -0.172353767645409     
  5.928750852212339E-002
  4.374522784473456E-002
  5.524097948464857E-002
  4.860794249972911E-002
  5.201092075986757E-002
  4.093028351334449E-002
  4.374245663626453E-002
  3.965339769308029E-002
  4.180119800948523E-002
  4.249821207567639E-002
  4.030957622888309E-002
  4.355692862457716E-002
  4.077476709999195E-002
  4.079188634970388E-002
  4.355747694580558E-002
  4.030781543974926E-002
  4.249630404429516E-002
  4.180030112692568E-002
  3.965183443614884E-002
  4.373933165136135E-002
  4.093112168753210E-002
  5.201183234279649E-002
  4.861123869207873E-002
  4.374651332021284E-002
  5.524150905347547E-002
