 -3.802780627692304E-002
 -3.485746509638954E-002
 -4.105164745917556E-002
 -1.620069668721413E-003
 -1.527885894642544E-002
 -3.894165461946564E-002
 -4.499040147882738E-002
  5.419397129265757E-002
 -0.119424060925104     
  5.382582651352052E-002
 -4.069816694056705E-002
 -3.724480260347107E-002
 -9.556603735719094E-003
  1.038914069050101E-003
 -3.961021042167179E-002
 -3.490269281393221E-002
 -3.836500505217444E-002
 -3.578186951180395E-002
 -3.861555489965873E-002
 -3.452062726086158E-002
 -3.798290562797924E-002
  5.208550439174564E-002
 -5.479776718376339E-002
 -3.442647358534323E-002
 -3.790769179176490E-002
 -2.628106287183130E-002
 -3.779860179567152E-002
 -4.863089821751210E-002
 -4.060459189863241E-002
 -4.462671455598777E-002
  3.576203378142218E-002
 -9.173621884566874E-002
  6.682007741670137E-002
 -2.617360334385133E-002
 -1.951375122700139E-002
  3.952538862157429E-002
 -0.186578510877755     
  5.323327038212389E-002
  1.080012015959309E-002
 -2.954227626241490E-002
 -2.905437843065961E-002
 -3.414900123796105E-002
 -3.067812557387750E-002
 -3.843722485628920E-002
  5.382159712693158E-002
  1.149900942275339E-002
 -3.746021533467392E-002
 -3.032511558901430E-002
 -3.440331094636750E-002
 -2.894753102076653E-002
 -2.934792689293531E-002
 -0.183216051093431     
  4.647232392555667E-002
 -2.992414241608632E-002
  3.824210454364918E-002
 -5.725672709092677E-002
 -4.489620640258885E-002
 -3.874622503489977E-002
 -4.114487616946327E-002
 -3.492478323068582E-002
  3.753705120056627E-002
  3.817691910645460E-002
  3.672123577602193E-002
  4.255502615466034E-002
  4.085099263925118E-002
  3.998330067818956E-002
  4.198589740966052E-002
  3.648225915448655E-002
  3.806976561161757E-002
  3.723652354426554E-002
  3.863343151204268E-002
  3.768128219283928E-002
  4.394608058979388E-002
  4.047807589473240E-002
  4.296834032583385E-002
  4.936601673316643E-002
  4.172119769225713E-002
  4.018415292759880E-002
  4.315614910006527E-002
  4.048677538464340E-002
  4.814684063510122E-002
  5.027224534254171E-002
  4.272128072128800E-002
  4.006582430607253E-002
  3.983243291361871E-002
  3.969124858688799E-002
  4.383932282613623E-002
  4.144338389583824E-002
  3.979269736125657E-002
  3.938946145824018E-002
  4.077795486685132E-002
  4.554337586598745E-002
  4.470813297405452E-002
  4.379895846255488E-002
  3.988070979387270E-002
  4.265227419340600E-002
  3.673952770924527E-002
  3.816411992839863E-002
