           2           1  0.989985006314765     
           3           2   1.37741522407210     
           4           3   1.45765981867080     
           5           4   1.34953559935501     
           6           5   1.33547672965654     
           7           2   1.40214913743279     
           7           6   1.40275723927570     
           8           6  0.919957036542129     
           9           8  0.931140938301282     
          10           9   1.39225191127471     
          11          10   1.44363738951671     
          12          11   1.40117769944035     
          13          12   1.46507286304258     
          14           9   1.33467208078730     
          14          13   1.33850773661280     
          15          14   1.00671057030491     
          16          15   1.77220786456156     
          17          15   1.00678486465451     
          18          17   1.33844750687951     
          19          18   1.46508760169557     
          20          19   1.40116717536383     
          21          20   1.44366016831380     
          22           8  0.930556318063197     
          22          17   1.33469825690381     
          22          21   1.39217930668171     
          23           8  0.918616505206778     
          24          23   1.40170399529522     
          25          24   1.40318773983295     
          26          25  0.989960074264494     
          27          25   1.37640432090440     
          28          27   1.45874606411732     
          29          23   1.33622735995002     
          29          28   1.34872485486063     
          30           5   1.02927495599114     
          30          29   1.02937631878436     
          31          30  0.942895828688238     
          32          31   1.38571434885179     
          33          32   1.44300719009815     
          34          33   1.38654948008057     
          35          34  0.938721355966068     
          36          35  0.976673593321731     
          37          35  0.966424676462864     
          38          35  0.965950051541544     
          39          34   1.39858487997309     
          40          31   1.39612668545993     
          40          39   1.43118874729034     
          41           1  0.975746054090054     
          42           1  0.970130180428508     
          43           1  0.978424941098557     
          44           3  0.943574990168865     
          45           4  0.939927051839355     
          46           7  0.942597793129061     
          47          10  0.944896345319854     
          48          11  0.945365652769280     
          49          12  0.944728150602807     
          50          13  0.943370596970656     
          51          18  0.943363807676223     
          52          19  0.944726036814147     
          53          20  0.945362180010570     
          54          21  0.944882300399725     
          55          24  0.942393520047411     
          56          26  0.970503493816519     
          57          26  0.975070537641537     
          58          26  0.978725446230974     
          59          27  0.943659931997884     
          60          28  0.939877780921739     
          61          32  0.945608851829545     
          62          33  0.942571255525301     
          63          36  0.977696438379452     
          64          36  0.977475671132048     
          65          36  0.978330051718392     
          66          37  0.976190153145091     
          67          37  0.978140548704784     
          68          37  0.978373146617339     
          69          38  0.978138404098789     
          70          38  0.976354021519255     
          71          38  0.978271920349674     
          72          39  0.942710787704389     
          73          40  0.945580588104608     
