           2           1   1.74786508661320     
           3           2   1.09387629610932     
           4           3   1.33065125320834     
           5           4   1.47535467297392     
           6           5   1.35122027717955     
           7           6   1.00932689762623     
           8           7  0.995033552938438     
           9           8   1.37217448030062     
          10           9   1.44335901613844     
          11          10   1.42442365479826     
          12          11   1.42432103703117     
          13           8   1.37189043300231     
          13          12   1.44342212663475     
          14           7  0.995587755826290     
          15          14   1.37162057695695     
          16          15   1.44350960925313     
          17          16   1.42426878505898     
          18          17   1.42437654370945     
          19          14   1.37197998133953     
          19          18   1.44344783964914     
          20           6   1.35436728273749     
          21           3   1.33534055218222     
          21          20   1.47120493118084     
          22           1   1.09154546857604     
          23          22   1.33320674501067     
          24          23   1.47240552105597     
          25          24   1.35456272302169     
          26          25   1.01010016469843     
          27          26   1.36799019685636     
          28          27   1.45243826719031     
          29          28   1.36603174512648     
          30          29   1.03284316817920     
          31          30   1.84228084605385     
          32          31   1.03242883479532     
          33          32   1.35068601873321     
          34          33   1.46643810411019     
          35          34   1.35650460271106     
          36          35  0.998695391950031     
          37          36  0.998234200274768     
          38          37   1.36969236462874     
          39          38   1.44477749198343     
          40          39   1.42329259591157     
          41          40   1.42464609198189     
          42          37   1.37162274406708     
          42          41   1.44318291088770     
          43          36  0.999549931978324     
          44          43   1.37054612299579     
          45          44   1.44418553675346     
          46          45   1.42392746715753     
          47          46   1.42410572930940     
          48          43   1.37052505325263     
          48          47   1.44391329107861     
          49          35   1.36876848162916     
          50          32   1.36580421700121     
          50          49   1.45219397290525     
          51          29   1.35233686986427     
          52          26   1.35637394733357     
          52          51   1.46534207881232     
          53          25   1.35953204736662     
          54          22   1.33886074502978     
          54          53   1.46698245220077     
          55           1  0.940386856695423     
          56           2  0.940299629896819     
          57           4  0.942786897744797     
          58           5  0.944263536767688     
          59           9  0.946252728013292     
          60          10  0.945292247765673     
          61          11  0.946591450124340     
          62          12  0.945276502416695     
          63          13  0.946201250452205     
          64          15  0.946147040337258     
          65          16  0.945272052881445     
          66          17  0.946592800166784     
          67          18  0.945295560170191     
          68          19  0.946238104952144     
          69          20  0.944387662090717     
          70          21  0.943639326411775     
          71          23  0.944170705366502     
          72          24  0.944195788767586     
          73          27  0.945332903403374     
          74          28  0.945832078380549     
          75          30  0.937340879932664     
          76          31  0.937626562233170     
          77          33  0.942480383684778     
          78          34  0.944404452479027     
          79          38  0.945761601095402     
          80          39  0.944425897876819     
          81          40  0.946632211622483     
          82          41  0.945308812737650     
          83          42  0.946223400108041     
          84          44  0.946215571792734     
          85          45  0.945334201660695     
          86          46  0.946643146667763     
          87          47  0.945309209829831     
          88          48  0.946122930929175     
          89          49  0.944485134157013     
          90          50  0.944657833656567     
          91          51  0.943577249248128     
          92          52  0.945123511966015     
          93          53  0.945423865896508     
          94          54  0.944917108164458     
