 -4.733432983459007E-002
 -3.413400174987657E-002
 -4.497690353632056E-002
  5.369242635700733E-002
 -0.127276459346912     
  5.373525729043349E-002
 -4.418827748915177E-002
 -3.405194870912176E-002
 -4.631461278820481E-002
 -3.427812463896984E-002
 -4.396336318486771E-002
  5.311717635804669E-002
 -4.354120906886116E-002
 -3.685514012733559E-002
 -8.193194118222280E-003
  3.339987153355928E-003
 -3.059969920496286E-002
  4.613038337898345E-002
 -0.188267004620331     
  4.853071725044833E-002
  4.846952902580393E-002
 -0.187895832572681     
  4.595502634151938E-002
 -3.058435735648590E-002
  3.507940473109983E-003
 -9.951170335783743E-003
 -3.648908606207524E-002
 -4.431948396330476E-002
  5.340045051443454E-002
 -0.125983706587212     
  5.374483839147581E-002
 -4.386330084832935E-002
 -3.374436045788354E-002
 -4.653261611800552E-002
 -3.460225042642584E-002
 -4.451831999977429E-002
  5.395810499819120E-002
 -4.384738409673705E-002
 -3.392815012691308E-002
 -4.649340390113998E-002
 -3.443131819201373E-002
 -4.460794055872430E-002
 -4.477343070286199E-002
 -3.717158242334939E-002
 -2.364394101677814E-002
  0.134238262215463     
 -6.095089634712281E-002
 -6.491012395733886E-002
 -4.164996137850263E-002
 -4.154190266335611E-002
 -6.490073967429488E-002
 -6.084432062882250E-002
  0.134144667227569     
 -2.371685198755547E-002
 -3.550591919426349E-002
 -4.305020102427903E-002
 -4.615961608568053E-002
 -3.481782859561289E-002
  3.828894147088946E-002
  4.174383676622317E-002
  3.826371190735156E-002
  3.813623300934033E-002
  4.175929694417591E-002
  3.841304924299183E-002
  4.158581035723063E-002
  3.801162981100126E-002
  4.029965491642185E-002
  4.321417455464938E-002
  4.408212058290317E-002
  4.413762862090487E-002
  4.461399229114638E-002
  4.059165486744887E-002
  3.868067942129860E-002
  4.251579615902323E-002
  3.829903111107946E-002
  4.133444376891315E-002
  3.776690673983085E-002
  3.825251533657459E-002
  4.173000366453972E-002
  3.833067683310909E-002
  4.143813317962020E-002
  3.787342463212939E-002
  4.041546693435094E-002
  4.326279645520759E-002
  6.155265228595819E-002
  5.163322360156453E-002
  5.162910572936552E-002
  6.155423378910863E-002
  4.463708698068336E-002
  4.061354693419816E-002
  3.742902346354249E-002
  4.134901636235044E-002
