 -0.215801537040385     
  9.541382267622289E-002
  6.600693330863106E-003
  9.542394537316401E-002
 -0.215825492102634     
  2.459613493497814E-002
 -1.175093307225517E-002
 -2.844685146178083E-002
 -3.559097235334363E-002
  6.534488504238922E-002
 -0.117934128332260     
  5.378130095010114E-002
 -4.423296262462895E-002
 -3.344995380486360E-002
 -4.350728971429429E-002
 -3.196927478538480E-002
 -4.153587975727291E-002
  5.287860222499985E-002
 -4.305639329873667E-002
 -3.278226760414515E-002
 -4.250479900517146E-002
 -3.084265661706187E-002
 -4.114706368912913E-002
 -3.997857718598219E-002
 -3.360349729489442E-002
 -1.186396494419562E-002
 -2.847432345515166E-002
 -3.572603851272405E-002
  6.530388538465903E-002
 -0.117967370233848     
  5.287685654310037E-002
 -4.304864024286559E-002
 -3.280246552307009E-002
 -4.249870627189267E-002
 -3.083392846591870E-002
 -4.106693024200148E-002
  5.378992310614406E-002
 -4.421196920145931E-002
 -3.346469401485042E-002
 -4.351646603340686E-002
 -3.197395627301525E-002
 -4.153232479745217E-002
 -4.009770283396463E-002
 -3.361668312740829E-002
  5.037900752876268E-002
  4.497459925696723E-002
  3.720227860772007E-002
  4.179369411208733E-002
  3.914147311799410E-002
  4.253812365934695E-002
  3.891254759939755E-002
  3.776893541149939E-002
  4.204990516238860E-002
  3.929235845033507E-002
  4.341128813257056E-002
  3.911551263653146E-002
  4.306586994629524E-002
  4.577530002058383E-002
  5.025180633363613E-002
  4.495900504106531E-002
  3.775721626771589E-002
  4.204022840584998E-002
  3.928790957027217E-002
  4.342573241217806E-002
  3.916698491681425E-002
  3.720003003948258E-002
  4.178531866972279E-002
  3.913690829251648E-002
  4.253368960404835E-002
  3.891063090170932E-002
  4.305849348808188E-002
  4.571179676524939E-002
