           2           1   1.42563104926505     
           3           2   1.44243294261901     
           4           3   1.37261702339057     
           5           4   1.00374710146803     
           6           5   1.40227789117314     
           7           6   1.39290525994075     
           8           7   1.41899287316493     
           9           8   1.02389752124653     
          10           9   1.35647623885085     
          11          10   1.45596163442510     
          12          11   1.37268824639484     
          13          12  0.981695087044782     
          14          13   1.05563359139440     
          15          14   1.36988654619021     
          16          15   1.45135088128390     
          17          16   1.39479003373523     
          18          17   1.45967581599761     
          19          14   1.26458983439692     
          19          18   1.35430841312183     
          20          19   1.08747132746410     
          21          20   1.35357466108066     
          22          21   1.46034332099679     
          23          22   1.39440610268662     
          24          23   1.45174002498951     
          25          13   1.05394517714507     
          25          20   1.26557744682406     
          25          24   1.36986954010672     
          26          12   1.37280907612895     
          27           9   1.35860474631844     
          27          26   1.45576766640021     
          28           8   1.23852343151778     
          29          28   1.21238410653014     
          30          29   1.63310765765736     
          31          30   1.17630622321131     
          32           5   1.29631194131191     
          32          28   1.23724883297771     
          32          31   1.13325205279053     
          33           4   1.37012970288343     
          34           1   1.42499603664458     
          34          33   1.44310346209123     
          35           1  0.947280319467012     
          36           2  0.946359358865128     
          37           3  0.944499241249965     
          38           6  0.941388814291831     
          39           7  0.940986101364208     
          40          10  0.943520064802722     
          41          11  0.944323045371610     
          42          15  0.943649642939630     
          43          16  0.944815144988587     
          44          17  0.945103659399972     
          45          18  0.944712163051487     
          46          21  0.944752806899157     
          47          22  0.945087385104377     
          48          23  0.944699602107301     
          49          24  0.943429048622429     
          50          26  0.944373050798133     
          51          27  0.941299201677576     
          52          33  0.946801263707712     
          53          34  0.946199257208509     
