           2           1   1.83110426164725     
           3           2  0.982362924441765     
           4           3   1.35629388769750     
           5           4   1.45303843329695     
           6           5   1.37406220533776     
           7           6  0.971418729241714     
           8           7   1.00843996045933     
           9           8   1.39015531134153     
          10           9   1.41828866830720     
          11          10   1.43996051497403     
          12          11   1.41200417510993     
          13           8   1.30556954569459     
          13          12   1.41041095304035     
          14          13   1.00665890451638     
          15          14   1.00663727278975     
          16          15   1.41048844533917     
          17          16   1.41196018364029     
          18          17   1.44009704884305     
          19          18   1.41831363053356     
          20           7   1.00794940407859     
          20          15   1.30560096268624     
          20          19   1.39028463726935     
          21           6   1.37264990171039     
          22           3   1.35817891978149     
          22          21   1.45464468920602     
          23           2  0.961150877297548     
          24          23   1.37388939036908     
          25          24   1.43987399913514     
          26          25   1.41576058498232     
          27          26   1.43808020319588     
          28          23   1.32258781394054     
          28          27   1.38105835015023     
          29          28  0.994593891368977     
          30          29   1.38085385321730     
          31          30   1.43855232388926     
          32          31   1.41501072965493     
          33          32   1.44077819108459     
          34          29   1.32265249924812     
          34          33   1.37323864497068     
          35          34  0.961703966444039     
          36          35   1.82749032318311     
          37          35  0.985344029608810     
          38          37   1.35462171428252     
          39          38   1.45404017640505     
          40          39   1.37248867814335     
          41          40  0.974120963400538     
          42          41   1.00734529014998     
          43          42   1.38999812880109     
          44          43   1.41857078225365     
          45          44   1.43952750282266     
          46          45   1.41262977271351     
          47          42   1.30625033647282     
          47          46   1.40969467600555     
          48          47   1.00681193082246     
          49          48   1.00682919392005     
          50          49   1.40994168458115     
          51          50   1.41248358291292     
          52          51   1.43964411883535     
          53          52   1.41868079193577     
          54          41   1.00767156191867     
          54          49   1.30602331141730     
          54          53   1.38999025010899     
          55          40   1.37114625262198     
          56          37   1.35703259559280     
          56          55   1.45569141995208     
          57           4  0.942016905194688     
          58           5  0.944357644722803     
          59           9  0.939403367582275     
          60          10  0.943776471673213     
          61          11  0.944586310090415     
          62          12  0.945733541814465     
          63          16  0.945720195054149     
          64          17  0.944563270629436     
          65          18  0.943836455159806     
          66          19  0.941302765857664     
          67          21  0.944770177877524     
          68          22  0.942386717428363     
          69          24  0.944740845159272     
          70          25  0.944456873265737     
          71          26  0.945316945978531     
          72          27  0.944592950083436     
          73          30  0.944613984120256     
          74          31  0.945320576826311     
          75          32  0.944497191092150     
          76          33  0.944701557643392     
          77          38  0.941965153315871     
          78          39  0.944231421994417     
          79          43  0.938921373261489     
          80          44  0.943780171030034     
          81          45  0.944549179364533     
          82          46  0.945726720350020     
          83          50  0.945700779446256     
          84          51  0.944545500801925     
          85          52  0.943831527167120     
          86          53  0.941185658281522     
          87          55  0.944650110269119     
          88          56  0.942284934589470     
