           2           1  0.966053236669634     
           3           2  0.976674212514564     
           4           2  0.966265575238191     
           5           2  0.937456711117646     
           6           5   1.35266650970047     
           7           6   1.46048215674876     
           8           7   1.36364645444700     
           9           8   1.26624667696156     
          10           5   1.42820026466914     
          10           9   1.35274047903697     
          11           9   1.08434005144177     
          12          11   1.35251268726273     
          13          12   1.42837297095970     
          14          13  0.937484344550750     
          15          14  0.966202374740503     
          16          14  0.976702364386457     
          17          14  0.966061236368173     
          18          13   1.35251884493897     
          19          18   1.46065945347881     
          20          11   1.26654105505167     
          20          19   1.36349134173238     
          21           8   1.05516575957612     
          21          20   1.05481970178569     
          22          21  0.976690330906907     
          23          22   1.37765276840370     
          24          23   1.45024036098474     
          25          24   1.36686753933185     
          26          25   1.00635691969722     
          27          26   1.37068560383896     
          28          27   1.44510630764058     
          29          28   1.37116661542489     
          30          29   1.29627576695569     
          31          26   1.34907668947346     
          31          30   1.44612424651712     
          32          30  0.931231743343713     
          33          32  0.910458989685003     
          34          33   1.44740622729206     
          35          34   1.34786869615688     
          36          35   1.00601441910943     
          37          36   1.36505159187649     
          38          37   1.45215355846828     
          39          38   1.37523384344012     
          40          39  0.978781098530811     
          41          40   1.05402020834075     
          42          41   1.37224964757844     
          43          42   1.44930422567028     
          44          43   1.36462745816146     
          45          44  0.937214442720328     
          46          45  0.966373972027746     
          47          45  0.966022544251863     
          48          45  0.976709837350187     
          49          44   1.41593448168846     
          50          41   1.25987383296467     
          50          49   1.36308158183621     
          51          50   1.08267130783325     
          52          51   1.35361937559488     
          53          52   1.42732848678719     
          54          53  0.937476399013008     
          55          54  0.966313391346049     
          56          54  0.976739913570123     
          57          54  0.965908722253328     
          58          53   1.35337975975293     
          59          58   1.46005662919329     
          60          40   1.05403833505064     
          60          51   1.26722937428623     
          60          59   1.36384879507058     
          61          39   1.37720515480669     
          62          36   1.36741684466452     
          62          61   1.44990027137443     
          63          35   1.37174286514097     
          64          63   1.44426366824283     
          65          29   1.04329520979271     
          65          33   1.29748546085860     
          65          64   1.37060193175766     
          66          32  0.930505434299958     
          67          66   1.40840005698208     
          68          67   1.42662925079726     
          69          68   1.41948382668773     
          70          69   1.44635489937435     
          71          66   1.32854867368339     
          71          70   1.36056113053393     
          72          71   1.02753876034534     
          73          72  0.944515707626581     
          74          73   1.39814555832944     
          75          74   1.43115848628616     
          76          75   1.43184008377483     
          77          76   1.42868022576283     
          78          73   1.38965268469173     
          78          77   1.43397582908265     
          79          72   1.02922247769540     
          80          79   1.36113393211574     
          81          80   1.44552606309482     
          82          81   1.42002141049848     
          83          82   1.42581266908285     
          84          32  0.930713324504455     
          84          79   1.32661497707869     
          84          83   1.40964365483714     
          85          25   1.36631119561351     
          86          22   1.37715709532588     
          86          85   1.45052636182633     
          87           1  0.978186539305461     
          88           1  0.977953491770344     
          89           1  0.976127925730655     
          90           3  0.977644543589952     
          91           3  0.978317130227568     
          92           3  0.977559966024779     
          93           4  0.977922471429931     
          94           4  0.976060626133516     
          95           4  0.978196108008278     
          96           6  0.941918272154958     
          97           7  0.942037856029568     
          98          10  0.942235121740651     
          99          12  0.942246000317853     
         100          15  0.976080852351856     
         101          15  0.978188033889770     
         102          15  0.977933473559833     
         103          16  0.977582877645226     
         104          16  0.978328019345381     
         105          16  0.977613228702067     
         106          17  0.977951079855981     
         107          17  0.978191298669830     
         108          17  0.976098053534321     
         109          18  0.941884145222614     
         110          19  0.941913083845587     
         111          23  0.944762959711965     
         112          24  0.943707200537112     
         113          27  0.944057177392109     
         114          28  0.943681381598260     
         115          31  0.944530708239407     
         116          34  0.943313929324428     
         117          37  0.943529556527688     
         118          38  0.944661495309830     
         119          42  0.941869334771416     
         120          43  0.942041941360494     
         121          46  0.977978473830000     
         122          46  0.978216626578363     
         123          46  0.976050938621535     
         124          47  0.978001614840509     
         125          47  0.976172346765856     
         126          47  0.978178100231515     
         127          48  0.978090170480378     
         128          48  0.977408868443253     
         129          48  0.977576540580308     
         130          49  0.942113902218573     
         131          52  0.942267960909967     
         132          55  0.978200663778927     
         133          55  0.977932771540001     
         134          55  0.976075689516533     
         135          56  0.977516889238903     
         136          56  0.978307637284575     
         137          56  0.977654987806968     
         138          57  0.978167450268583     
         139          57  0.976171199219590     
         140          57  0.977948215381005     
         141          58  0.941943900906904     
         142          59  0.941739326839677     
         143          61  0.944620452893953     
         144          62  0.943802075560316     
         145          63  0.944304847858223     
         146          64  0.943643032787016     
         147          67  0.942384878897907     
         148          68  0.944536423329795     
         149          69  0.943774389912491     
         150          70  0.942009680699179     
         151          74  0.946907738275477     
         152          75  0.945259593911475     
         153          76  0.946129721914649     
         154          77  0.945108387978058     
         155          78  0.947149439992229     
         156          80  0.941278421230105     
         157          81  0.943737322349713     
         158          82  0.944508139816305     
         159          83  0.942342205581632     
         160          85  0.943705368928804     
         161          86  0.944681196777090     
