 -4.353042116590711E-002
 -4.239478285540166E-003
 -3.443236737452615E-003
 -3.414867170708735E-002
 -3.363535720425226E-002
  6.099751947774212E-002
 -9.342282542169755E-002
  3.522972633989863E-002
 -4.471936241731544E-002
 -3.973219637263714E-002
 -4.847779261331731E-002
 -3.629901291122994E-002
 -2.838672317243507E-002
 -2.838931437376413E-002
 -3.630656201388138E-002
 -4.844109856840539E-002
 -3.963598922694622E-002
 -4.456490208471919E-002
  3.529478850278123E-002
 -3.403585670481757E-002
 -3.505540091160508E-002
 -3.874312742465413E-003
 -3.321155131184383E-002
 -3.514164915219098E-002
  5.942428149060053E-002
 -9.380810673355988E-002
  3.498516002520713E-002
 -4.574576987507317E-002
 -4.115269753228645E-002
 -4.876539814789016E-002
 -3.636179118853988E-002
 -2.850610756005256E-002
 -2.867368206333598E-002
 -3.638428474351230E-002
 -4.878615384170182E-002
 -3.973169190332904E-002
 -4.465209519221691E-002
  3.551998520040689E-002
 -3.538646178660620E-002
 -3.483811690465988E-002
  2.025894184976451E-003
 -4.023954658699758E-002
 -3.909721186288895E-002
 -4.457810281150998E-003
 -5.222531946451170E-003
 -3.626825630225650E-002
 -3.506569236566293E-002
  6.015068933813295E-002
 -9.350450261893783E-002
  3.540404673507647E-002
 -4.453440666114528E-002
 -3.989817529104123E-002
 -4.883065460922431E-002
 -3.657126863148985E-002
 -2.865572974553032E-002
 -2.860614511911663E-002
 -3.657346059979538E-002
 -4.877482123298638E-002
 -3.991966400846980E-002
 -4.472136525209436E-002
  3.525026854584246E-002
 -3.475074531044164E-002
 -3.473772580204937E-002
 -4.044522023220587E-002
 -4.012583482847987E-002
  4.448830338222198E-002
  4.494976317626243E-002
  4.277353989114518E-002
  4.031954920293834E-002
  4.312977753779457E-002
  4.013580946875706E-002
  4.215628028164964E-002
  4.213395743528880E-002
  4.013854183890009E-002
  4.317833142149408E-002
  4.049770056396573E-002
  4.268423835364477E-002
  4.430535524958590E-002
  4.483608787195625E-002
  4.252188628362175E-002
  4.140199749392237E-002
  4.333455722542201E-002
  4.020844030759330E-002
  4.210951047957701E-002
  4.206825114450474E-002
  4.004615234797737E-002
  4.313066417244549E-002
  4.023018174658832E-002
  4.218404015331689E-002
  4.330892163311362E-002
  3.706276347526061E-002
  3.962387056711125E-002
  4.490769025770891E-002
  4.204965957129847E-002
  4.055227194026834E-002
  4.308437610429261E-002
  4.001970868986149E-002
  4.203233799135120E-002
  4.205541120932477E-002
  4.004044372785587E-002
  4.311644911912327E-002
  4.049645078735753E-002
  4.221463542874238E-002
  4.369706078716751E-002
  3.972994224389226E-002
  4.124757145569169E-002
