           2           1   1.74399994689897     
           3           2   1.01998965316420     
           4           3   1.35669520227486     
           5           4   1.45596035863264     
           6           5   1.37375466670687     
           7           6  0.978405371987618     
           8           7   1.05592352015575     
           9           8   1.36938337927466     
          10           9   1.45198837192057     
          11          10   1.39420911464963     
          12          11   1.46032792117990     
          13           8   1.26458002080449     
          13          12   1.35369405097198     
          14          13   1.08798291612149     
          15          14   1.35365189676247     
          16          15   1.46036697596137     
          17          16   1.39421293939673     
          18          17   1.45196644757458     
          19           7   1.05568584953837     
          19          14   1.26465258765595     
          19          18   1.36947704465126     
          20           6   1.37475970985731     
          21           3   1.35618477659181     
          21          20   1.45414024417933     
          22           2  0.983997067770406     
          23          22   1.36581949248174     
          24          23   1.45307143664419     
          25          24   1.37322417526322     
          26          25  0.976653062634551     
          27          26   1.05623665875596     
          28          27   1.36854824453043     
          29          28   1.45260274154977     
          30          29   1.39355261188989     
          31          30   1.46086982027982     
          32          27   1.26489168209455     
          32          31   1.35313742521283     
          33          32   1.08815748204462     
          34          33   1.35388613778232     
          35          34   1.46028706072487     
          36          35   1.39409762345720     
          37          36   1.45212715279938     
          38          26   1.05753599872818     
          38          33   1.26381181844061     
          38          37   1.36922721407424     
          39          25   1.38219318792852     
          40          22   1.37511967919591     
          40          39   1.44419227489368     
          41           1   1.04698909832344     
          42          41   1.35802059003123     
          43          42   1.45686699399782     
          44          43   1.36483027796872     
          45          44   1.00984356862135     
          46          45   1.36494645986894     
          47          46   1.45165205397573     
          48          47   1.37655867948036     
          49          48  0.976854599782934     
          50          49   1.05684768192793     
          51          50   1.36905074845157     
          52          51   1.45231544939867     
          53          52   1.39391285076162     
          54          53   1.46051173328049     
          55          50   1.26425529843699     
          55          54   1.35357604659729     
          56          55   1.08831598969670     
          57          56   1.35347902011777     
          58          57   1.46053832823678     
          59          58   1.39395613304824     
          60          59   1.45226211278376     
          61          49   1.05644544910562     
          61          56   1.26441719884266     
          61          60   1.36910048777192     
          62          48   1.37770296503233     
          63          45   1.36692173179727     
          63          62   1.45017122787931     
          64          44   1.35706014343354     
          65          41   1.34836959256139     
          65          64   1.46544644947171     
          66           1  0.935635325114776     
          67           4  0.942572925219905     
          68           5  0.944633963904156     
          69           9  0.943731277204395     
          70          10  0.944766905841729     
          71          11  0.945083054650335     
          72          12  0.944703598447347     
          73          15  0.944703622832171     
          74          16  0.945079355100454     
          75          17  0.944760476956753     
          76          18  0.943698373471327     
          77          20  0.944382620156438     
          78          21  0.943215486739945     
          79          23  0.942987159058904     
          80          24  0.944295762738275     
          81          28  0.942378961263381     
          82          29  0.944041305846265     
          83          30  0.945055407529356     
          84          31  0.944713825248243     
          85          34  0.944715475875918     
          86          35  0.945116054714676     
          87          36  0.944787180918225     
          88          37  0.943967207343026     
          89          39  0.944610657444442     
          90          40  0.944085120201639     
          91          42  0.945713050664057     
          92          43  0.944911014736980     
          93          46  0.942395274939413     
          94          47  0.944585379994603     
          95          51  0.943714289672723     
          96          52  0.944776862668335     
          97          53  0.945103101456736     
          98          54  0.944708873804057     
          99          57  0.944711868151974     
         100          58  0.945090345034686     
         101          59  0.944765617604162     
         102          60  0.943624751051776     
         103          62  0.944739185204533     
         104          63  0.943744811924991     
         105          64  0.944819156655210     
         106          65  0.943100680275213     
