           2           1   1.00266946856664     
           3           2   1.68628529569474     
           4           3   1.13905628418793     
           5           4   1.31593313406943     
           6           5   1.36897631418830     
           7           6   1.09732367669320     
           8           7  0.967909606823325     
           9           8   1.39977444826834     
          10           9   1.42131230650193     
          11          10   1.43308159345513     
          12          11   1.42660467262144     
          13           8   1.32315044533969     
          13          12   1.39594570644326     
          14          13   1.00402177159202     
          15          14   1.01194791722333     
          16          15   1.38782173468431     
          17          16   1.43325172993114     
          18          17   1.42560218708077     
          19          18   1.42943729137018     
          20           7  0.975981979151438     
          20          15   1.32654348525033     
          20          19   1.38971257999328     
          21           6   1.26701625687742     
          22          21   1.52576535234523     
          23           4   1.26999167457222     
          23          22   1.29126618327018     
          24          23   1.07045981084556     
          25          24   1.72380468709547     
          26           2   1.06781031715508     
          26          24   1.02012399485956     
          27           1  0.966181633507391     
          28           1  0.966273373917962     
          29           1  0.978970653909574     
          30           3  0.942623277639131     
          31           9  0.937677978343084     
          32          10  0.943450837579724     
          33          11  0.943964608943769     
          34          12  0.945299360526368     
          35          16  0.945215136031166     
          36          17  0.944063717340937     
          37          18  0.943532325684606     
          38          19  0.943168563891422     
          39          21  0.940493064869024     
          40          22  0.940077397340217     
