 -3.870698981322995E-002
 -4.195735152472757E-002
 -3.504564542729938E-002
 -1.994766661404768E-002
  6.581498663706098E-002
 -3.577009072093151E-002
 -0.113340381355663     
  6.009379246488145E-002
 -2.258557243715043E-002
 -4.206220038951702E-002
 -3.958606066266324E-002
 -2.665756253470342E-002
 -2.401198061736576E-002
 -3.641624992945225E-002
 -4.554303426823658E-002
 -3.758233016129786E-002
 -3.563684745219664E-002
  4.299552334692214E-002
 -8.131518376256164E-002
  0.112315600435056     
  2.993699952218210E-002
 -0.172291288873457     
  0.112636374811465     
 -8.024436338463836E-002
  4.320937077039133E-002
 -3.543352040837178E-002
 -3.742044542318990E-002
 -4.513119315382674E-002
 -3.633808421172269E-002
 -2.387462867856449E-002
 -2.627134454132385E-002
 -3.943569160266591E-002
 -4.159188927772117E-002
 -2.227670106749180E-002
 -2.000330393490035E-002
 -3.495490565167714E-002
 -4.185850965315030E-002
 -3.854517333559837E-002
 -3.572106670306141E-002
  6.586049690581408E-002
 -0.112961879759232     
  6.040877441426096E-002
  3.583231694159794E-002
  2.882354613216487E-002
 -0.171743194694074     
  3.560009137365538E-002
  4.328657471208752E-002
  4.144050149614387E-002
  4.302336081071501E-002
  4.122131640322246E-002
  4.908319047704945E-002
  4.891409249390088E-002
  4.208779306631572E-002
  4.062961741210847E-002
  4.377697454836404E-002
  4.464655589923172E-002
  6.057620837612809E-002
  4.507122895603888E-002
  4.383491164914499E-002
  4.071983964015480E-002
  4.211966301602810E-002
  4.904441675256621E-002
  4.922819641935050E-002
  4.304978838755047E-002
  4.146231620950924E-002
  4.333729401652653E-002
  4.123275044820296E-002
  6.094786707989330E-002
