 -4.706336325376093E-002
 -0.128379675377989     
 -8.202669722624734E-002
 -0.113805284894406     
  2.350111000433497E-002
 -2.038526288361453E-002
  9.999892225692131E-002
 -2.158637824896203E-002
  2.523722878685986E-002
  1.954963183901093E-004
 -3.168998205302120E-002
 -2.547437814527864E-002
 -2.475522895400850E-002
 -2.771984521802118E-002
 -3.645359045285268E-002
 -3.296545992489364E-002
  5.520989901986129E-002
 -3.967960534786297E-002
  5.415606922453309E-002
 -4.870157550713650E-002
 -2.649829978485574E-002
  2.723810015124339E-003
 -9.002153590111917E-004
 -3.394768456244091E-002
 -3.054582789924609E-002
 -3.359175205639175E-002
 -3.446211434888546E-002
 -4.185897159088281E-002
 -2.073922034725673E-002
  1.180809094996915E-002
 -8.276309152322803E-003
 -5.795483035474192E-002
 -4.657979534194912E-002
 -3.960467990321703E-002
 -3.169990222001928E-002
 -7.363364167357478E-002
 -6.600815654608638E-002
 -6.131573382275235E-002
  3.379194920329309E-002
  2.237640267482721E-002
  6.842786176899085E-002
  4.080120025722223E-002
  4.195454257233222E-002
  4.113880344664100E-002
  4.087135385678764E-002
  3.699609909670265E-002
  6.204443914604529E-002
  7.292902401588197E-002
  4.454607655460996E-002
  4.876616350721064E-002
  4.035694168558879E-002
  4.014233138071277E-002
  3.840713738791879E-002
  3.836554476673892E-002
  3.509828871268772E-002
  6.143412213664923E-002
  3.450270414232703E-002
  3.628822688067801E-002
  3.719096584600645E-002
  4.200024312783723E-002
  3.132948564967786E-002
  2.571292805833303E-002
