           2           1   1.64347686356396     
           3           2   1.10988070009483     
           4           3   1.06453126423601     
           5           4   1.29087028430560     
           6           5   1.23881387461495     
           7           6   1.30348058475892     
           8           7   1.25266411409634     
           9           8   1.50505446549761     
          10           9   1.02180624851574     
          11          10   1.36241709379026     
          12          11   1.44635464784326     
          13          12   1.42315733312189     
          14          13   1.42299357748664     
          15          10   1.36279363036493     
          15          14   1.44644940965106     
          16           9   1.17757269928722     
          17          16   1.67634406064183     
          18           7   1.08611355345247     
          18          17   1.12940753815983     
          19          18   1.02537659404089     
          20          19   1.34910866529106     
          21          20   1.47866305139187     
          22          21   1.32295919587403     
          23          22   1.00508540409951     
          24          23   1.37171028897393     
          25          24   1.44307513508381     
          26          25   1.42551955656999     
          27          26   1.42528393692697     
          28          23   1.37170493733181     
          28          27   1.44316464928046     
          29          22   1.41653663059443     
          30           5   1.08224033359575     
          30          19   1.28319268132587     
          30          29   1.33113944149013     
          31           6   1.07921495920307     
          32          31   1.32570500195694     
          33          32   1.47226480927956     
          34          33   1.38077237796834     
          35          34   1.46226020982340     
          36           3  0.975018427653952     
          36          31   1.29037996715540     
          36          35   1.36414090511235     
          37           4   1.25564131922275     
          38           1   1.25376712299587     
          38          37   1.56225293196563     
          39           1  0.935260889002045     
          40           2  0.944144813044261     
          41           8  0.930051647277564     
          42          11  0.946443877054989     
          43          12  0.946138395907115     
          44          13  0.947291306837514     
          45          14  0.946255729493016     
          46          15  0.947041233816764     
          47          16  0.938364451960081     
          48          17  0.938805786723521     
          49          20  0.940053343055198     
          50          21  0.941863406641234     
          51          24  0.946397541631926     
          52          25  0.946448898795352     
          53          26  0.947505501198756     
          54          27  0.946586447285692     
          55          28  0.947123404652216     
          56          29  0.933148593403104     
          57          32  0.938317609568755     
          58          33  0.944959705171537     
          59          34  0.944588745944112     
          60          35  0.944268431345502     
          61          37  0.932984676967406     
          62          38  0.946407733903970     
