 -3.423044717550905E-002
 -3.422000592528640E-002
 -3.880275454685123E-002
 -9.236239454848416E-004
 -4.485943861957953E-002
  4.312672987558663E-004
  1.895889792704608E-004
 -3.686516792772920E-002
 -3.665496956092795E-002
 -5.909157377814722E-004
 -4.562378777498832E-002
  2.153451013064078E-003
 -4.346900453063096E-002
  1.908556513257054E-004
  4.324461959472892E-004
 -3.745488947710029E-002
 -3.857920484782706E-002
 -3.647611948722762E-003
 -3.929885440693059E-002
 -3.422946114565129E-002
 -3.422048968490810E-002
 -3.880292075142044E-002
 -9.235044278028681E-004
 -4.486925554455290E-002
 -3.687734005852583E-002
 -3.665688159164926E-002
 -5.920332210092027E-004
 -4.562382818278277E-002
  2.152437823645048E-003
 -4.346329988957987E-002
 -3.744763548390306E-002
 -3.857781109189773E-002
 -3.647339899766067E-003
 -3.929973718327773E-002
  4.000579917313263E-002
  4.018926824437419E-002
  3.722511657065886E-002
  3.778778806309946E-002
  4.236451473602620E-002
  4.044361178953393E-002
  3.789643424137890E-002
  3.834145466263661E-002
  4.114051758028969E-002
  3.967908120742036E-002
  3.737469903927981E-002
  4.000631066550731E-002
  4.018919856531522E-002
  3.722412774819972E-002
  3.779735366705328E-002
  4.237400116536916E-002
  4.044391860552377E-002
  3.789815949293218E-002
  3.833395732315836E-002
  4.113288469931631E-002
  3.967926550572887E-002
  3.737470487414041E-002
