           2           1   2.82880826888389     
           3           2   1.05302133682889     
           4           3   1.32810911821470     
           5           4   1.46857706323735     
           6           5   1.36071613952593     
           7           6  0.994509455069456     
           8           7   1.04062981364860     
           9           8   1.37621246677826     
          10           9   1.44562990085029     
          11          10   1.39987156653232     
          12          11   1.45620591794614     
          13           8   1.26942860069436     
          13          12   1.35708178874355     
          14          13   1.07986720779514     
          15          14   1.36813459038843     
          16          15   1.39515845356465     
          17          16   1.00111471323666     
          18          17   1.34330755118973     
          19          18   1.45727215271243     
          20          19   1.37082718588807     
          21          20   1.26391849350891     
          22          17   1.39515502459858     
          22          21   1.36814539679817     
          23          21   1.07988208706652     
          24          23   1.35705436644922     
          25          24   1.45622921585393     
          26          25   1.39985020935762     
          27          26   1.44565293022806     
          28          23   1.26945287625138     
          28          27   1.37619049300536     
          29          20   1.04255352861970     
          29          28   1.04061569187613     
          30          29  0.994458107571818     
          31          30   1.36070434394046     
          32          31   1.46857694970341     
          33          32   1.32812348681078     
          34          33   1.05301072936228     
          35          34   2.82881917368525     
          36          33   1.34742190732226     
          37          30   1.34371648454896     
          37          36   1.41876161005969     
          38          37  0.922522607518334     
          39          38  0.949839061195638     
          40          38  0.943277513894360     
          41          38  0.964738746797919     
          42          16   1.34330370021745     
          43          42   1.45728306960060     
          44           7   1.04252253165453     
          44          14   1.26394825770194     
          44          43   1.37081974649831     
          45           6   1.34365575039884     
          46          45  0.922521055057282     
          47          46  0.949797993616934     
          48          46  0.943298263425798     
          49          46  0.964755077292140     
          50           3   1.34741352012722     
          50          45   1.41879362751137     
          51           4  0.940818585390079     
          52           5  0.940335417667817     
          53           9  0.944327897726098     
          54          10  0.944669401878282     
          55          11  0.944876611833724     
          56          12  0.944647878868576     
          57          15  0.943327306897045     
          58          18  0.943034868942410     
          59          19  0.942722927490045     
          60          22  0.943325055439524     
          61          24  0.944648094555811     
          62          25  0.944876917729228     
          63          26  0.944669720719884     
          64          27  0.944321928772289     
          65          31  0.940339032443960     
          66          32  0.940819062387478     
          67          36  0.942063118150579     
          68          42  0.943033908758369     
          69          43  0.942717374228746     
          70          50  0.942064789587946     
