 -0.206723426557932     
  0.145172433834451     
 -2.743773784411907E-002
 -1.420217318261674E-002
 -2.286058857396789E-002
  6.619535505474294E-002
 -0.117960301194778     
  4.933424806469233E-002
 -5.566026017864978E-002
 -3.660926542497389E-002
 -4.684696513255915E-002
 -3.913322985778667E-002
 -1.181816171807881E-002
  1.147805856201201E-002
 -1.699214369903235E-002
 -3.542219522969337E-002
 -3.551549056858327E-002
 -3.594626586132321E-002
 -3.635409826761560E-002
 -1.494063676721158E-002
 -1.508152749103164E-002
 -3.638687304556498E-002
 -3.594479663556616E-002
 -3.525814516439407E-002
 -3.512807404784990E-002
 -1.684725780268526E-002
 -1.171650960062909E-002
 -3.903606561530992E-002
 -4.690821865088513E-002
 -3.681895170182692E-002
 -5.609917622095661E-002
  4.915511580727472E-002
 -2.555471899909012E-002
 -7.482434579795694E-003
 -7.462470527425324E-003
 -2.532141848297709E-002
  6.619204941419099E-002
 -0.118332181104003     
  4.923709709650437E-002
 -5.622942716797308E-002
 -3.684358545824740E-002
 -4.705012210510962E-002
 -3.911529429976834E-002
 -1.183271372312422E-002
  1.151223544361102E-002
 -1.671069109730539E-002
 -3.537095289551484E-002
 -3.554017642445739E-002
 -3.597216236065037E-002
 -3.637287206415252E-002
 -1.486143364499437E-002
 -1.516863751280084E-002
 -3.639617807183804E-002
 -3.595541685705417E-002
 -3.525891343939058E-002
 -3.513854151736417E-002
 -1.709083348129248E-002
 -1.183534215263027E-002
 -3.911049912853937E-002
 -4.691744777962281E-002
 -3.660642754385446E-002
 -5.560885006833871E-002
  4.923299745252008E-002
 -2.272994897257874E-002
 -1.413498317409534E-002
 -2.730230383584331E-002
  5.522250555995745E-002
  4.522518882134741E-002
  4.021986974605307E-002
  4.337426748225870E-002
  4.084071270792511E-002
  4.398559592625062E-002
  3.938773984851829E-002
  4.051982875388116E-002
  4.051866209020794E-002
  3.926948079951365E-002
  3.921866915566363E-002
  4.054319042902510E-002
  4.061273354436756E-002
  3.955202450452378E-002
  4.400864445916663E-002
  4.083169341426596E-002
  4.331355890112820E-002
  4.019625202934740E-002
  4.410866855510698E-002
  4.416791641673934E-002
  4.014623020066488E-002
  4.329558634049846E-002
  4.080164112928109E-002
  4.397036125316134E-002
  3.943920415029134E-002
  4.054571132317364E-002
  4.053229586741736E-002
  3.931163661256554E-002
  3.916354065842775E-002
  4.052442642454901E-002
  4.055958874475596E-002
  3.953140211059514E-002
  4.397401353865549E-002
  4.082420529349651E-002
  4.335308475999833E-002
  4.003817500622664E-002
  4.511113739063766E-002
  5.520647982588633E-002
