           2           1   1.82803512026066     
           3           2  0.978083729169645     
           4           3   1.40631318021892     
           5           4   1.40761050238857     
           6           5   1.40029890134165     
           7           6  0.962982657189995     
           8           7   1.02266341213083     
           9           8   1.35570334696198     
          10           9   1.45123265246555     
          11          10   1.41423371945282     
          12          11   1.43401755623735     
          13           8   1.33651962503634     
          13          12   1.40157737440566     
          14          13  0.933169143485927     
          15          14  0.919842642127847     
          16          15   1.43299100005961     
          17          16   1.40934586669477     
          18          17   1.43309343343463     
          19          18   1.43015002030502     
          20          15   1.30754414732251     
          20          19   1.38063271184644     
          21          20   1.03519062975668     
          22          21   1.38074409301473     
          23          22   1.43012961530535     
          24          23   1.43306287368825     
          25          24   1.40936388543577     
          26          14  0.920146200378297     
          26          21   1.30739998985218     
          26          25   1.43303048650463     
          27          14  0.933244055444269     
          28          27   1.40183868860510     
          29          28   1.43370258114269     
          30          29   1.41446470047008     
          31          30   1.45108168798426     
          32           7   1.02316575968868     
          32          27   1.33627817234852     
          32          31   1.35553768446211     
          33           6   1.34946414203582     
          34           3   1.27041695912665     
          34          33   1.42550761355724     
          35          34   1.01250183674263     
          36          35   1.42486195267024     
          37          36   1.35008944900941     
          38          37  0.961652692108991     
          39          38   1.02362044289274     
          40          39   1.35579596009582     
          41          40   1.45078307343100     
          42          41   1.41474986262951     
          43          42   1.43336402090124     
          44          39   1.33575209293548     
          44          43   1.40225926571238     
          45          44  0.933147991699391     
          46          45  0.920929593452391     
          47          46   1.43300817325003     
          48          47   1.40936386879256     
          49          48   1.43309338308646     
          50          49   1.43013028782512     
          51          46   1.30736382398489     
          51          50   1.38070869231291     
          52          51   1.03520340470858     
          53          52   1.38064495765103     
          54          53   1.43020721749295     
          55          54   1.43297483367262     
          56          55   1.40946103743334     
          57          45  0.919181547578054     
          57          52   1.30761048579382     
          57          56   1.43289224833119     
          58          45  0.933112921051359     
          59          58   1.40160778716588     
          60          59   1.43394774019660     
          61          60   1.41423368250728     
          62          61   1.45133399568295     
          63          38   1.02297849306351     
          63          58   1.33650164511651     
          63          62   1.35555267179369     
          64          37   1.40095659817781     
          65          64   1.40753245193273     
          66           2  0.977519263347755     
          66          35   1.27092382985874     
          66          65   1.40650682198687     
          67           4  0.941965184976467     
          68           5  0.944177192242190     
          69           9  0.940833346462488     
          70          10  0.943670609329118     
          71          11  0.944366813271566     
          72          12  0.943325413115719     
          73          16  0.946343248641667     
          74          17  0.945613400186985     
          75          18  0.945445771848205     
          76          19  0.945501813726016     
          77          22  0.945495807106240     
          78          23  0.945451968832569     
          79          24  0.945606059385413     
          80          25  0.946317261499454     
          81          28  0.943348112989437     
          82          29  0.944374323670226     
          83          30  0.943681945858659     
          84          31  0.940655178674874     
          85          33  0.944354697803618     
          86          36  0.944362478816124     
          87          40  0.940623233906191     
          88          41  0.943685768795569     
          89          42  0.944380122738865     
          90          43  0.943337171865306     
          91          47  0.946333831388798     
          92          48  0.945622928920120     
          93          49  0.945447685851285     
          94          50  0.945504676415282     
          95          53  0.945492983023609     
          96          54  0.945452358489771     
          97          55  0.945602662355415     
          98          56  0.946318972063147     
          99          59  0.943349408789424     
         100          60  0.944387838695471     
         101          61  0.943685835269255     
         102          62  0.941088322209997     
         103          64  0.944263217649516     
         104          65  0.941973984791478     
