           2           1   1.42536464132086     
           3           2   1.44326289360419     
           4           3   1.37175836311373     
           5           4   1.00686702768410     
           6           5   1.36405281091950     
           7           6   1.45717999207117     
           8           7   1.36381015559320     
           9           8  0.999138920437483     
          10           9  0.998776777843158     
          11          10   1.36373293640203     
          12          11   1.45731788568641     
          13          12   1.36392539948665     
          14          13   1.00683626450113     
          15          14   1.37180881095353     
          16          15   1.44323689867067     
          17          16   1.42538136151001     
          18          17   1.42533592259600     
          19          14   1.37171118032916     
          19          18   1.44329993651038     
          20          13   1.36409431955746     
          21          10   1.36409352423004     
          21          20   1.45717572848388     
          22           9   1.00496541582596     
          23          22   1.36054789896738     
          24          23   1.46015090913165     
          25          24   1.36033323933144     
          26          25   1.01261693085771     
          27          26   1.36027805738563     
          28          27   1.46171526305744     
          29          28   1.35645686175398     
          30          29   1.02821665853552     
          31          30   1.36395460033542     
          32          31   1.37051199225170     
          33          32   1.01958020897337     
          34          33   1.36743321469943     
          35          34   1.44495519445911     
          36          35   1.42455575238919     
          37          36   1.42215434702152     
          38          33   1.36315570252542     
          38          37   1.44763729057951     
          39          32   1.34197395167071     
          40          39   1.35839149093262     
          41          40   1.03718412103362     
          42          41   1.36061208735292     
          43          42   1.44901992012789     
          44          43   1.42177820471131     
          45          44   1.42178381317930     
          46          41   1.36062814379510     
          46          45   1.44900906321786     
          47          30   1.33914536081562     
          47          40   1.36138803208502     
          48          29   1.35198717471503     
          49          26   1.35808396024413     
          49          48   1.46448222628841     
          50          25   1.36059412254672     
          51          22   1.36083925688216     
          51          50   1.45987948357466     
          52           8   1.36381229895296     
          53           5   1.36393169460198     
          53          52   1.45736927276211     
          54           4   1.37173518095691     
          55           1   1.42534666699138     
          55          54   1.44328286145910     
          56           1  0.947603988303051     
          57           2  0.946637800033003     
          58           3  0.946945794993671     
          59           6  0.943792530291586     
          60           7  0.944413865902953     
          61          11  0.944379246159797     
          62          12  0.943790056881429     
          63          15  0.946951221506228     
          64          16  0.946640054476697     
          65          17  0.947602217698186     
          66          18  0.946642977200877     
          67          19  0.946952623617533     
          68          20  0.943801388337985     
          69          21  0.944407620916857     
          70          23  0.944160636231861     
          71          24  0.943788433195637     
          72          27  0.944981133379759     
          73          28  0.944445257803206     
          74          31  0.943140165895740     
          75          34  0.946494269658513     
          76          35  0.946546324209505     
          77          36  0.947369500865870     
          78          37  0.946465540737341     
          79          38  0.946171794608413     
          80          42  0.945942148080695     
          81          43  0.946614912538932     
          82          44  0.947347222368116     
          83          45  0.946617204445353     
          84          46  0.945974866502554     
          85          48  0.944097169513998     
          86          49  0.944942672983025     
          87          50  0.943675615987254     
          88          51  0.944133018422012     
          89          52  0.944363491541694     
          90          53  0.943787838519426     
          91          54  0.946950253188730     
          92          55  0.946644975691535     
