 -0.313240644126564     
  0.221247562428211     
 -0.158046241357109     
 -1.046187763876283E-002
 -3.065380318837452E-002
 -2.896968374970310E-002
  5.860454266991777E-003
 -5.811843337656164E-003
 -3.880043321915583E-002
 -3.879565723541578E-002
 -5.815420171517260E-003
 -2.244142583805342E-003
 -3.848948432358323E-002
 -3.287360722141486E-002
 -3.463220463629746E-002
 -3.313633977945951E-002
 -4.034543395995183E-002
  5.858964374917619E-003
 -2.897536070126083E-002
 -3.065651008980463E-002
 -1.046331881319684E-002
  0.221248686316736     
 -0.313239751813047     
 -0.158045985794440     
 -2.483179486129483E-002
 -3.016093474235060E-002
 -2.243396528085029E-003
 -4.035012337808297E-002
 -3.313705654708698E-002
 -3.463190697406304E-002
 -3.287292543050579E-002
 -3.848897921921601E-002
 -3.016436783250764E-002
 -2.483284673080810E-002
  0.181993410285872     
  4.502607105926604E-002
  4.198933033019614E-002
  4.771872550876266E-002
  4.771746770053287E-002
  3.812818288120590E-002
  3.903650675636372E-002
  3.845263919760178E-002
  3.887897897705772E-002
  3.685830847737581E-002
  4.199016355166596E-002
  4.502485506352594E-002
  0.181992541198976     
  4.738222839642581E-002
  4.013308534321414E-002
  3.686053703211722E-002
  3.887880768823038E-002
  3.845281804170586E-002
  3.903665736229667E-002
  3.812951093361572E-002
  4.013316280859347E-002
  4.738242000301141E-002
