 -0.210554320058520     
  9.669816823232891E-002
  5.248619511849295E-003
  7.410050510009825E-002
 -9.184053251375612E-002
  3.570541570272168E-002
 -4.335486195642257E-002
 -4.199759104394474E-002
 -1.194738725109623E-002
 -4.765463660501013E-004
 -4.044440512656688E-002
 -3.460828107882374E-002
 -3.750236657541617E-002
 -3.467519599312929E-002
 -4.075200811789870E-002
 -3.754591182942413E-002
 -2.067399258077618E-002
 -2.122790487562387E-002
 -3.731925959742455E-002
 -1.037369182638592E-002
  3.974065894540857E-005
 -3.945828283374819E-002
 -3.464714339360508E-002
 -3.816350439093075E-002
 -3.550492248880044E-002
 -4.125208677177739E-002
 -3.801630350834184E-002
 -3.952557946847879E-002
  3.773304115283116E-002
 -2.976605370772134E-002
 -1.547115208829997E-002
 -2.972138894839205E-002
  7.410441047346339E-002
 -9.186864525549243E-002
  3.768555787060102E-002
 -3.957086159199719E-002
 -3.803877772693198E-002
 -1.038902696295452E-002
  2.209432495625663E-006
 -4.122017295737912E-002
 -3.549281216580802E-002
 -3.818969107256276E-002
 -3.468407896456327E-002
 -3.951480505039218E-002
 -3.730316788779842E-002
 -2.120705064434336E-002
 -2.069537909045671E-002
 -3.746427716968270E-002
 -1.198255582785013E-002
 -5.282757521234416E-004
 -4.173243283643924E-002
 -3.517056109949124E-002
 -3.753675432738213E-002
 -3.414310751535332E-002
 -3.946790265469957E-002
 -4.206312051537076E-002
 -4.334427709839872E-002
  3.576410686726117E-002
  4.169597948163872E-002
  4.495679484316439E-002
  3.671507770226023E-002
  3.833931222239251E-002
  3.767945243741466E-002
  3.841762920157277E-002
  3.674984064426701E-002
  4.438741553127157E-002
  4.363579418534458E-002
  3.791625867816761E-002
  3.840421489081813E-002
  3.737870910210106E-002
  3.792241406719854E-002
  3.630545728379120E-002
  4.527938172062740E-002
  4.290916678333745E-002
  4.847198863659408E-002
  5.693799289859780E-002
  4.840957487491637E-002
  4.285613299455027E-002
  4.527158382481744E-002
  3.642392142240802E-002
  3.795892173302184E-002
  3.737461777199147E-002
  3.839416232287474E-002
  3.789236348286829E-002
  4.362107917086133E-002
  4.442687911903520E-002
  3.592276756440960E-002
  3.813334994603534E-002
  3.767831794712162E-002
  3.866398573770891E-002
  3.766689522918654E-002
  4.490646505813611E-002
  4.164273504565141E-002
