           2           1   1.42653893831821     
           3           2   1.43122149194764     
           4           3   1.40937286058943     
           5           4  0.880884123171180     
           6           5  0.881527441307747     
           7           6   1.41130746072223     
           8           7   1.43076380199902     
           9           8   1.42721677972581     
          10           9   1.42961721956035     
          11           6   1.41534673712365     
          11          10   1.42836295702193     
          12           5  0.882813360588034     
          13          12   1.41030217594096     
          14          13   1.43095124421611     
          15          14   1.42697685840920     
          16          15   1.42970698916772     
          17          12   1.41543773654701     
          17          16   1.42799706759139     
          18           5  0.876371614311059     
          19          18   1.40840421578503     
          20          19   1.42717140523184     
          21          20   1.42448654654959     
          22          21   1.41250829136855     
          23          22  0.875827523023444     
          24          23  0.881383957201491     
          25          24   1.41362279885319     
          26          25   1.42985161215764     
          27          26   1.42843695311975     
          28          27   1.42828522678935     
          29          24   1.41264554407961     
          29          28   1.42974835963876     
          30          23  0.882878523658602     
          31          30   1.40930514947048     
          32          31   1.43196191604890     
          33          32   1.42594403830796     
          34          33   1.43057097990026     
          35          30   1.41679740790348     
          35          34   1.42709478133704     
          36          23  0.881567309523891     
          37          36   1.41492682720447     
          38          37   1.42829461682810     
          39          38   1.42952355172478     
          40          39   1.42707927543042     
          41          36   1.41088013833192     
          41          40   1.43082285908047     
          42          18   1.41235493413015     
          42          22   1.40811962146412     
          43           4   1.41648426969482     
          44           1   1.42976743890846     
          44          43   1.42747698497282     
          45           1  0.945610531112536     
          46           2  0.944913634214624     
          47           3  0.946365886131494     
          48           7  0.947101819841463     
          49           8  0.945136525698000     
          50           9  0.945780470577747     
          51          10  0.945166572534162     
          52          11  0.946283911263485     
          53          13  0.946773663334494     
          54          14  0.945080236250136     
          55          15  0.945692546437824     
          56          16  0.945087457115179     
          57          17  0.945921622820137     
          58          19  0.944146202233592     
          59          20  0.941915121923650     
          60          21  0.943888057070143     
          61          25  0.946117546437993     
          62          26  0.945151664897709     
          63          27  0.945799102752457     
          64          28  0.945158295760146     
          65          29  0.946738821165173     
          66          31  0.946728571976677     
          67          32  0.944709844749917     
          68          33  0.945660545963655     
          69          34  0.945224929568193     
          70          35  0.946302262109179     
          71          37  0.946117841494619     
          72          38  0.945070885901685     
          73          39  0.945690870437871     
          74          40  0.945066047681745     
          75          41  0.946866390103116     
          76          42  0.941170307381678     
          77          43  0.945982089726209     
          78          44  0.945212351647290     
