 -3.191690146907433E-002
 -4.086583867961124E-002
 -1.225272166097469E-003
 -4.086608091703248E-002
 -3.191732374001521E-002
 -4.377563465762435E-002
 -3.362964798258261E-003
 -3.363283896296920E-003
 -4.377573928789413E-002
 -3.191708770660995E-002
 -4.086571175398745E-002
 -1.225231371169144E-003
 -4.086606373181034E-002
 -3.191716975797920E-002
 -4.377599827389034E-002
 -3.364394611693022E-003
 -3.364627953429178E-003
 -4.377596603877176E-002
 -7.161151586103642E-003
 -7.161240995904983E-003
  4.186453033403559E-002
  3.902619686705833E-002
  3.902594915371016E-002
  4.186413785882914E-002
  4.322588346240974E-002
  4.322570955167704E-002
  4.186454632349057E-002
  3.902618878154052E-002
  3.902582618160677E-002
  4.186434130640582E-002
  4.322522630284231E-002
  4.322514726962734E-002
