 -0.102130865002102     
  2.389452465067921E-002
 -0.102446743064955     
 -2.167577417676103E-002
 -4.444473936119486E-002
 -5.164612864352947E-002
 -3.678280513168186E-002
 -5.669610431871508E-002
  5.129132757186694E-002
 -0.114397860631442     
  6.133967400448093E-002
 -2.347367552498891E-002
 -2.255438073964555E-002
  1.198777639119797E-002
  6.439032423690660E-002
 -3.910507201826530E-002
  6.327765661053952E-002
  1.235315955117144E-002
 -2.646205622364484E-002
 -2.760335465065733E-002
 -3.301705334581850E-002
 -2.969516414912388E-002
 -3.914785629334006E-002
 -0.212359773423425     
  9.356089141621604E-002
  2.497319743599302E-002
 -2.847460774382693E-002
 -2.797413383343983E-002
 -3.394897999453406E-002
 -2.793373954086320E-002
 -2.861310240577186E-002
 -0.213592383549696     
 -3.348651167618577E-002
 -2.416088038289210E-002
  4.910863306974811E-002
 -7.080636545770691E-002
  3.589000322178881E-002
 -3.998092892677363E-002
 -4.420710639164227E-002
 -2.982786154911299E-002
 -2.630117917488217E-002
 -3.932779055038349E-002
 -5.021973469733698E-002
 -4.270764356291679E-002
 -4.594885765868639E-002
  3.449568695662952E-002
 -9.552586350272652E-002
  6.095789867727364E-002
 -3.604481891201416E-002
 -3.027134189692759E-002
 -3.968125692376390E-002
 -3.146298056409780E-002
 -3.700179212939148E-002
  3.430278906246909E-002
  3.394907186462448E-002
  3.369951494101686E-002
  3.341013590803044E-002
  3.409549977280180E-002
  3.368511373937122E-002
  4.317335027192937E-002
  3.926565361160372E-002
  4.282105699012495E-002
  3.961108239923095E-002
  4.339789357807744E-002
  5.032266658497075E-002
  4.442132775217134E-002
  4.455996574458043E-002
  4.027009999378106E-002
  4.028577186063231E-002
  3.969629363922023E-002
  3.985187576019888E-002
  4.453768059289487E-002
  3.982478783538090E-002
  4.045954333760660E-002
  3.986834997682775E-002
  4.443904783319841E-002
  4.588689152402803E-002
  4.340062515453924E-002
  4.436087871449734E-002
  5.045887245272773E-002
  4.117636095037580E-002
  3.981267608068928E-002
  4.257915157576520E-002
  4.001021153661910E-002
  4.087917303402411E-002
  4.369879973959545E-002
  3.978996952952796E-002
  4.214512560378214E-002
  3.947120498337753E-002
