 -1.554408629013349E-002
 -1.354416478226650E-002
  3.480975344594528E-002
  7.178672409692144E-002
 -0.234810853996043     
 -4.896361571749885E-003
 -2.800200007674380E-002
 -5.215172501373289E-002
 -4.218606627444910E-002
 -4.815176128876164E-002
  2.259067190166508E-002
 -9.179924721173549E-002
 -3.373721067014834E-002
  1.570791605037813E-002
  8.421705390118017E-002
 -0.143847843833138     
 -8.459883099652732E-002
 -0.138695413246152     
  9.197084712483949E-002
  1.882975526198649E-002
 -2.228404354078517E-002
 -1.617141524099708E-002
 -3.072723056880822E-002
  3.738343987150783E-002
  8.168622360979816E-002
 -0.246450956564587     
 -7.420434723475644E-003
 -3.576270139550441E-002
 -5.534101265871083E-002
 -4.447631892318427E-002
 -4.610465242794604E-002
  2.570307528901150E-002
 -8.542190107761360E-002
 -2.093108681986777E-002
  2.072521846706277E-002
  6.715690252586004E-003
 -3.587516573503446E-002
 -1.681167341093293E-002
 -3.125481414679765E-002
  3.872454286143645E-002
  8.063810497826518E-002
 -0.244261007259182     
 -7.044884058545087E-003
 -3.404293317638896E-002
 -5.507372010690936E-002
 -4.448738058392099E-002
 -4.676398934620085E-002
  2.540094229193413E-002
 -8.537995018464617E-002
 -2.238053841189913E-002
 -3.508476287331774E-002
  4.786255629012892E-002
  5.333194077183523E-002
  4.348699618087082E-002
  4.082848292157959E-002
  4.275591594996420E-002
  3.813898602821875E-002
  0.159388971828305     
  4.743804287686315E-002
  4.900972991946229E-002
  4.569965821423105E-002
  4.347207568583200E-002
  4.182877985834899E-002
  4.041814571475599E-002
  4.267857729874192E-002
  3.883885456838632E-002
  0.158779535221051     
  5.275579587950729E-002
  4.526213686666769E-002
  4.642913501414092E-002
  4.428889270657854E-002
  4.231622310964334E-002
  4.041180857918569E-002
  4.248922495821361E-002
  3.868432934993593E-002
  0.158762724276822     
  5.231752470650730E-002
  4.695313430656167E-002
