           2           1   2.65698001361554     
           3           2   1.09710687477207     
           4           3   1.33242940879133     
           5           4   1.45780767982791     
           6           5   1.37445346585044     
           7           6  0.965923857603920     
           8           7   1.01077942210884     
           9           8   1.39152139957634     
          10           9   1.41637456960215     
          11          10   1.44222445064065     
          12          11   1.40959361030887     
          13           8   1.30269631785982     
          13          12   1.41266604583026     
          14          13   1.00749193021300     
          15          14   1.00752526776124     
          16          15   1.41255362005946     
          17          16   1.40967389460850     
          18          17   1.44213974290037     
          19          18   1.41646785869016     
          20           7   1.01064595482153     
          20          15   1.30280762673434     
          20          19   1.39144961759764     
          21           6   1.37482889040633     
          22           3   1.33285944914308     
          22          21   1.45745756791374     
          23           1   1.09711488489764     
          24          23   1.33249607549978     
          25          24   1.45773894403099     
          26          25   1.37454561095285     
          27          26  0.965974732253995     
          28          27   1.01068413773985     
          29          28   1.39149746361018     
          30          29   1.41642057573674     
          31          30   1.44217330758377     
          32          31   1.40963371338209     
          33          28   1.30273962466524     
          33          32   1.41263835410357     
          34          33   1.00747670218119     
          35          34   1.00754187467361     
          36          35   1.41262477521460     
          37          36   1.40963174162662     
          38          37   1.44216125904176     
          39          38   1.41643300496567     
          40          27   1.01072961258767     
          40          35   1.30271414317707     
          40          39   1.39149926228693     
          41          26   1.37468523805529     
          42          23   1.33277278726284     
          42          41   1.45755373002814     
          43           4  0.943861043284905     
          44           5  0.944632328404106     
          45           9  0.941605719738791     
          46          10  0.943909072577548     
          47          11  0.944636827084860     
          48          12  0.945778835223021     
          49          16  0.945779327148463     
          50          17  0.944637979454545     
          51          18  0.943905278221432     
          52          19  0.941580514379202     
          53          21  0.944634876383584     
          54          22  0.943870610980054     
          55          24  0.943860308897430     
          56          25  0.944622523320042     
          57          29  0.941567755261948     
          58          30  0.943906549488732     
          59          31  0.944636512622488     
          60          32  0.945773337709235     
          61          36  0.945775667920814     
          62          37  0.944641536425363     
          63          38  0.943908599309387     
          64          39  0.941595670741363     
          65          41  0.944640255536350     
          66          42  0.943870785747314     
