 -9.014823918186021E-002
 -4.893317594922042E-002
 -6.505760535864002E-002
 -6.123470438906420E-002
 -1.848540614093874E-002
 -4.977213271906145E-002
 -9.188204439824066E-002
  7.939631093017763E-003
 -8.373886329058067E-002
  3.884108804461173E-002
 -3.698429388428170E-002
  4.524104809657370E-003
  0.101007081277760     
 -0.223523651995048     
 -3.908153702675232E-002
 -2.654282582929390E-002
 -2.211114040337225E-002
 -2.812627142718060E-002
 -3.102054086176942E-002
 -4.157169477406253E-002
  3.125996205032289E-002
 -6.712416206172644E-002
 -6.624957963285816E-002
  2.663849924513828E-002
 -2.773540976693223E-002
 -3.745494953584938E-002
 -1.405673870514157E-003
 -3.574631579005949E-002
 -3.498413322310157E-002
 -1.312049722729469E-003
 -3.965971768823895E-002
 -3.042126982643900E-002
 -3.994098167639226E-002
 -1.617253486980275E-003
 -3.578675542433363E-002
 -3.523017594873323E-002
  2.444366353943739E-003
 -7.165653535547101E-003
 -8.220805214162574E-003
 -4.108237206986765E-002
  3.715354757549161E-002
  2.767802765201122E-002
  3.734397680536594E-002
  2.828502128222321E-002
  2.583576421748635E-002
  2.728585297820196E-002
  2.578682776715735E-002
  2.576521361558837E-002
  3.083737551296384E-002
  3.379991424365103E-002
  3.315806480286476E-002
  3.786157711726246E-002
  2.856135408775928E-002
  2.976361059958710E-002
  2.971806045242220E-002
  3.710545066970394E-002
  5.282136557934070E-002
  5.002990394878404E-002
  4.909591345852371E-002
  4.947553173491959E-002
  4.726313408367966E-002
  4.721499899953141E-002
  4.419230024035448E-002
  4.461623821003236E-002
  4.252425575151619E-002
  4.130250248567524E-002
  4.133090848805054E-002
  3.920897038206994E-002
  4.198811092252652E-002
  3.901687501006335E-002
  4.109550618566815E-002
  4.487011419467113E-002
  4.471038417422113E-002
