           2           1   2.80057730495811     
           3           2   1.05336713822928     
           4           3   1.04432514354133     
           5           4   2.81798631077207     
           6           3   1.58659621298482     
           7           6   1.13552018740118     
           8           7   1.31019036298445     
           9           8   1.48510355237251     
          10           9   1.34071502429690     
          11          10   1.00860838845711     
          12          11   1.36483041009423     
          13          12   1.45827985798247     
          14          13   1.32772782546356     
          15          14   1.17649503681249     
          16          15   1.65746570930377     
          17          16   1.17291774468383     
          18          17   1.34008467728602     
          19          18   1.43462328670509     
          20          19   1.43636203897500     
          21          20   1.33805227819827     
          22          21   1.17434273126122     
          23          22   1.65543497837155     
          24          11   1.28459009927580     
          24          23   1.17905060784455     
          25          14   1.22214995658441     
          25          24   1.22763817541153     
          26          17   1.22255124234544     
          26          21   1.22421916126950     
          26          25   1.21769305859434     
          27          10   1.35327161576170     
          28           7   1.28218162216364     
          28          27   1.43784020954151     
          29          28  0.966841594711356     
          30           6  0.939459478440536     
          31           8  0.932639036940014     
          32           9  0.941213728429465     
          33          12  0.943058299297281     
          34          13  0.942601346209953     
          35          15  0.942311233736860     
          36          16  0.942203224334772     
          37          18  0.944865400254129     
          38          19  0.944795031724924     
          39          20  0.944895103260616     
          40          22  0.942026778042102     
          41          23  0.939157076956699     
          42          27  0.943434519657431     
