 -0.218562326862736     
  0.100075228125685     
  1.007427353166124E-002
 -2.153201092221302E-002
 -2.610389119208101E-002
  1.199651061937601E-002
 -1.529504525284775E-002
 -2.616358263024310E-003
 -4.165477370749215E-002
 -3.274337182428599E-002
 -3.383025905277748E-002
 -3.882413544023766E-002
 -2.317646925387606E-003
 -1.009672921469917E-002
 -9.056017276218853E-004
 -3.288144987498232E-002
 -3.424640872235862E-002
  6.006284731140799E-002
 -9.473265898855576E-002
  3.509123389497315E-002
 -4.498166383045543E-002
 -3.998951426173392E-002
 -4.890648012854371E-002
 -3.648630875103454E-002
 -2.869315813999762E-002
 -2.868634324895147E-002
 -3.648338059494893E-002
 -4.889864252523335E-002
 -3.999022777473549E-002
 -4.499178746956733E-002
  3.508983406883548E-002
 -3.420161211428585E-002
 -3.285882145868690E-002
 -2.308019407663231E-003
 -3.879379888957768E-002
 -3.382528546590802E-002
 -3.274363073137732E-002
 -4.164594784528663E-002
 -2.612478323597678E-003
 -2.609921590965136E-002
 -2.153187377690102E-002
  4.878153255546280E-002
  4.287534768618917E-002
  4.105940323699797E-002
  4.144863700055712E-002
  4.142676087944452E-002
  4.233560136997194E-002
  4.357954495226701E-002
  4.260159717504641E-002
  3.994820503164764E-002
  4.306111700963522E-002
  4.011063946621218E-002
  4.210368322461544E-002
  4.210425978224941E-002
  4.011377972545516E-002
  4.305927033970236E-002
  3.995011406926408E-002
  4.261030979305058E-002
  4.359329242398868E-002
  4.231816228434693E-002
  4.142797031717427E-002
  4.145006713164501E-002
  4.106233295338335E-002
  4.287696114905315E-002
  4.878234151013594E-002
