 -0.201224246407230     
  0.108483362199258     
  2.214984372776252E-002
 -3.729037250782774E-003
  5.017826554156413E-002
 -0.175658758263260     
  5.325359493564985E-002
  5.325351610414364E-002
 -0.175656966958563     
  5.017903103543020E-002
 -3.730180096341407E-003
  2.215390977210996E-002
  0.108458046277558     
 -0.201209961986553     
  3.336671480265174E-003
 -5.832205894632736E-003
 -1.610560807296046E-002
 -2.335991569062656E-002
  1.060138165968993E-002
 -2.336072439073522E-002
 -1.610514204348856E-002
 -5.832111243934790E-003
  3.334294866287557E-003
 -3.601695548320905E-002
  5.644910297869299E-002
  5.644810768081332E-002
  5.175825766333375E-002
  4.696283665586443E-002
  4.605005450349131E-002
  4.604970688552912E-002
  4.696280378254103E-002
  5.175902603227200E-002
