 -4.718624817833383E-002
 -3.448612114331340E-002
 -4.499055551872289E-002
  5.369972945094403E-002
 -0.127162341521292     
  5.364371832323167E-002
 -4.574124462570062E-002
 -3.461028492857032E-002
 -4.736920772617292E-002
 -3.441912499578503E-002
 -4.555919313021839E-002
  4.724146612125768E-002
 -4.361927118063047E-002
 -3.345748658810610E-002
  4.003189665089124E-002
 -1.186110746059388E-002
 -4.054813729999296E-002
 -1.415645263088106E-002
 -3.759024396510657E-002
  4.535707188747651E-002
 -0.128715247934439     
  5.383303887388857E-002
 -4.654483254633046E-002
 -3.505186070954824E-002
 -4.868501645532941E-002
 -3.522692715117071E-002
 -4.646929739830963E-002
  5.388267500942723E-002
 -4.677361174825823E-002
 -3.539786217497998E-002
 -4.875664118371859E-002
 -3.495079118004618E-002
 -4.627261306774244E-002
 -3.986958751006053E-002
 -1.627689036136548E-002
 -2.640371402248221E-002
  2.515217899290878E-003
 -3.859952063673155E-002
 -3.541195072505587E-002
 -3.800001122306274E-002
 -4.112312508975080E-002
 -7.691039364973840E-003
 -4.032632398296698E-002
 -2.787200203085760E-002
  4.520593264774053E-002
 -7.875102301675785E-002
 -5.629687529787653E-003
 -4.569428007005971E-002
 -3.462105882427036E-002
  3.838219235139051E-002
  4.159091439857043E-002
  3.792061654608503E-002
  3.773136633637908E-002
  4.143999005235099E-002
  3.824705173348431E-002
  4.152102696578885E-002
  3.768775696805593E-002
  4.750074960265938E-002
  4.780411590518263E-002
  4.540728588244181E-002
  4.832442545201820E-002
  3.775521326104536E-002
  4.130554761616245E-002
  3.804990951833676E-002
  4.131488054880261E-002
  3.775637645691376E-002
  3.771765610022282E-002
  4.126556998387254E-002
  3.807471810980778E-002
  4.153567470636210E-002
  3.784933848108640E-002
  4.925808382552521E-002
  4.085016399894525E-002
  4.093391897080734E-002
  3.952183590635239E-002
  3.764898397693117E-002
  4.657143813961506E-002
  4.619012754628593E-002
  3.775353376975543E-002
  4.155072685603600E-002
