           2           1   1.42823053119425     
           3           2   1.43891128487344     
           4           3   1.37734204013253     
           5           4  0.993551100117848     
           6           5   1.47546767163180     
           7           6   1.29459491759833     
           8           7   1.20259931960912     
           9           8   1.51019729586256     
          10           9   1.05670370587548     
          11          10  0.970750757940881     
          12          11   1.38168284109455     
          13          12   1.44035898826460     
          14          13   1.42577091835068     
          15          14   1.42723559185208     
          16          11   1.37972965915698     
          16          15   1.43877175866391     
          17          10  0.987648960831075     
          18          17   1.37003005242994     
          19          18   1.44712882931182     
          20          19   1.42015183654056     
          21          20   1.42925294544314     
          22          17   1.37693818974824     
          22          21   1.43742050772886     
          23           9   1.10644858133890     
          24          23   1.05685604584515     
          25          24  0.970701260311600     
          26          25   1.38173377967310     
          27          26   1.44032382238933     
          28          27   1.42579483606113     
          29          28   1.42722883290338     
          30          25   1.37973830418981     
          30          29   1.43878295094372     
          31          24  0.987514423880771     
          32          31   1.37695466750874     
          33          32   1.43741956260452     
          34          33   1.42924297340451     
          35          34   1.42017742310865     
          36          31   1.37011869726166     
          36          35   1.44708810809273     
          37          23   1.51007690852172     
          38           7   1.21093419509986     
          38          37   1.20262972693877     
          39          38   1.29458028115254     
          40           5   1.23088833129337     
          40          39   1.47543464567806     
          41          40  0.993624151492383     
          42          41   1.37730249457061     
          43          42   1.43893253635519     
          44          43   1.42821623248527     
          45          44   1.42430673754735     
          46          41   1.37408922232807     
          46          45   1.44309612898594     
          47           4   1.37409736309955     
          48           1   1.42430334879602     
          48          47   1.44309880896288     
          49           1  0.947547824684196     
          50           2  0.946532046302405     
          51           3  0.946984395499642     
          52           6  0.940843172529643     
          53          12  0.945801878349829     
          54          13  0.945164123091050     
          55          14  0.946266429342244     
          56          15  0.945209507220734     
          57          16  0.945950574498370     
          58          18  0.945766918308450     
          59          19  0.945103384063948     
          60          20  0.946391804559746     
          61          21  0.944956708808037     
          62          22  0.943860623286480     
          63          26  0.945825496376337     
          64          27  0.945165828871783     
          65          28  0.946266715201453     
          66          29  0.945209353350416     
          67          30  0.945953010484348     
          68          32  0.943840581545154     
          69          33  0.944954282619649     
          70          34  0.946391816861523     
          71          35  0.945103838342927     
          72          36  0.945782473320972     
          73          39  0.940844997190847     
          74          42  0.946980697726640     
          75          43  0.946531819457093     
          76          44  0.947547726020823     
          77          45  0.946483714454594     
          78          46  0.945831199729215     
          79          47  0.945838574593591     
          80          48  0.946482702189929     
