 -0.276967440036207     
  0.191939441490967     
  2.808874843123643E-003
 -1.446588675112093E-002
 -1.347892650477522E-002
 -2.899620092546140E-002
  1.004671877312369E-002
  5.656962134918686E-002
 -0.128828762239807     
  4.391957364979726E-002
 -5.524684297707072E-002
 -4.248277002198986E-002
 -4.583943531284174E-002
 -4.477554080868096E-002
  7.551498024094006E-002
 -0.137123644402888     
  7.484670567830554E-002
 -4.481377058253422E-002
 -4.606306081426670E-002
 -4.225298943696654E-002
 -5.535909756495005E-002
  4.424707119590288E-002
 -1.694160452802063E-002
 -1.165773844699025E-002
 -1.740083256001057E-003
 -4.957749414127299E-003
  0.191916038812804     
 -0.278402944667612     
 -0.130668642691770     
  6.588467491673189E-002
 -2.418571105829415E-002
 -2.884023132666691E-002
 -3.469050346490743E-002
 -2.892101780859679E-002
 -2.446589461105386E-002
  5.455808107459681E-002
  4.717219699991559E-002
  5.085119361314960E-002
  4.258466565400487E-002
  4.462385328142882E-002
  4.359163300096502E-002
  4.170812048110439E-002
  4.155271507838887E-002
  4.348887574383342E-002
  4.452986667335557E-002
  4.257397590175660E-002
  4.853788036890272E-002
  6.012140615895423E-002
  3.874203370413243E-002
  4.139133428381314E-002
  3.856935977514975E-002
  4.134369818634642E-002
  3.853189872294771E-002
