           2           1   1.00761980122668     
           3           2  0.993618714897285     
           4           3  0.994120300222495     
           5           4  0.976430538735855     
           6           5   1.05083021674919     
           7           6   1.38146062149700     
           8           7   1.42270201964825     
           9           8   1.44074239808278     
          10           9   1.40885223712492     
          11           6   1.30383168152248     
          11          10   1.42284304758523     
          12          11  0.964282074590284     
          13          12   1.31534635590768     
          14          13   1.21530332264413     
          15          14   1.59717727399866     
          16          15   1.26477221073564     
          17          16   1.59592419166800     
          18          13   1.17256760778991     
          18          17   1.21566592764333     
          19          18   1.31196849049779     
          20          19  0.969388411862214     
          21          20   1.41341411583002     
          22          21   1.41508011407608     
          23          22   1.43605371351533     
          24          23   1.42669800495384     
          25          20   1.30934256192236     
          25          24   1.37840688079896     
          26          25   1.04641085939206     
          27          26  0.974820920147640     
          28          27  0.993421145052649     
          29          28  0.994129683475633     
          30          29   1.00757950878422     
          31          19   1.31300196747316     
          32          31   1.21577347134780     
          33          32   1.59657048848820     
          34          33   1.26510202821180     
          35          34   1.59493371564649     
          36          12   1.31212164675406     
          36          31   1.17363909414744     
          36          35   1.21525260886760     
          37           1  0.982855442953416     
          38           1  0.984920309280801     
          39           1  0.979033636498980     
          40           2  0.967146126544866     
          41           2  0.971775855675857     
          42           3  0.966728159241301     
          43           3  0.965686511338806     
          44           4  0.965056230147323     
          45           4  0.962436972669440     
          46           7  0.944535651053273     
          47           8  0.945119928156362     
          48           9  0.945341367776670     
          49          10  0.945447347951922     
          50          14  0.941575284612109     
          51          15  0.945753744517232     
          52          16  0.945749407964905     
          53          17  0.941367241255136     
          54          21  0.945270485929911     
          55          22  0.945134868069932     
          56          23  0.945033281763982     
          57          24  0.944349364728671     
          58          27  0.965369116039976     
          59          27  0.962247234336433     
          60          28  0.965716921383381     
          61          28  0.967253206569587     
          62          29  0.968786814934344     
          63          29  0.970469249893240     
          64          30  0.979146251687502     
          65          30  0.984694801775285     
          66          30  0.983534138054248     
          67          32  0.941345007507701     
          68          33  0.945757811742040     
          69          34  0.945776578963832     
          70          35  0.941619049278287     
