  9.215888980669718E-003
 -0.145576930719967     
  8.001893655348091E-002
 -4.183619913708903E-002
 -4.050163656161665E-002
 -6.349820338947154E-003
 -2.898447869299758E-002
 -7.143526984038395E-002
 -2.804729031560793E-002
  2.031899817467009E-002
 -2.856253465412983E-002
 -2.061874564352895E-002
  2.754937627574172E-002
  0.281989204354598     
 -0.134962880041344     
 -0.131093809739586     
 -0.146181557903335     
 -1.413337607065568E-002
 -1.233475584820898E-002
 -5.867374687086091E-003
  7.943313243172945E-002
 -0.240081234560801     
 -4.396521790899222E-003
 -2.920390942198026E-002
 -5.267355748904023E-002
 -4.407610925983452E-002
 -5.010659732947786E-002
  2.180253100537222E-002
 -9.481024458988685E-002
  9.819654296082536E-002
 -4.114207508371681E-002
 -5.079559941243605E-002
  4.496497709522951E-002
  4.192321370424668E-002
  4.189907115584135E-002
  3.974804459400083E-002
  4.163852666355095E-002
  5.165028571872454E-002
  4.139107482402371E-002
  4.479354246853340E-002
  4.652316307329507E-002
  4.821354653187016E-002
  4.376212295422488E-002
  4.059500753546685E-002
  4.205936249017994E-002
  3.687850206670229E-002
  0.153905795809011     
  4.471928465495634E-002
  4.058237705565082E-002
