           2           1  0.990572942540713     
           3           2   1.05866315506623     
           4           3   1.34166623239884     
           5           4   1.48629343676380     
           6           5   1.32673293969686     
           7           6   1.07776109292939     
           8           7   1.52045488413447     
           9           8   1.26064138518900     
          10           9  0.994653598797989     
          11          10   1.37276771266252     
          12          11   1.44163172735269     
          13          12   1.39378482089369     
          14          13  0.927891435745964     
          15          14  0.954454043903068     
          16          14  0.958329275762020     
          17          14  0.938023733597821     
          18          13   1.39147350494009     
          19          10   1.37245224129232     
          19          18   1.44301273571709     
          20           9   1.43068638515755     
          21          20   1.12516280127227     
          22          21   1.50773136254118     
          23          22   1.15288369940751     
          24          23   1.33789275351292     
          25          24   1.47544486178387     
          26          25   1.38333149780444     
          27          26   1.45646523980324     
          28          23   1.23884257218339     
          28          27   1.36579471192206     
          29          21   1.12088677770871     
          29          28   1.09726070279499     
          30           7   1.11519596167468     
          30          20   1.10944948240983     
          31           6   1.34430317195293     
          32           3   1.35337955068032     
          32          31   1.46094113937557     
          33           1  0.989547795387768     
          34           1  0.980700901635236     
          35           1  0.980727383441713     
          36           4  0.946461011715643     
          37           5  0.942363941778999     
          38           8  0.936541797953945     
          39          11  0.944232484519966     
          40          12  0.945598071085784     
          41          18  0.945421372337835     
          42          19  0.942675339464965     
          43          24  0.945182898518303     
          44          25  0.945136908822115     
          45          26  0.944937440857104     
          46          27  0.944844258269901     
          47          29  0.948719018338263     
          48          31  0.944084373313624     
          49          32  0.944258958795600     
