           2           1   1.42757080463692     
           3           2   1.41672980451425     
           4           3   1.43657012515336     
           5           4   1.37039567452283     
           6           5  0.994880080073012     
           7           6   1.50607683311807     
           8           7   1.26355621387149     
           9           8   1.27305969408804     
          10           9   1.42992800226489     
          11          10   1.09585071725616     
          12          11   1.32386946526121     
          13          12   1.48587007501682     
          14          13   1.33130283429252     
          15          14  0.975524162020865     
          16          15   1.00642793121499     
          17          16   1.39073639957867     
          18          17   1.41792298916979     
          19          18   1.44003738672014     
          20          19   1.41259419130610     
          21          16   1.30527550082805     
          21          20   1.40945825182003     
          22          21   1.00875165616349     
          23          22   1.00821369995098     
          24          23   1.40971447228322     
          25          24   1.41240912243084     
          26          25   1.44024191534365     
          27          26   1.41791385298356     
          28          15   1.00672188366876     
          28          23   1.30534547956733     
          28          27   1.39104706109457     
          29          14   1.41785007046481     
          30          11   1.27928720421394     
          30          29   1.34967413191517     
          31          30   1.06908245382926     
          32          31   1.34962404399257     
          33          32   1.41790730438772     
          34          33  0.975579768402583     
          35          34   1.00648231831764     
          36          35   1.39071695528376     
          37          36   1.41794066569500     
          38          37   1.44003544718556     
          39          38   1.41258513225962     
          40          35   1.30529147064370     
          40          39   1.40947879223346     
          41          40   1.00871184683291     
          42          41   1.00824457794679     
          43          42   1.40968627730430     
          44          43   1.41242194971813     
          45          44   1.44023392052097     
          46          45   1.41792357203309     
          47          34   1.00665722913525     
          47          42   1.30536589578178     
          47          46   1.39103962139384     
          48          33   1.33120973957455     
          49          48   1.48591698467661     
          50          31   1.27932018703475     
          50          49   1.32381325415980     
          51          10   1.15744703244657     
          51          50   1.09590572395480     
          52          51   1.42989004826331     
          53           8   1.17318856958997     
          53          52   1.27310188112541     
          54          53   1.26353209551876     
          55           6   1.19702156050735     
          55          54   1.50607704136574     
          56          55  0.994926791596066     
          57          56   1.36606412814015     
          58          57   1.43154167194041     
          59          58   1.42758378524988     
          60          59   1.41670766266714     
          61          56   1.37035374925147     
          61          60   1.43660420634132     
          62           1   1.43154992864280     
          62           5   1.36606428158614     
          63           1  0.945511530135664     
          64           2  0.949039228964051     
          65           4  0.948336013091814     
          66           7  0.940162634207250     
          67          12  0.939833297937263     
          68          13  0.943506238777821     
          69          17  0.940341442700511     
          70          18  0.943597178460698     
          71          19  0.944446999930064     
          72          20  0.945659044247374     
          73          24  0.945683712931484     
          74          25  0.944498358648998     
          75          26  0.943792518170917     
          76          27  0.940984791669677     
          77          29  0.940206089875857     
          78          32  0.940202584609397     
          79          36  0.940360102454191     
          80          37  0.943595829436990     
          81          38  0.944449240215148     
          82          39  0.945660716915384     
          83          43  0.945685202270383     
          84          44  0.944498474053930     
          85          45  0.943792003699241     
          86          46  0.940943143772366     
          87          48  0.943510664432368     
          88          49  0.939825436178920     
          89          54  0.940159358575258     
          90          57  0.943764598708369     
          91          58  0.945513144049016     
          92          59  0.949038447074052     
          93          61  0.948330565350148     
          94          62  0.943766075541591     
