 -3.468904037736387E-002
 -2.601175494095997E-002
 -2.276093487613018E-002
  2.519725977778053E-002
  6.598216426374570E-002
 -0.223659121673759     
 -1.050905980477435E-002
  1.356991762413173E-002
 -2.815885342085078E-002
 -3.570121834814710E-002
 -4.108383496425283E-002
 -4.444124465999355E-002
 -1.233023629857488E-002
 -3.418887298826334E-003
 -4.056504510046377E-002
 -4.113757131290363E-002
 -3.770956662936342E-002
 -4.927452697336854E-002
  4.755783294037919E-003
  9.798572952119944E-003
 -8.168277297585558E-002
  6.883396264855923E-002
 -2.899104674896957E-002
 -2.587869935529596E-002
 -3.274085162278340E-002
 -2.657707709661850E-002
 -2.677103018340254E-002
 -4.109230053349755E-002
 -2.968644694642908E-002
  4.038073194035119E-002
  4.190509203035020E-002
  4.550667386050034E-002
  4.408243709636339E-002
  4.039135786098913E-002
  3.895325038338604E-002
  4.142638252147357E-002
  4.428622115128855E-002
  4.000642393111398E-002
  4.026023142877944E-002
  4.176770185372836E-002
  4.193890501008735E-002
  4.492207450223418E-002
  4.164182397580318E-002
  4.488377830827250E-002
  4.231285494414638E-002
  4.166841822896272E-002
  4.039910255435331E-002
