           2           1   2.79578541352962     
           3           2   1.05861393768578     
           4           3   1.05842210260542     
           5           4   2.79601019466578     
           6           3   1.50238015902799     
           7           6   1.04688976764596     
           8           7   1.33657516980546     
           9           8   1.47540520742437     
          10           9   1.34469918064587     
          11          10   1.03257507005644     
          12          11  0.989046108405342     
          13          12   1.37374094799645     
          14          13   1.44207347858557     
          15          14   1.42503087571985     
          16          15   1.42500533256466     
          17          12   1.37483223155623     
          17          16   1.44225979862234     
          18          11  0.985664079429891     
          19          18   1.37614245819042     
          20          19   1.44135141188362     
          21          20   1.42559029800402     
          22          21   1.42506142750476     
          23          18   1.37468388823567     
          23          22   1.44174954195607     
          24          10   1.34335945169322     
          25           7   1.33503900919293     
          25          24   1.47755748772242     
          26           6   1.04576053091550     
          27          26   1.33694611901118     
          28          27   1.47524024341019     
          29          28   1.34470644188606     
          30          29   1.03269471264865     
          31          30  0.985503751451910     
          32          31   1.37623365842498     
          33          32   1.44130682694955     
          34          33   1.42562461945814     
          35          34   1.42504810393599     
          36          31   1.37470144472292     
          36          35   1.44174510722586     
          37          30  0.989033107111096     
          38          37   1.37379798876820     
          39          38   1.44201595131726     
          40          39   1.42507245417732     
          41          40   1.42497533733422     
          42          37   1.37481574800208     
          42          41   1.44229815741069     
          43          29   1.34352306077721     
          44          26   1.33561531975408     
          44          43   1.47721890954261     
          45           8  0.939585328156161     
          46           9  0.942629655676173     
          47          13  0.946374606063887     
          48          14  0.945251219344109     
          49          15  0.946478699001798     
          50          16  0.945225163348357     
          51          17  0.946282126136733     
          52          19  0.946406062592981     
          53          20  0.945270150662677     
          54          21  0.946435648561740     
          55          22  0.945072624507284     
          56          23  0.946193050637242     
          57          24  0.942903086271917     
          58          25  0.942713023829861     
          59          27  0.939694787042798     
          60          28  0.942607063010537     
          61          32  0.946412494833841     
          62          33  0.945271305594682     
          63          34  0.946435661441646     
          64          35  0.945070178825952     
          65          36  0.946186022750448     
          66          38  0.946384170119012     
          67          39  0.945252898411119     
          68          40  0.946479164021524     
          69          41  0.945225541195301     
          70          42  0.946283048198730     
          71          43  0.942891972666861     
          72          44  0.942761015766933     
