 -3.703802088860630E-002
 -3.431567884423092E-002
 -4.016224162284043E-002
 -5.321638515844995E-004
 -1.021111923151441E-002
 -3.876942894974444E-002
 -3.413405993350516E-002
  4.816452447439001E-002
 -1.519475507691137E-002
 -3.627406198179806E-002
 -1.609305231265701E-002
 -3.534263515227298E-002
 -9.196751812988069E-003
 -2.020653721892529E-004
 -4.045173494114440E-002
 -3.449998774431506E-002
 -3.726944988316205E-002
 -3.454290315879138E-002
 -4.053578910131161E-002
 -3.583726954552091E-002
 -1.676370048861120E-002
 -1.487419924095512E-002
 -3.662353597062129E-002
 -9.214497475833916E-003
  1.062516547701176E-003
 -3.335326931921578E-002
 -2.566610131393343E-002
  1.083931203489996E-002
  6.359760887822885E-002
 -3.996253097927749E-002
  6.317661936181995E-002
  1.244931156458051E-002
 -3.888257844138021E-002
 -3.001626330054918E-002
 -3.363073344790735E-002
 -2.815229518424101E-002
 -2.675007954536301E-002
 -0.214021636258108     
  9.314396216927090E-002
  2.519797399364743E-002
 -2.852328162518258E-002
 -2.836986322601120E-002
 -3.480415548271765E-002
 -2.852591493775858E-002
 -2.883419201097315E-002
 -0.214460115390280     
 -3.763726845207227E-002
 -3.477065490279063E-002
 -3.794552763922798E-002
 -3.304440870218439E-002
  4.902332499494744E-002
 -7.916100799835402E-002
  3.806805047386064E-003
 -4.058084413189000E-002
 -3.439567183305403E-002
  3.781299367991353E-002
  3.847911168339968E-002
  3.688574622110130E-002
  4.658080446853230E-002
  4.397045648628206E-002
  4.415645329701579E-002
  4.750864253001741E-002
  3.681597559873018E-002
  3.859379330239343E-002
  3.786611354099689E-002
  3.857073974398184E-002
  3.681188423279158E-002
  4.717259373329097E-002
  4.406565019904429E-002
  4.045152284462306E-002
  4.731864773585248E-002
  4.441495038875776E-002
  3.963998430326243E-002
  3.942208100560596E-002
  3.992454030186177E-002
  3.986111863185515E-002
  4.454801089892790E-002
  4.466261126149473E-002
  3.953029054396140E-002
  4.012178512783027E-002
  3.942391603257500E-002
  4.443762481573665E-002
  4.241231191246886E-002
  4.042686551956576E-002
  4.745487883851462E-002
  4.454022196652141E-002
  3.668379270303812E-002
  3.853942408672006E-002
