           2           1   2.83222700977682     
           3           2   1.05565360227228     
           4           3   1.30472340426555     
           5           4   1.43645781145210     
           6           5   1.15037827826613     
           7           6   1.42886783111297     
           8           3   1.27873448465685     
           8           7   1.30860886365451     
           9           8   1.05445838651130     
          10           9   2.83339320417556     
          11           6   1.07618871593460     
          12          11   1.43504602681418     
          13          12   1.35369638366868     
          14          13   1.46286564292429     
          15          14   1.00050463341365     
          16          15   1.37650871808289     
          17          16   1.37832376565391     
          18          17  0.997194660098266     
          19          18   1.37491711409029     
          20          19   1.44176343399949     
          21          20   1.42615945147514     
          22          21   1.42622137354454     
          23          18   1.37489280432533     
          23          22   1.44168943166937     
          24          17   1.37851894903692     
          25          24   1.37757775038853     
          26          25  0.997482686909821     
          27          26   1.37501529540946     
          28          27   1.44166297006059     
          29          28   1.42626553157066     
          30          29   1.42609411031317     
          31          26   1.37461001870471     
          31          30   1.44184526922260     
          32          15   1.37424102894304     
          32          25   1.37907726811202     
          33          14   1.19499767977844     
          34          33   1.25366259723943     
          35          34   1.52982454619781     
          36          35   1.33468842260558     
          37           5   1.06861289206624     
          37          36   1.44981782241894     
          38          11   1.18976552827070     
          38          33   1.26185831038777     
          38          37   1.19045876240429     
          39          12  0.942837130222226     
          40          13  0.942451379506079     
          41          16  0.944983731612665     
          42          19  0.947179072837464     
          43          20  0.946530948930000     
          44          21  0.947440643270244     
          45          22  0.946512034274316     
          46          23  0.947033152387102     
          47          24  0.944470061426755     
          48          27  0.947187800898706     
          49          28  0.946554995876512     
          50          29  0.947433276660723     
          51          30  0.946489323079439     
          52          31  0.946960249693986     
          53          32  0.944396196154333     
          54          34  0.941945079971286     
          55          35  0.943901889367687     
          56          36  0.944432504667826     
