           2           1  0.991931790150119     
           3           2   1.39009958152320     
           4           3   1.44626216860713     
           5           4   1.36972523320324     
           6           5  0.995630924994107     
           7           6  0.996408928823645     
           8           7   1.36526433333260     
           9           8   1.45244642305178     
          10           9   1.38447184274898     
          11          10  0.991862890029516     
          12          10   1.39631442650451     
          13           7   1.37486920382649     
          13          12   1.43960446160579     
          14           6  0.999334552433494     
          15          14   1.36011948837161     
          16          15   1.45721027663252     
          17          16   1.37672285760400     
          18          17  0.925996938773407     
          19          18  0.931441421403010     
          20          19   1.38994127129411     
          21          20   1.44018902101013     
          22          21   1.37376724299588     
          23          22  0.997276397626813     
          24          23  0.997383673968306     
          25          24   1.37419706786523     
          26          25   1.44029535291547     
          27          26   1.39578951970998     
          28          27  0.991869779280337     
          29          27   1.38483511646563     
          30          24   1.36518038719349     
          30          29   1.45209820466638     
          31          23  0.996065261214685     
          32          31   1.36968343504640     
          33          32   1.44627115561492     
          34          33   1.39014798323862     
          35          34  0.991927452657263     
          36          34   1.39055061595263     
          37          31   1.37044496736183     
          37          36   1.44570503672315     
          38          22   1.36247908716590     
          39          19   1.37983469338390     
          39          38   1.45481588019367     
          40          18  0.951996385984084     
          41          40  0.993111536670753     
          42          41  0.996491933349689     
          43          42  0.996204974183050     
          44          18  0.947053332130902     
          44          43  0.988910335056335     
          45          17   1.39398591599340     
          46          14   1.37474036611128     
          46          45   1.43866683378754     
          47           5   1.37067324586580     
          48           2   1.39063385336020     
          48          47   1.44560208665279     
          49           1  0.977550125760150     
          50           1  0.977497376100013     
          51           1  0.969618678788087     
          52           3  0.944638101501436     
          53           4  0.944587540110774     
          54           8  0.944688628073241     
          55           9  0.945161949520153     
          56          11  0.972530826755114     
          57          11  0.972728864806001     
          58          11  0.979503996577106     
          59          12  0.944091136014308     
          60          13  0.944831178449473     
          61          15  0.944093296092418     
          62          16  0.942447573503165     
          63          20  0.940659476349622     
          64          21  0.944214577975641     
          65          25  0.944804320893462     
          66          26  0.944154808194978     
          67          28  0.971391418900806     
          68          28  0.974005650495765     
          69          28  0.979374410506216     
          70          29  0.945113735253689     
          71          30  0.944656504128647     
          72          32  0.944608452586753     
          73          33  0.944660076098654     
          74          35  0.977519405066837     
          75          35  0.969622175317187     
          76          35  0.977537408965122     
          77          36  0.944612245493255     
          78          37  0.944795917323434     
          79          38  0.944236644898701     
          80          39  0.942311662522229     
          81          40  0.963309006149289     
          82          40  0.959155732673746     
          83          41  0.962691362936415     
          84          41  0.967714484672478     
          85          42  0.962367077042135     
          86          42  0.968948050564657     
          87          43  0.962485488072428     
          88          43  0.966257321760547     
          89          44  0.965221303493465     
          90          44  0.959817531769014     
          91          45  0.942696381234634     
          92          46  0.943942689594535     
          93          47  0.944794698907920     
          94          48  0.944619090087694     
