 -8.246432692191608E-002
  6.215536583623837E-003
 -5.029301025926891E-002
  5.997298682046193E-002
 -9.318963254157264E-002
  3.546197458778488E-002
 -4.493703615902955E-002
 -4.027078918754157E-002
 -4.900142007631114E-002
 -3.654696323783835E-002
 -2.860682106579571E-002
 -2.884784319332923E-002
 -3.664877503696573E-002
 -4.894624059229624E-002
 -3.999294314141544E-002
 -4.452876403198935E-002
  3.558633795779631E-002
 -4.163572897912804E-002
 -3.532988376570945E-002
 -1.847277574800632E-002
 -1.593437491572214E-002
 -3.340744576415933E-002
 -4.078290454414724E-002
  5.918265979677528E-002
 -8.869320380845469E-002
  3.709477288122409E-002
 -4.174488057277159E-002
 -3.716700948637186E-002
 -4.610117567918870E-002
 -3.504593228270103E-002
 -2.891321548603898E-002
 -2.426247978312635E-002
 -3.850799255184789E-002
 -2.475247846519668E-002
  0.146092047740662     
 -0.241498695206997     
 -1.551577489486711E-002
 -2.461374999422361E-002
 -2.671555544626170E-002
  5.945393827433065E-002
 -0.128379727798796     
  4.648928484699599E-002
 -5.517201675312045E-002
 -4.360687284887277E-002
 -4.882893709707847E-002
 -4.694896411465432E-002
  7.359429183910837E-002
 -0.139315732792430     
  7.439343987597669E-002
 -4.689076552552862E-002
 -4.915511167158737E-002
 -4.494435026370880E-002
 -5.705690383896922E-002
  4.663737343880836E-002
 -2.941031019425466E-002
 -3.468341875589065E-002
 -2.946089143889541E-002
 -3.514180277316470E-002
  4.257029322896466E-002
 -4.956870645133993E-002
  7.363611326458575E-003
 -8.198398378803784E-002
  4.355485144478544E-002
  4.384938490846635E-002
  3.957425282455296E-002
  3.896655087271972E-002
  4.009715894822130E-002
  4.287835915265603E-002
  3.999427398093769E-002
  4.208426728737247E-002
  4.198307038233973E-002
  4.000015308075799E-002
  4.301715179787235E-002
  4.046975251208984E-002
  4.291853065835571E-002
  4.495028319671812E-002
  4.601378585097549E-002
  4.275849859811043E-002
  4.149818978936337E-002
  4.402579546195007E-002
  4.092364512420177E-002
  4.240696003266575E-002
  4.801948172780046E-002
  4.968203850994879E-002
  4.263710379381080E-002
  4.372086338393255E-002
  4.388713861867133E-002
  4.255802555719301E-002
  4.067244766680844E-002
  4.087656697365971E-002
  4.249811141018967E-002
  4.301087052231523E-002
  4.224261800801876E-002
  4.186602232671432E-002
  4.715892971279656E-002
  5.233461402382722E-002
  4.419762564008145E-002
  3.887684486121035E-002
  4.374488707448865E-002
  3.926459466889198E-002
  4.459606934210369E-002
