 -4.917519969177242E-002
 -3.589052946824367E-002
 -4.938515741296712E-002
  5.348103237199675E-002
 -0.126776146204041     
  5.487122364861063E-002
 -3.940432702672059E-002
 -3.285761493078443E-002
 -4.382825611007313E-002
 -3.266689461860839E-002
 -4.350096688668792E-002
  5.530073485047327E-002
 -3.981643372359844E-002
 -3.506318868862568E-002
 -3.994436702865212E-002
 -3.318121884190273E-002
  5.181325128417313E-002
 -9.536272613350238E-002
  3.600553222682423E-002
 -4.553757849946205E-002
 -4.154434523375361E-002
 -5.056537400609606E-002
 -3.737092703229372E-002
 -2.790061506344266E-002
 -2.847287246312558E-002
 -3.793614953245239E-002
 -5.089481748651359E-002
 -4.070435080551515E-002
 -4.367581093416106E-002
  3.860219068843707E-002
 -4.747275175228882E-002
 -3.508954212228055E-002
  3.783961554064552E-002
  4.101885083907453E-002
  3.786244742976763E-002
  3.833733048976939E-002
  4.087333474635202E-002
  3.749856212334390E-002
  4.074235247207614E-002
  3.590360550687455E-002
  4.421048637040736E-002
  4.518178776046722E-002
  4.503225657674481E-002
  4.436566478479242E-002
  3.913412405834271E-002
  4.210381128765917E-002
  3.919128586971854E-002
  4.131900973551561E-002
  4.093831284513050E-002
  3.885436297803335E-002
  4.240558125037552E-002
  4.150882617451079E-002
  3.837621692145765E-002
  4.124637086601091E-002
