           2           1   1.43235628931669     
           3           2   1.41000401130341     
           4           3   1.43241072080982     
           5           4   1.30740506976542     
           6           1   1.43081360319110     
           6           5   1.38031115386947     
           7           5   1.03652306517920     
           8           7   1.38040513749615     
           9           8   1.43081162741829     
          10           9   1.43229405893255     
          11          10   1.41016472517669     
          12           7   1.30726328327191     
          12          11   1.43219302727216     
          13           4  0.925213957336373     
          13          12  0.927813599743783     
          14          13  0.929171652824893     
          15          14   1.43443615661536     
          16          15   1.40828405670502     
          17          16   1.43247255482030     
          18          17   1.43007127792359     
          19          14   1.30104430607358     
          19          18   1.37714450440051     
          20          19   1.04010812243624     
          21          13  0.927599387618756     
          21          20   1.32737553381406     
          22          21   1.39814636550610     
          23          22   1.43204933711204     
          24          23   1.36879779886422     
          25          24   1.09292124900587     
          26          25   1.09658325276484     
          27          26   1.36432285613715     
          28          27   1.45446790998688     
          29          28   1.39119127314360     
          30          29   1.46193989926654     
          31          26   1.25207601902338     
          31          30   1.34945278369782     
          32          20   1.30062075972795     
          32          24   1.25095812592486     
          32          31   1.09594884689234     
          33           1  0.945382079994369     
          34           2  0.945584545590738     
          35           3  0.946075467487562     
          36           6  0.945451083968090     
          37           8  0.945455400540014     
          38           9  0.945385479576999     
          39          10  0.945598698040928     
          40          11  0.946109410909473     
          41          15  0.945679893954970     
          42          16  0.945415516207792     
          43          17  0.945149120424983     
          44          18  0.938179719208776     
          45          22  0.942449022212735     
          46          23  0.942767502923206     
          47          25  0.953934858318147     
          48          27  0.945339529306854     
          49          28  0.944898419202983     
          50          29  0.945027242860714     
          51          30  0.937843429472089     
