 -0.102232104191998     
  2.095959001846026E-002
 -0.102242414240537     
 -2.198129992841746E-002
 -4.415055681124791E-002
 -5.128214724148261E-002
 -3.756659213246749E-002
 -5.867075878793138E-002
  5.007742589729602E-002
 -0.119124341619687     
  6.259152536337398E-002
 -2.412167647514973E-002
 -3.323965128480921E-002
 -2.525890452486301E-003
  1.900633339131064E-002
 -3.802963076055388E-002
  5.171472815190192E-002
  2.032449099980171E-002
 -1.695231055909119E-002
 -1.714848461868979E-002
  1.218952797334305E-002
  0.101530914232713     
 -0.216975678873524     
 -1.911017205176613E-002
 -2.848343827795663E-002
 -0.206964033262120     
  5.170642381633828E-002
  2.032613608068123E-002
 -2.849378574954109E-002
 -1.910897189890459E-002
  1.219473727888198E-002
  0.101524515338888     
 -0.216969174620112     
 -1.714517269924531E-002
 -1.694988753848747E-002
 -3.800570869354036E-002
 -3.322065115286055E-002
 -2.412297648473150E-002
  5.007232212776636E-002
 -5.866075403256144E-002
 -3.756536193492188E-002
 -5.128256478364879E-002
 -4.415048277794931E-002
 -2.198540617979461E-002
  3.400340399823609E-002
  3.375988790979201E-002
  3.373632269967020E-002
  3.378352989626865E-002
  3.400628793061045E-002
  3.377342892798352E-002
  4.339965125789680E-002
  3.935282136466822E-002
  4.212163792533519E-002
  3.806232051513370E-002
  4.360476850285211E-002
  4.526665916301231E-002
  4.291606856965957E-002
  4.823049669806301E-002
  4.955445995910113E-002
  4.913177391778656E-002
  4.395266921813534E-002
  4.395844530488446E-002
  4.913125511122907E-002
  4.955283637953545E-002
  4.823668089034894E-002
  4.292048246718794E-002
  4.526025255889232E-002
  4.360331190621070E-002
  3.805694015499206E-002
  4.212166849763321E-002
  3.935210220490903E-002
  4.339324551540491E-002
