 -0.100680465131918     
  2.731919620204515E-002
 -9.938424560625059E-002
 -0.100985994044786     
 -9.370489914820368E-003
 -3.647713592495982E-002
 -2.693750653909532E-002
  6.522730037200741E-002
 -7.998519300370166E-002
  6.656676249255922E-002
  2.239125531610142E-002
 -1.942260798189199E-002
 -2.344127355538017E-002
  5.780613011926405E-002
 -0.130013753751336     
  4.508409819614512E-002
 -5.948319024074245E-002
 -5.046104351118785E-002
 -5.019928394821793E-002
 -6.038977085723207E-002
  4.650551007724246E-002
 -0.133085719788072     
  5.791929031877885E-002
 -3.090222402036868E-002
 -3.105115703797079E-002
 -3.557495717749060E-002
 -3.094483177684548E-002
 -3.068666592885005E-002
  4.763611911102217E-002
 -6.027250209800528E-002
 -5.072134115218319E-002
 -5.266933421737185E-002
 -6.175867567494731E-002
  4.567803368552115E-002
 -2.701936033590702E-002
 -3.699623660634099E-002
 -0.223631454104314     
 -1.086500201839957E-002
  1.350860789109820E-002
 -2.820662030109489E-002
 -3.563295878969974E-002
 -4.097818786101026E-002
 -4.439765501008797E-002
 -1.230163962434183E-002
 -3.377367655974517E-003
 -4.055343539970480E-002
 -4.106462088079788E-002
 -3.763879821146254E-002
 -4.917198670405476E-002
  4.714030783455225E-003
  1.023351347413159E-002
 -2.984614824398335E-002
 -3.482926087589888E-002
  3.255062192696356E-002
  3.549559386755807E-002
  3.362358147427014E-002
  3.562154897934822E-002
  3.555389433130118E-002
  3.444533940423511E-002
  3.562205993339429E-002
  3.382125413403203E-002
  3.266078259704541E-002
  4.704060238037178E-002
  4.385365458062263E-002
  5.139357314060466E-002
  4.507998710561978E-002
  4.301554300079202E-002
  4.304125303100992E-002
  4.255334628649154E-002
  4.192100033741963E-002
  3.930651703695764E-002
  4.241039982770112E-002
  3.983055609849795E-002
  4.247700348274086E-002
  3.938395277487206E-002
  4.223344461265455E-002
  4.243422728921165E-002
  4.169865973736309E-002
  4.164486413027924E-002
  4.366844083449817E-002
  4.784708907119284E-002
  4.401404957965926E-002
  4.043445350158426E-002
  3.901492866878642E-002
  4.146747017413166E-002
  4.432492925966569E-002
  4.002741468207838E-002
  4.027780905846512E-002
  4.198861713323410E-002
  4.320500294880425E-002
  4.583678105383371E-002
