           2           1   1.42423575525245     
           3           2   1.44344117872171     
           4           3   1.37153844210707     
           5           4  0.996202405132780     
           6           5  0.994196582716634     
           7           6   1.37264212232949     
           8           7   1.44303487673301     
           9           8   1.42454184672586     
          10           9   1.42447435524812     
          11           6   1.37240540348697     
          11          10   1.44311962289971     
          12           5   1.00408735833777     
          13          12   1.36198270998764     
          14          13   1.45824806140406     
          15          14   1.36286525806043     
          16          15   1.00570972548929     
          17          16   1.36540873020366     
          18          17   1.43117747801159     
          19          18   1.44261024577544     
          20          19   1.34852092220332     
          21          20   1.02996157571009     
          22          21   1.54884200080397     
          23          22   1.17516732208258     
          24          23   1.13207054089433     
          25          24   1.30895939753824     
          26          25   1.49950267101319     
          27          26   1.35782952784436     
          28          27   1.49613462247100     
          29          24   1.26607628162052     
          29          28   1.31877052347885     
          30          29   1.10835206427336     
          31          30   1.32552297900578     
          32          31   1.49070818714163     
          33          32   1.36003516407361     
          34          33   1.49771594694432     
          35          30   1.24896071317002     
          35          34   1.30458428060735     
          36          23   1.38461715049528     
          36          35   1.15352172393438     
          37          21   1.12063238952789     
          37          36   1.08364583794610     
          38          37  0.947629091756764     
          39          38   1.38209215013847     
          40          39   1.43585740123972     
          41          40   1.42634773610258     
          42          41   1.43042778510449     
          43          38   1.39369280024270     
          43          42   1.43094978107985     
          44          16   1.38149786616420     
          44          20   1.37402542518520     
          45          15   1.36397676957428     
          46          12   1.36249529769843     
          46          45   1.45766822010876     
          47           4   1.37192858641201     
          48           1   1.42438020496841     
          48          47   1.44335223182116     
          49           1  0.946574464183884     
          50           2  0.945298723544187     
          51           3  0.946236976181762     
          52           7  0.946349062112297     
          53           8  0.945285656199863     
          54           9  0.946558434770406     
          55          10  0.945259560653124     
          56          11  0.946378477199145     
          57          13  0.944429258449526     
          58          14  0.941427337932525     
          59          17  0.945550962428082     
          60          18  0.943590527254874     
          61          19  0.945535515409635     
          62          25  0.944897362221768     
          63          26  0.945395239376784     
          64          27  0.945716743980803     
          65          28  0.942170563197123     
          66          31  0.941137519928408     
          67          32  0.945433701628858     
          68          33  0.945173363625453     
          69          34  0.938403834681565     
          70          39  0.947066850790310     
          71          40  0.944722936795059     
          72          41  0.945892855707434     
          73          42  0.944848120260895     
          74          43  0.947039781489557     
          75          44  0.941308286652793     
          76          45  0.943888608970333     
          77          46  0.944273398270364     
          78          47  0.946288196575508     
          79          48  0.945292830973294     
