           2           1   1.82814181893216     
           3           2  0.969879595762742     
           4           3   1.36873440248937     
           5           4   1.44225935400709     
           6           5   1.42478150727353     
           7           6   1.42338669407897     
           8           3   1.36626371773970     
           8           7   1.44444636753771     
           9           2  0.978822244576203     
          10           9   1.35490835198704     
          11          10   1.45812001489188     
          12          11   1.36860592093279     
          13          12  0.987652286213111     
          14          13   1.05019866721925     
          15          14   1.37211731729542     
          16          15   1.44927689696532     
          17          16   1.39673984768293     
          18          17   1.45809156364132     
          19          14   1.26624056051461     
          19          18   1.35593461801810     
          20          19   1.08331065103743     
          21          20   1.36675653510735     
          22          21   1.39567903697820     
          23          22   1.00812567639534     
          24          23   1.36263741367485     
          25          24   1.45757195803349     
          26          25   1.36338906718743     
          27          26   1.00048464585522     
          28          27  0.997797338504783     
          29          28   1.37111540928249     
          30          29   1.44375923884941     
          31          30   1.42416102017115     
          32          31   1.42412377348607     
          33          28   1.37103768178594     
          33          32   1.44386241287874     
          34          27  0.997852656162900     
          35          34   1.37111097987777     
          36          35   1.44375808895451     
          37          36   1.42416566838263     
          38          37   1.42409587008608     
          39          34   1.37099606198325     
          39          38   1.44390692737541     
          40          26   1.36310934601945     
          41          23   1.36234479754349     
          41          40   1.45794532337106     
          42          22   1.33625355593910     
          43          42   1.46403412887260     
          44          13   1.05284883004070     
          44          20   1.26159294168577     
          44          43   1.36385170873546     
          45          12   1.37067988081158     
          46           9   1.35897454478152     
          46          45   1.45492255604519     
          47           4  0.945540605709982     
          48           5  0.946368076432154     
          49           6  0.947404279302592     
          50           7  0.946067351203659     
          51           8  0.947084513562717     
          52          10  0.943657583992214     
          53          11  0.943837861171193     
          54          15  0.943493592738861     
          55          16  0.944691243535542     
          56          17  0.944965333330868     
          57          18  0.944635980287416     
          58          21  0.943162355257259     
          59          24  0.943696642000637     
          60          25  0.944369899223482     
          61          29  0.946193126376395     
          62          30  0.945315140361551     
          63          31  0.946618347254730     
          64          32  0.945302165575751     
          65          33  0.946140442697848     
          66          35  0.946179868640500     
          67          36  0.945313997748023     
          68          37  0.946625410254547     
          69          38  0.945312812437425     
          70          39  0.946154194915422     
          71          40  0.944387547343128     
          72          41  0.943710381979394     
          73          42  0.943028977141315     
          74          43  0.941645027431587     
          75          45  0.944232897300360     
          76          46  0.941961906019909     
