 -3.752654814305956E-002
 -5.167620346940893E-002
 -4.017775782426725E-002
 -1.511086901611591E-002
  4.870666756479602E-002
 -5.858909646084065E-002
 -0.125905303132894     
  4.869103612829617E-002
 -5.859881463559358E-002
 -3.754723384288106E-002
 -5.168714453149637E-002
 -4.020940296860331E-002
 -1.515083940582684E-002
  1.266531961585926E-002
 -1.655236178223785E-002
 -3.510274282866188E-002
 -3.597583350513389E-002
 -3.672751895656745E-002
 -3.708654930188793E-002
 -1.527107102801395E-002
 -1.527068805314524E-002
 -3.709701978912427E-002
 -3.673979774362568E-002
 -3.597471617001702E-002
 -3.511266175791850E-002
 -1.652970669250031E-002
  4.247441262099760E-002
  3.977714339671290E-002
  4.275215075615890E-002
  3.447527061288080E-002
  0.138619078490319     
  3.447562022861650E-002
  4.246378151234842E-002
  3.977569644878010E-002
  4.277995197490947E-002
  3.969452958750064E-002
  4.022136758931028E-002
  4.017077235303801E-002
  3.889657111608347E-002
  3.889634723857016E-002
  4.016388407802340E-002
  4.022471442364517E-002
  3.969556530295004E-002
