           2           1  0.953294214190793     
           3           2  0.952794209274570     
           4           2  0.946821084074995     
           5           4   1.40281923586075     
           6           5   1.43095081189155     
           7           6   1.41527003980488     
           8           7   1.45181702962100     
           9           4   1.33067972904051     
           9           8   1.35446974763767     
          10           9   1.03287636868832     
          11          10  0.945021144134931     
          12          11   1.39779527311676     
          13          12   1.42866918578105     
          14          13   1.40124480988280     
          15          14  0.908978340666799     
          16          15  0.925090296189456     
          17          16   1.40157131379554     
          18          17   1.42627834006318     
          19          18   1.43574745045413     
          20          19   1.42312592800671     
          21          16   1.38804276713276     
          21          20   1.44126329395030     
          22          15  0.933635047959107     
          23          22   1.40056395602650     
          24          23   1.43254061177462     
          25          24   1.41328787350831     
          26          25   1.45161349143674     
          27          22   1.33205687522209     
          27          26   1.35404894778264     
          28          27  0.989899006682645     
          29          28   1.80410302450432     
          30          28  0.991469382565038     
          31          30   1.34891185215997     
          32          31   1.45214703704886     
          33          32   1.41156407643614     
          34          33   1.43341297486310     
          35          15  0.928293312256308     
          35          30   1.33509405518345     
          35          34   1.39713113075058     
          36          14   1.38444720937481     
          37          11   1.38503770304495     
          37          36   1.44398806979341     
          38          10   1.03155975019189     
          39           2  0.946314782783431     
          39          38   1.34330831780268     
          40          39   1.36819372548059     
          41          40   1.46376133794584     
          42          41   1.33615790141213     
          43          38   1.31505917977001     
          43          42   1.29689499620614     
          44          43   1.03031882553513     
          45          44   1.04668156817453     
          46          45   1.38539237041285     
          47          46   1.44509923610102     
          48          47   1.40204867024703     
          49          48   1.45637345090884     
          50          42   1.07464202134031     
          50          45   1.27382218956655     
          50          49   1.35725123274183     
          51           1  0.975559553450517     
          52           1  0.977425744520417     
          53           1  0.975306146100730     
          54           3  0.975524848580161     
          55           3  0.975564987621768     
          56           3  0.977446341090226     
          57           5  0.942309788358915     
          58           6  0.944870253670735     
          59           7  0.943966615358726     
          60           8  0.941394223819200     
          61          12  0.944766122389888     
          62          13  0.940112103405403     
          63          17  0.943662911664819     
          64          18  0.945980802623455     
          65          19  0.946586178902262     
          66          20  0.946043498725292     
          67          21  0.946647411422426     
          68          23  0.942454665036535     
          69          24  0.945250849069404     
          70          25  0.944482590043197     
          71          26  0.943961983897327     
          72          31  0.943677288729064     
          73          32  0.944432619634335     
          74          33  0.945145208260302     
          75          34  0.941402049953556     
          76          36  0.941096839926474     
          77          37  0.944910946526778     
          78          40  0.938220483260091     
          79          41  0.941392048126919     
          80          46  0.941579707415925     
          81          47  0.945787292698539     
          82          48  0.945264461968059     
          83          49  0.945224820284376     
