 -4.605485454228475E-002
 -4.332471687960560E-002
 -8.112642778757007E-003
 -3.920517133541690E-002
 -4.336108562149033E-002
  5.434969365010645E-002
 -0.122804510172670     
  5.402948945111774E-002
 -4.447595248323211E-002
 -3.402098507660067E-002
 -4.617352672135144E-002
 -3.400719975452215E-002
 -4.443038804165411E-002
  5.401059500882388E-002
 -4.459069905503554E-002
 -3.402304075682139E-002
 -4.628286894108324E-002
 -3.406699999394469E-002
 -4.465076831069137E-002
 -4.336705715776112E-002
 -3.970271489407917E-002
  1.396991792930180E-003
 -4.084722389620410E-002
 -3.976237528035220E-002
 -3.642962090050439E-003
 -4.573418237336035E-003
 -3.930208154821457E-002
 -4.188092095759277E-002
 -9.824235617319488E-004
 -3.729528369013746E-002
 -3.538040341065685E-002
 -1.098293300318698E-002
 -3.883228235450620E-002
 -4.352060075642239E-002
  5.182918923787661E-002
 -0.125509079651242     
  5.414401072720620E-002
 -4.563535477808323E-002
 -3.522029027397178E-002
 -4.755420984188419E-002
 -3.459105526700945E-002
 -4.533383251053369E-002
  5.405711760897391E-002
 -4.571791385202495E-002
 -3.462156223846424E-002
 -4.758700418590056E-002
 -3.463895114192184E-002
 -4.576104318033458E-002
 -4.421701357499241E-002
 -4.152341069637089E-002
 -3.926467598860039E-002
 -4.014769051230616E-002
 -3.835365476231622E-002
 -4.049238589336923E-002
  3.531259612982107E-002
  3.620869937976434E-002
  4.424502164215827E-002
  4.056004930479096E-002
  3.802416349940796E-002
  4.161125705252500E-002
  3.846519730238707E-002
  4.163674097867032E-002
  3.810779263507724E-002
  3.814530542375594E-002
  4.164827875993637E-002
  3.845031478076688E-002
  4.159600140502473E-002
  3.799542542098133E-002
  4.040774826877191E-002
  4.053175738409576E-002
  4.031531287483681E-002
  4.018091287254588E-002
  3.881666568862163E-002
  3.649416085346791E-002
  4.417884221817925E-002
  4.464981677450441E-002
  4.423018813964785E-002
  4.016905534208315E-002
  3.832361860136269E-002
  4.176045592660027E-002
  3.805481900578034E-002
  4.136648622369232E-002
  3.792801410289182E-002
  3.779968319092830E-002
  4.135564910369982E-002
  3.818518914888591E-002
  4.136129168319536E-002
  3.792314406519970E-002
  3.996535126033363E-002
  3.983170789218060E-002
  4.107342719655138E-002
  3.888951194064572E-002
  3.911734422024404E-002
  3.709313448158813E-002
