           2           1  0.966077997852691     
           3           2  0.965661346312302     
           4           2  0.976326573575099     
           5           2  0.938556384077076     
           6           5   1.40040580722221     
           7           6   1.42959124431228     
           8           7   1.38119788145810     
           9           8   1.29945388002189     
          10           5   1.36589865850778     
          10           9   1.44239440758929     
          11           9  0.923205102690891     
          12          11  0.925147865653657     
          13          12   1.39392349714296     
          14          13   1.43796315167934     
          15          14   1.38493315522807     
          16          15  0.973167629949765     
          17          16   1.05800901201012     
          18          17   1.36848902033313     
          19          18   1.45283316049971     
          20          19   1.39348721572209     
          21          20   1.46081148869520     
          22          17   1.26391038847062     
          22          21   1.35331209455675     
          23          22   1.08870748719742     
          24          23   1.35350544285806     
          25          24   1.46063784438192     
          26          25   1.39366613576535     
          27          26   1.45263524146515     
          28          16   1.05812323238983     
          28          23   1.26364666786966     
          28          27   1.36871176333312     
          29          15   1.37977668734008     
          30          12   1.38560752359784     
          30          29   1.44359187300225     
          31          11  0.925052456464409     
          32          31   1.38583578849164     
          33          32   1.44339011811464     
          34          33   1.37984283505416     
          35          34  0.973531666655754     
          36          35   1.05800395598349     
          37          36   1.36872688797371     
          38          37   1.45261282502023     
          39          38   1.39368176040904     
          40          39   1.46063768600246     
          41          36   1.26372527434751     
          41          40   1.35349585354649     
          42          41   1.08869001992371     
          43          42   1.35332446191809     
          44          43   1.46079379428890     
          45          44   1.39352078213065     
          46          45   1.45278770380011     
          47          35   1.05789800144254     
          47          42   1.26395613210541     
          47          46   1.36852929156517     
          48          34   1.38453766847453     
          49          31   1.39365177970840     
          49          48   1.43827798289260     
          50          11  0.923277307520453     
          51          50   1.44230644051050     
          52          51   1.36591558296247     
          53          52  0.938562696706095     
          54          53  0.965674855632887     
          55          53  0.976325675040136     
          56          53  0.966067701252976     
          57          52   1.40038210083579     
          58          57   1.42961441679771     
          59           8   1.03806704526899     
          59          50   1.29949457879349     
          59          58   1.38117717687102     
          60           1  0.978018142308985     
          61           1  0.978257225449978     
          62           1  0.975962019084593     
          63           3  0.976176987193366     
          64           3  0.978008333242953     
          65           3  0.978237332869082     
          66           4  0.977465390087665     
          67           4  0.978134876644355     
          68           4  0.977593027863619     
          69           6  0.942916231122594     
          70           7  0.943439293027178     
          71          10  0.941766449969879     
          72          13  0.941625574961467     
          73          14  0.944343037405267     
          74          18  0.943751907770927     
          75          19  0.944814628695140     
          76          20  0.945130504022172     
          77          21  0.944725615384650     
          78          24  0.944718041054576     
          79          25  0.945125963788008     
          80          26  0.944811878151155     
          81          27  0.943820664206290     
          82          29  0.944302525814368     
          83          30  0.942054225127168     
          84          32  0.942068487578914     
          85          33  0.944275215554225     
          86          37  0.943782506249527     
          87          38  0.944808987111745     
          88          39  0.945123303814458     
          89          40  0.944717379095282     
          90          43  0.944723551620299     
          91          44  0.945127025000650     
          92          45  0.944811616799862     
          93          46  0.943721997714004     
          94          48  0.944313666652157     
          95          49  0.941671757603770     
          96          51  0.941829787388679     
          97          54  0.978239372252340     
          98          54  0.978007757688493     
          99          54  0.976160726122599     
         100          55  0.977465537477045     
         101          55  0.977589828543102     
         102          55  0.978138418973600     
         103          56  0.978252105925145     
         104          56  0.975979133331581     
         105          56  0.978017318908826     
         106          57  0.942915496499953     
         107          58  0.943439070653379     
