           2           1   1.42721366162129     
           3           2   1.43732493024986     
           4           3   1.38145672167588     
           5           4  0.965262303142922     
           6           5   1.04755751432532     
           7           6   1.37476883296450     
           8           7   1.44778149887717     
           9           8   1.39484367686047     
          10           9   1.46015623074068     
          11           6   1.26072002648890     
          11          10   1.34555104724562     
          12          11   1.09408970581446     
          13           5   1.06727418296500     
          13          12   1.28959870780759     
          14          13   1.27086340161753     
          15          14   1.08991919361287     
          16          15   1.34799224271692     
          17          16   1.45854991351780     
          18          17   1.39761234913600     
          19          18   1.44567478447349     
          20          15   1.26369151155253     
          20          19   1.37771392864283     
          21          20   1.03977748098963     
          22          21  0.978857881580160     
          23          22   1.24314736287256     
          24          23   1.57387606829219     
          25          24   1.24821552735152     
          26          25   1.28421188529359     
          27          26   1.42673567520916     
          28          27   1.09150621942102     
          29          28   1.33092356310693     
          30          29   1.47640337264815     
          31          30   1.38002022197115     
          32          31   1.47203414779380     
          33          28   1.28504832223328     
          33          32   1.34140554175036     
          34          33   1.07397761085177     
          35          34   1.34123426371378     
          36          35   1.47209173721426     
          37          36   1.38024151854209     
          38          37   1.47610119336061     
          39          34   1.28551542208752     
          39          38   1.33146947326144     
          40          27   1.16477923322287     
          40          39   1.09011604943583     
          41          40   1.43141481844483     
          42          25   1.17574264769016     
          42          41   1.27143236552534     
          43          22   1.50156078690746     
          43          42   1.26571667554926     
          44          14   1.29560523679150     
          44          21   1.06260834677085     
          45          44   1.26868381003752     
          46          45   1.09464595242416     
          47          46   1.34433871750937     
          48          47   1.46169810729280     
          49          48   1.39389919696831     
          50          49   1.44960284369288     
          51          46   1.26202982952285     
          51          50   1.37306415574140     
          52          51   1.04774271139337     
          53          52  0.959861405329746     
          54          53   1.38831095989198     
          55          54   1.43304410122418     
          56          55   1.42988259569883     
          57          56   1.42803938029541     
          58          53   1.38439840838627     
          58          57   1.43588279034734     
          59          12   1.27140976285926     
          59          45   1.28913715688881     
          59          52   1.07151277735623     
          60           4   1.38462251025528     
          61           1   1.42968026986877     
          61          60   1.43361298429402     
          62           1  0.946239212439148     
          63           2  0.945087816503055     
          64           3  0.946849319934351     
          65           7  0.942455161596194     
          66           8  0.944781935664779     
          67           9  0.944650143561151     
          68          10  0.938473803257361     
          69          16  0.936046577216907     
          70          17  0.944523072517300     
          71          18  0.944589938658863     
          72          19  0.941942044166595     
          73          23  0.943258465158955     
          74          24  0.939872040564822     
          75          29  0.943763177757771     
          76          30  0.945325801723487     
          77          31  0.945552777069221     
          78          32  0.942730502785005     
          79          35  0.942731897974371     
          80          36  0.945530788840869     
          81          37  0.945314903748268     
          82          38  0.943738372560152     
          83          43  0.941775053085434     
          84          47  0.937384248784694     
          85          48  0.944406932311758     
          86          49  0.944725121656795     
          87          50  0.942941165188091     
          88          54  0.947004374616604     
          89          55  0.945264607939538     
          90          56  0.946211338916608     
          91          57  0.945073956761868     
          92          58  0.946736243108122     
          93          60  0.946521618089867     
          94          61  0.945215868783309     
