 -3.344463887280558E-002
 -2.902525184883498E-002
 -3.042274993241012E-002
  1.034651024107314E-002
  5.319177722869073E-002
 -0.181329597657538     
  4.176011996803819E-002
  6.720391045383689E-003
  2.398520735234833E-003
 -2.681064341644657E-002
 -3.412260736106099E-002
  5.988086214793853E-002
 -9.372799357180561E-002
  3.559250608225017E-002
 -4.449772478362579E-002
 -4.020813258224631E-002
 -4.940323335354879E-002
 -3.697941463953214E-002
 -2.897294559769925E-002
 -2.898973924368242E-002
 -3.708659535990666E-002
 -4.955022514699081E-002
 -4.049027009419248E-002
 -4.388126994468511E-002
  3.568228556447606E-002
 -3.477020009067111E-002
 -3.455109129966782E-002
 -3.386155134299518E-002
 -3.400990394023395E-002
  7.040609033267753E-003
  1.427989078775393E-003
 -3.578996641913257E-002
 -3.589621742675142E-002
  5.914669269641815E-002
 -9.337451331951918E-002
  3.561276507649014E-002
 -4.446255269901833E-002
 -4.022849664606198E-002
 -4.934958351931318E-002
 -3.699059145381245E-002
 -2.893950234825482E-002
 -2.896849468707074E-002
 -3.707920829749600E-002
 -4.947204241362435E-002
 -4.053205326981768E-002
 -4.402411785830829E-002
  3.582997744645811E-002
 -3.459531443093500E-002
 -2.691029102363185E-002
  4.187116157024473E-002
 -0.181363632173140     
  5.387459909578141E-002
  1.014626784049621E-002
 -2.974281896720932E-002
 -2.886323333568086E-002
 -3.349990792042856E-002
 -2.959856934239546E-002
 -3.647939331843375E-002
 -3.619051603548940E-002
 -2.951135661656767E-002
  4.000544336075096E-002
  4.010748413036658E-002
  4.269378802923007E-002
  4.661999052101029E-002
  4.142016628488943E-002
  4.023712240348531E-002
  4.292394895140628E-002
  3.987587024951489E-002
  4.183929834051436E-002
  4.180776433994426E-002
  3.971214557745950E-002
  4.269001827147656E-002
  4.142241997443241E-002
  4.148886892170800E-002
  4.254195399111527E-002
  4.582460392035237E-002
  4.583140420763887E-002
  4.219260063870733E-002
  4.142702434841472E-002
  4.038469267696521E-002
  4.292029174246192E-002
  3.987021273324587E-002
  4.185749197611977E-002
  4.182094794245916E-002
  3.973995299072852E-002
  4.260469660072375E-002
  4.128218731679467E-002
  4.190675968345858E-002
  4.760130315746314E-002
  4.318518053034281E-002
  4.023682088109926E-002
  4.008108719313697E-002
  4.042937858591722E-002
  4.107035840156525E-002
  4.140186234597976E-002
  4.041997753069515E-002
