           2           1   1.00950643774557     
           3           2  0.989890338990215     
           4           3  0.990880330275926     
           5           4  0.990647903353105     
           6           5  0.987465632360719     
           7           6  0.987872989128907     
           8           7  0.984897203342404     
           9           8  0.950841546234405     
          10           9   1.03557156269314     
          11          10   1.78988435818377     
          12          10  0.983422006174301     
          13          12   1.51320622049634     
          14          13   1.03405199587751     
          15          14   1.36767076262448     
          16          15   1.44385204557450     
          17          16   1.41675172190486     
          18          17   1.43280398243128     
          19          14   1.30926042267899     
          19          18   1.39518980625293     
          20          19  0.981921051058084     
          21          20   1.05549888581265     
          22          21   1.36679308157731     
          23          22   1.45287621345100     
          24          23   1.39327459064597     
          25          24   1.46061988852735     
          26          21   1.26694477148444     
          26          25   1.35299898028000     
          27          26   1.08556472130326     
          28          27   1.35433130617136     
          29          28   1.45895441291474     
          30          29   1.39617933467036     
          31          30   1.44934319628327     
          32          20   1.04340923550983     
          32          27   1.26756848764850     
          32          31   1.37391385730409     
          33          13   1.10154330944199     
          34          33   1.09892590222521     
          35          34   1.04465650662954     
          36          35   1.35745067786338     
          37          36   1.45047914956090     
          38          37   1.41065790762639     
          39          38   1.43761781489025     
          40          35   1.31016727477806     
          40          39   1.38884236177798     
          41          40  0.986853874908635     
          42          41   1.04584187164641     
          43          42   1.37123825652165     
          44          43   1.45000515762915     
          45          44   1.39384678363381     
          46          45   1.45911023842157     
          47          42   1.26804763545045     
          47          46   1.35116154798882     
          48          47   1.08584606895376     
          49          48   1.35302615881873     
          50          49   1.46045076065204     
          51          50   1.39346876289148     
          52          51   1.45274753986136     
          53          41   1.05627686981964     
          53          48   1.26620325429680     
          53          52   1.36664025850943     
          54          12   1.14991806369032     
          54          34   1.50678955938648     
          55           9   1.03569019582917     
          55          54  0.983787281871544     
          56          55   1.78929913822119     
          57           1  0.984120923509136     
          58           1  0.979776235442202     
          59           1  0.981008022214071     
          60           2  0.969455736426468     
          61           2  0.968027695572050     
          62           3  0.967363937631715     
          63           3  0.968110263192336     
          64           4  0.968790679719273     
          65           4  0.965551257899898     
          66           5  0.967384453095718     
          67           5  0.969696579984435     
          68           6  0.967407113800994     
          69           6  0.966530914511834     
          70           7  0.964659507309576     
          71           7  0.966632326242450     
          72           8  0.967168206138249     
          73           8  0.967766407148609     
          74          15  0.942903687929767     
          75          16  0.943737355144435     
          76          17  0.943833240272580     
          77          18  0.943369719707266     
          78          22  0.943430210848695     
          79          23  0.944825395015507     
          80          24  0.945057121891206     
          81          25  0.944624438060511     
          82          28  0.944741836576118     
          83          29  0.945125195748044     
          84          30  0.944852403841440     
          85          31  0.943530741361349     
          86          36  0.941997147997593     
          87          37  0.943678282329410     
          88          38  0.943777213039961     
          89          39  0.943141667229507     
          90          43  0.943331240254020     
          91          44  0.944282905355502     
          92          45  0.944414580421433     
          93          46  0.944531021715782     
          94          49  0.944501867728163     
          95          50  0.945072227720656     
          96          51  0.944789436031395     
          97          52  0.942761567836487     
