 -9.985370026566009E-002
  2.766712665821913E-002
 -0.101962072756850     
 -0.102040055364086     
 -2.176488383847985E-002
 -4.364546925951984E-002
 -2.518734462020955E-002
  3.360894301486894E-002
 -4.350172589585188E-002
 -4.668667468788801E-002
 -9.749357615683607E-002
  3.072451370949025E-002
 -2.427149832838893E-002
 -4.439927795843701E-002
 -2.093867511419756E-002
 -4.634725314178567E-002
 -4.615572256211298E-002
  2.744369303857486E-002
 -0.100199190626342     
 -0.103575687320580     
 -0.102524625681315     
  7.268311998543231E-002
 -2.469111189796358E-002
 -6.996703626823475E-003
 -1.250453259417039E-002
 -1.556399099643446E-002
 -2.644998839858737E-002
  0.412413198088299     
 -0.332283296458099     
 -0.332841696213477     
 -1.224231139908571E-002
 -8.943140691051177E-003
 -2.797188204945034E-002
  7.215659237421512E-002
 -2.884315113456992E-002
 -1.397289890359321E-002
 -9.328600350867777E-002
  3.390900043815170E-002
 -2.510370234097437E-002
 -4.352719944616013E-002
 -2.088321966255524E-002
 -4.624597760337767E-002
 -4.312310944032660E-002
  2.779130649335393E-002
 -0.101775588189381     
 -0.102023955847486     
 -9.969925259864532E-002
 -2.451861200437211E-002
  3.258353651153456E-002
 -4.483985533782153E-002
 -4.613493489084330E-002
 -2.077248679465526E-002
 -4.429782878955724E-002
  2.775246732612846E-002
 -0.102676784277821     
 -0.100085120910480     
 -0.101865995100519     
  3.377928786753781E-002
  3.549396593389553E-002
  3.531433190928623E-002
  3.530833769415398E-002
  3.133002103248517E-002
  3.343038872607029E-002
  3.140911407773650E-002
  3.534002349331800E-002
  3.329510098073507E-002
  4.336569755883313E-002
  4.173800129998595E-002
  4.636692676776577E-002
  4.431879059061106E-002
  4.850320733357349E-002
  4.163162737680759E-002
  3.517373541855096E-002
  3.532518357709236E-002
  3.309752151688783E-002
  3.295374352127245E-002
  3.831576383870894E-002
  3.084703994075688E-002
  3.308477958435185E-002
  3.706474605293020E-002
  3.101729850152635E-002
  5.002464964512099E-002
  5.600587350866781E-002
  5.323815774472773E-002
  4.996702755310245E-002
  5.594430984028531E-002
  5.074734078125720E-002
  5.019705795578466E-002
  5.336280733918830E-002
  4.350410236686297E-002
  4.664695307980482E-002
  4.292098701967351E-002
  3.511821787178182E-002
  3.138056946915257E-002
  3.356105242047491E-002
  3.164894919924188E-002
  3.336960850100246E-002
  3.526254922645766E-002
  3.519003425787937E-002
  3.391916396571615E-002
  3.571470895778639E-002
  4.240432335717936E-002
  4.563501557421457E-002
  4.499030642556379E-002
  3.571239222107359E-002
  3.520892086271621E-002
  3.249095751843711E-002
  3.591669726559377E-002
  3.361072077664085E-002
  3.531073642026950E-002
  3.436658852814301E-002
  3.144655603128177E-002
  3.365629676727222E-002
