 -4.305612646514145E-002
 -3.591773409388477E-002
 -3.010591940127583E-002
  1.771639263168101E-002
 -1.956081314822899E-002
 -0.215057938121215     
  5.024214091359225E-002
  1.331450490363428E-002
 -4.062804714684987E-002
 -3.979050912860060E-002
 -3.408599272654023E-003
 -3.720136338831992E-002
 -3.567490140360174E-002
 -1.962059810424854E-003
 -4.193872165309465E-002
 -3.067797287272800E-002
 -3.989720520378537E-002
 -4.129017630214449E-004
 -3.618346126698935E-002
 -2.956138787539775E-002
  8.244772009888823E-003
 -5.260487159336691E-003
 -8.166585078467570E-003
 -3.658145747770014E-002
  2.873532678091495E-002
 -4.016310302664916E-002
 -4.890075575456532E-002
 -1.857131315284200E-002
  1.575154210681839E-002
 -4.749874822745426E-002
 -3.902799663711942E-002
  3.640179517604014E-002
  3.864034707858277E-002
  4.103198094544702E-002
  4.384566746483165E-002
  4.200155949743301E-002
  4.058980005276858E-002
  4.120607214486638E-002
  3.877529344935549E-002
  4.169034954204731E-002
  3.958972338504552E-002
  4.194956652403936E-002
  5.125706078155634E-002
  6.187648521757128E-002
  5.468238559812755E-002
  4.681507930281392E-002
  5.807954013050998E-002
  3.554471261634218E-002
  3.722401027546285E-002
