           2           1   1.84836879248204     
           3           2  0.963816867640252     
           4           3   1.36762543211566     
           5           4   1.44503697045525     
           6           5   1.38159441029514     
           7           6  0.962356058758032     
           8           7   1.02241274781907     
           9           8   1.35505565147667     
          10           9   1.45198560802570     
          11          10   1.41356260298148     
          12          11   1.43449290395002     
          13           8   1.33726342579343     
          13          12   1.40077148585980     
          14          13  0.933147010600212     
          15          14  0.923329573069400     
          16          15   1.43315594166985     
          17          16   1.40927522169598     
          18          17   1.43323424842232     
          19          18   1.42997476718291     
          20          15   1.30705344147844     
          20          19   1.38089422979165     
          21          20   1.03513666105142     
          22          21   1.38067398787884     
          23          22   1.43003074466622     
          24          23   1.43319047746619     
          25          24   1.40918958236607     
          26          14  0.916053772304127     
          26          21   1.30799654632981     
          26          25   1.43298910760945     
          27          14  0.932039081670778     
          28          27   1.52860235413727     
          29          28   1.25511459788750     
          30          29   1.25715712730391     
          31          30   1.55315381344729     
          32          31   1.30368946997295     
          33          32   1.55871266422059     
          34          29   1.21371430790888     
          34          33   1.24759967007568     
          35          34   1.27485255703416     
          36           7   1.02760934498719     
          36          27   1.22002292248095     
          36          35   1.46844584960375     
          37           6   1.37349967493966     
          38           3   1.36220354046651     
          38          37   1.45207915168960     
          39           2  0.964101038715885     
          40          39   1.36206361471953     
          41          40   1.45214290966282     
          42          41   1.37353914458397     
          43          42  0.962158336692420     
          44          43   1.02243130683089     
          45          44   1.35506184527286     
          46          45   1.45195632102025     
          47          46   1.41359541623405     
          48          47   1.43446949116369     
          49          44   1.33724467003473     
          49          48   1.40079483641688     
          50          49  0.933041562102396     
          51          50  0.923362475462302     
          52          51   1.43314937745082     
          53          52   1.40928111397412     
          54          53   1.43322640443998     
          55          54   1.42998412846600     
          56          51   1.30705033167867     
          56          55   1.38089032760658     
          57          56   1.03514839266068     
          58          57   1.38064727099297     
          59          58   1.43005509292769     
          60          59   1.43316623647320     
          61          60   1.40921629429507     
          62          50  0.916034716789147     
          62          57   1.30801819456600     
          62          61   1.43296027360522     
          63          50  0.932108877702207     
          64          63   1.52864446588051     
          65          64   1.25507155528904     
          66          65   1.25717392438224     
          67          66   1.55313697127945     
          68          67   1.30370551712834     
          69          68   1.55870089506350     
          70          65   1.21372337625617     
          70          69   1.24761068150116     
          71          70   1.27484662919741     
          72          43   1.02764858842172     
          72          63   1.22000132746550     
          72          71   1.46846135064042     
          73          42   1.38165142092125     
          74          39   1.36753081412363     
          74          73   1.44503857095153     
          75           4  0.944202155333155     
          76           5  0.944582575241492     
          77           9  0.940788493068677     
          78          10  0.943578637128824     
          79          11  0.944303014620639     
          80          12  0.943145365094983     
          81          16  0.946281043149045     
          82          17  0.945595640483462     
          83          18  0.945415041963813     
          84          19  0.945493639974645     
          85          22  0.945453745113872     
          86          23  0.945420809070322     
          87          24  0.945556502350231     
          88          25  0.946300779681118     
          89          28  0.939370643501316     
          90          30  0.944723260446591     
          91          31  0.945892605996415     
          92          32  0.945549545536076     
          93          33  0.944835801688203     
          94          35  0.936037287860158     
          95          37  0.944360462020815     
          96          38  0.943309064410662     
          97          40  0.943282901309199     
          98          41  0.944375769289583     
          99          45  0.940778027121422     
         100          46  0.943578903795002     
         101          47  0.944302390731192     
         102          48  0.943137460106312     
         103          52  0.946283311095301     
         104          53  0.945594835538288     
         105          54  0.945414049865972     
         106          55  0.945492151071460     
         107          58  0.945453303925440     
         108          59  0.945422406956573     
         109          60  0.945556632425549     
         110          61  0.946300245642681     
         111          64  0.939382200733679     
         112          66  0.944725581766187     
         113          67  0.945891973901293     
         114          68  0.945549224859630     
         115          69  0.944833576334548     
         116          71  0.936083047923960     
         117          73  0.944591025819435     
         118          74  0.944197751985895     
