 -2.940771376714046E-002
 -1.339737749993919E-002
 -2.774866220499472E-002
  5.071003317996858E-002
  7.323707633593912E-003
 -2.022495142245262E-002
 -3.351208052070120E-002
  6.605272214214430E-002
 -9.219284939683181E-002
  3.546230865379618E-002
 -4.553689454023502E-002
 -3.941705313732147E-002
 -4.792277582162185E-002
 -3.598976897905892E-002
 -2.767014764252274E-002
 -2.780083451119708E-002
 -3.609919144044316E-002
 -4.776647756016672E-002
 -3.877959310634882E-002
 -4.353590227529747E-002
  3.587025668899013E-002
 -3.407013286005967E-002
  6.126490034666565E-002
 -9.593448082542810E-002
  3.580284710564374E-002
 -3.961224789767925E-002
 -3.788830438999469E-002
 -4.932660934469713E-002
 -3.791380934847055E-002
 -3.031936720140660E-002
 -2.913301098097332E-002
 -3.700622110456120E-002
 -4.906529243698188E-002
 -4.026324102669054E-002
 -4.658639719536239E-002
  3.354846472012252E-002
 -0.200961254217304     
  2.063797875762452E-002
  3.971092798789178E-002
  4.153846094367497E-002
  4.204791660590923E-002
  5.632395363834930E-002
  4.651340615160149E-002
  4.083569615228189E-002
  4.317976700577408E-002
  4.017729358810362E-002
  4.227724068275673E-002
  4.220707220921960E-002
  4.025110520543407E-002
  4.356741439579104E-002
  4.134148843167873E-002
  4.462375156711018E-002
  4.392386251398916E-002
  4.377822376217044E-002
  3.959089564913187E-002
  4.142249545884102E-002
  4.220731548993861E-002
  4.015163908903319E-002
  4.322152019752024E-002
  4.034129260292663E-002
  4.917668409817244E-002
