           2           1   1.91920114946961     
           3           2   1.05029327737839     
           4           3   1.35504509863674     
           5           4   1.45340988786380     
           6           5   1.38741527245940     
           7           6  0.977450557333159     
           8           7  0.960054699467545     
           9           8   1.04552247875953     
          10           9   1.39636517668793     
          11          10   1.39234665558535     
          12          11   1.46080211064903     
          13          12   1.34430116497118     
          14           9   1.28655600591115     
          14          13   1.27506523694413     
          15          14   1.09919060211327     
          16          15   1.35005076215793     
          17          16   1.46064952739727     
          18          17   1.39181180281246     
          19          18   1.45368689414564     
          20          15   1.25724256699413     
          20          19   1.36538840223975     
          21          13   1.08176155592338     
          21          20   1.07568771621023     
          22          21  0.962042812246325     
          23          22  0.979679073120829     
          24          23  0.990610292812500     
          25          24  0.989343380163885     
          26          25  0.988403296054334     
          27          26  0.989643059230588     
          28          27  0.972658716188685     
          29          28   1.05399481432368     
          30          29   1.38945874430251     
          31          30   1.40286249003169     
          32          31   1.44628932629408     
          33          32   1.35873878346591     
          34          29   1.28493754258883     
          34          33   1.28936728966573     
          35          34   1.09070236978813     
          36          35   1.35370455827025     
          37          36   1.45731753216453     
          38          37   1.39856243905093     
          39          38   1.44538062559601     
          40          35   1.26546482327717     
          40          39   1.37594697548649     
          41          33   1.04271349662469     
          41          40   1.04398617716100     
          42          41  0.995028563681337     
          43          42   1.38921472098462     
          44          43   1.42884370744789     
          45          44   1.41834035473446     
          46          45   1.40086744986734     
          47          46  0.983241490533552     
          48          47   1.04626342283153     
          49          48   1.37522371828916     
          50          49   1.44697020454772     
          51          50   1.39744877850956     
          52          51   1.45809904701347     
          53          48   1.26454435531572     
          53          52   1.35327899483817     
          54          53   1.09121893854472     
          55          54   1.29172449371577     
          56          55   1.04540855960715     
          57          56  0.975220207215677     
          58          57  0.982237003037566     
          59          58  0.991565077713100     
          60          59  0.986918159654835     
          61          60  0.989456937515181     
          62          61  0.978924947940396     
          63          62  0.961542678565766     
          64          63   1.07804465838956     
          65          64   1.36427490947574     
          66          65   1.45482143622340     
          67          66   1.39112763523913     
          68          67   1.46223766893526     
          69          64   1.25616933597600     
          69          68   1.34837578922455     
          70          69   1.09864571828319     
          71          70   1.28697107275483     
          72          71   1.04727180696978     
          73          72  0.961143485555746     
          74          73  0.977268408933689     
          75          74   1.38883289711571     
          76          75   1.44869365206237     
          77          76   1.35463835029538     
          78          77   1.05429041256203     
          79          78   1.91911559468523     
          80          77   1.35736030534188     
          81          74   1.38675831299229     
          81          80   1.45397628769393     
          82          71   1.39461478500388     
          83          82   1.39179235597431     
          84          83   1.46074957374026     
          85          63   1.08308235161846     
          85          70   1.27430373281024     
          85          84   1.34699324365484     
          86          55   1.38924103727241     
          87          86   1.40287634358339     
          88          87   1.44968273413072     
          89          47   1.05020638801468     
          89          54   1.28282691909193     
          89          88   1.35965335305933     
          90          42   1.29517207492749     
          90          46   1.29302499851076     
          91          90   1.06671501413395     
          92          91   2.81040132304129     
          93           6   1.39299030655429     
          94           3   1.36225045196797     
          94          93   1.44792133835845     
          95           1  0.959013759084799     
          96           1  0.958496050309918     
          97           2  0.942248384492171     
          98           4  0.944678617007381     
          99           5  0.943958765149064     
         100           7  0.964130965145959     
         101           7  0.959764583441123     
         102          10  0.943504847039063     
         103          11  0.941825691215765     
         104          12  0.943011199070664     
         105          16  0.943091700702198     
         106          17  0.944522477430024     
         107          18  0.944999067908983     
         108          19  0.944940491539479     
         109          22  0.963866958535809     
         110          22  0.968147330459538     
         111          23  0.962349413026136     
         112          23  0.967980956929944     
         113          24  0.969350801570417     
         114          24  0.964500280343618     
         115          25  0.966517082169325     
         116          25  0.968991152590297     
         117          26  0.963515505349302     
         118          26  0.965882314261313     
         119          27  0.968790489404453     
         120          27  0.960343925325628     
         121          30  0.938414603714616     
         122          31  0.937339219937747     
         123          32  0.939981062171415     
         124          36  0.943413142432482     
         125          37  0.945079460267197     
         126          38  0.944761452060562     
         127          39  0.941367151429436     
         128          43  0.938718308012286     
         129          44  0.931726187122929     
         130          45  0.938395130609891     
         131          49  0.942294300059797     
         132          50  0.944872504102719     
         133          51  0.945153602248997     
         134          52  0.943493470537003     
         135          57  0.960037800366188     
         136          57  0.975493871819808     
         137          58  0.964509667793508     
         138          58  0.966056257950321     
         139          59  0.966325826278093     
         140          59  0.966744161281782     
         141          60  0.966075438757961     
         142          60  0.969873336116748     
         143          61  0.967578794269002     
         144          61  0.968054981369643     
         145          62  0.969000779837535     
         146          62  0.968287839798635     
         147          65  0.944740314482892     
         148          66  0.945008631701588     
         149          67  0.945261729465057     
         150          68  0.942439093478202     
         151          73  0.960801624601829     
         152          73  0.957745244753127     
         153          75  0.944269830335073     
         154          76  0.942301343611101     
         155          78  0.942663821922240     
         156          79  0.959017127928929     
         157          79  0.962101834586042     
         158          80  0.945291104759957     
         159          81  0.946428082451450     
         160          82  0.943607747659477     
         161          83  0.941937524892330     
         162          84  0.943375178864276     
         163          86  0.942509903220628     
         164          87  0.941638442836474     
         165          88  0.942021263884274     
         166          93  0.945930982726139     
         167          94  0.945593589104140     
