           2           1   1.42588760642991     
           3           2   1.44220617549051     
           4           3   1.37368312105377     
           5           4   1.00123378212428     
           6           5   1.34590644160019     
           7           6   1.45422951647363     
           8           7   1.37600616565415     
           9           8   1.27134384102717     
          10           5   1.39436084667336     
          10           9   1.36970252830831     
          11           9   1.07278819317031     
          12          11   1.37184227583739     
          13          12   1.39235068333254     
          14          13   1.00137436396723     
          15          14   1.37346252436811     
          16          15   1.44241191927949     
          17          16   1.42569942737651     
          18          17   1.42589903965796     
          19          14   1.37361694227156     
          19          18   1.44217161304341     
          20          13   1.34722536076502     
          21          20   1.45314533467428     
          22          11   1.26824496300725     
          22          21   1.37454281305550     
          23           8   1.02740106844986     
          23          22   1.03415546295170     
          24          23   1.04652143291057     
          25          24   1.37635336370117     
          26          25   1.37629574933197     
          27          26   1.04666089526366     
          28          27   1.02738774324416     
          29          28   1.37599192307222     
          30          29   1.45426622568533     
          31          30   1.34581210360761     
          32          31   1.00145694135466     
          33          32   1.37354464248066     
          34          33   1.44228972887863     
          35          34   1.42583768915727     
          36          35   1.42570541486465     
          37          32   1.37347719205031     
          37          36   1.44238171034454     
          38          31   1.39425417019843     
          39          28   1.27134745521351     
          39          38   1.36975865528015     
          40          39   1.07277089593795     
          41          40   1.37181494676439     
          42          41   1.39240999901179     
          43          42   1.00119998946875     
          44          43   1.37369953458918     
          45          44   1.44212871317541     
          46          45   1.42592164927762     
          47          46   1.42572096958785     
          48          43   1.37353589174848     
          48          47   1.44237449730147     
          49          42   1.34732558913232     
          50          49   1.45307174383147     
          51          27   1.03408480259948     
          51          40   1.26827304672762     
          51          50   1.37460104141867     
          52          26   1.30669490173704     
          53          52   1.43734900326925     
          54          24   1.30677602255691     
          54          53   1.43725123389908     
          55           4   1.37354628739462     
          56           1   1.42571191555939     
          56          55   1.44235507781758     
          57           1  0.947544923698655     
          58           2  0.946631863738348     
          59           3  0.947036638014252     
          60           6  0.943014635950866     
          61           7  0.939481099919140     
          62          10  0.943422489690272     
          63          12  0.943206467396752     
          64          15  0.946974155611387     
          65          16  0.946587116523679     
          66          17  0.947522840469735     
          67          18  0.946591343138841     
          68          19  0.947055834083351     
          69          20  0.942931231768945     
          70          21  0.940182447618193     
          71          25  0.938159145767024     
          72          29  0.939470186444084     
          73          30  0.942997494794609     
          74          33  0.947025477411947     
          75          34  0.946629914715830     
          76          35  0.947544114042114     
          77          36  0.946591771394361     
          78          37  0.946946501128423     
          79          38  0.943422651539248     
          80          41  0.943210772555752     
          81          44  0.947060781638354     
          82          45  0.946590932785476     
          83          46  0.947522540151540     
          84          47  0.946586665422674     
          85          48  0.946984306264608     
          86          49  0.942939660349462     
          87          50  0.940177316012937     
          88          53  0.945117378544484     
          89          55  0.946951840877601     
          90          56  0.946590821976384     
