           2           1   1.42583189473314     
           3           2   1.44251520826243     
           4           3   1.37361039614109     
           5           4   1.00296320493975     
           6           5   1.36993176258802     
           7           6   1.44842306838905     
           8           7   1.37550433835765     
           9           8  0.973657949837999     
          10           9   1.31001424039014     
          11          10   1.21648803176641     
          12          11   1.59649138209364     
          13          12   1.26497768339634     
          14          13   1.59735529120196     
          15          10   1.17415942581941     
          15          14   1.21540139068020     
          16          15   1.31141702998283     
          17          16  0.958122952180640     
          18          17   1.31138037459623     
          19          18   1.21538931880131     
          20          19   1.59734326814503     
          21          20   1.26500544049574     
          22          21   1.59642840023108     
          23          18   1.17422225123235     
          23          22   1.21655045588235     
          24          23   1.30979048296300     
          25          24  0.974156379411225     
          26          25   1.37536870017265     
          27          26   1.44844635382063     
          28          27   1.36989621578001     
          29          28   1.00309667904236     
          30          29   1.37355417752333     
          31          30   1.44253871524392     
          32          31   1.42582204924934     
          33          32   1.42583542851892     
          34          29   1.37357567446153     
          34          33   1.44252045012301     
          35          28   1.36975066360323     
          36          25   1.37516489600484     
          36          35   1.44861500614321     
          37          24   1.30991480835682     
          38          37   1.21653176192385     
          39          38   1.59646335861501     
          40          39   1.26496558060967     
          41          40   1.59737457355861     
          42          17   1.31149919092713     
          42          37   1.17413103273711     
          42          41   1.21536669261672     
          43          16   1.31148283298166     
          44          43   1.21539043636591     
          45          44   1.59735969228694     
          46          45   1.26497254427147     
          47          46   1.59648826236230     
          48           9   1.31007469933237     
          48          43   1.17412295879465     
          48          47   1.21648955198608     
          49           8   1.37550013801813     
          50           5   1.36993116406896     
          50          49   1.44843680400030     
          51           4   1.37363850580798     
          52           1   1.42585278683863     
          52          51   1.44249360609269     
          53           1  0.947577146117208     
          54           2  0.946647712152876     
          55           3  0.947004484188197     
          56           6  0.944806013916234     
          57           7  0.945361258535107     
          58          11  0.940784541129001     
          59          12  0.945598854673447     
          60          13  0.945524823888443     
          61          14  0.941336999835994     
          62          19  0.941336744382683     
          63          20  0.945522752144237     
          64          21  0.945599414305513     
          65          22  0.940765576345001     
          66          26  0.945348608030393     
          67          27  0.944807580750173     
          68          30  0.946999526807192     
          69          31  0.946648278147032     
          70          32  0.947576467495532     
          71          33  0.946648649204411     
          72          34  0.947001993392577     
          73          35  0.944795565025482     
          74          36  0.945344894775580     
          75          38  0.940768739657600     
          76          39  0.945599609856523     
          77          40  0.945523224185409     
          78          41  0.941348276714644     
          79          44  0.941346931639642     
          80          45  0.945525330697087     
          81          46  0.945600212650249     
          82          47  0.940800634501547     
          83          49  0.945361753896826     
          84          50  0.944806026727084     
          85          51  0.947005819431469     
          86          52  0.946648097590494     
