 -8.697146529311084E-002
  3.987600225077159E-004
 -4.905682699113889E-002
 -3.438584301080727E-002
 -4.269349621138208E-002
 -4.702613602563588E-002
 -6.399665673945343E-002
  0.110468840497195     
 -0.148405704486304     
  0.110893961288121     
 -0.148330384639840     
  0.110574448208159     
 -6.396710805300643E-002
 -4.698429002472704E-002
 -4.268676548496320E-002
 -3.438931454476801E-002
 -4.905323907330139E-002
  3.520644700256703E-004
 -8.696562269008812E-002
 -6.139953116337793E-002
 -4.290525266824030E-002
 -4.184180026490747E-002
 -3.302291936206192E-002
 -4.855260922328242E-002
  3.225235400610593E-003
 -8.590182576171745E-002
 -5.013264579084797E-002
 -3.426456310994741E-002
 -3.130146128969002E-002
 -3.220005589382691E-002
 -3.454936832793187E-002
 -4.193230588831565E-002
 -6.135084252773382E-002
 -4.270456534174727E-002
 -4.173024965494054E-002
 -3.304925254946678E-002
 -4.867515948987045E-002
  3.098424303947578E-003
 -8.587870203310732E-002
  4.254585863579186E-002
  3.832969872800907E-002
  4.466739008558318E-002
  3.414932699279072E-002
  3.941939389902616E-002
  3.751808988982530E-002
  4.154588430423445E-002
  3.923942881377773E-002
  4.257438746976017E-002
  3.931003870691396E-002
  4.251292655347372E-002
  4.152782275649969E-002
  3.752579797302324E-002
  3.942042992731387E-002
  3.415672744932663E-002
  4.467284430113594E-002
  3.831421173628569E-002
  4.254610024972227E-002
  4.147829516820245E-002
  3.690553957830123E-002
  3.861031092002365E-002
  3.367078843524718E-002
  4.442997969728091E-002
  4.245596108753058E-002
  3.788645307117988E-002
  3.951596038708571E-002
  3.651504032728337E-002
  3.651691772502008E-002
  3.532170286674097E-002
  3.855699710044369E-002
  4.152628567824446E-002
  3.696157653279830E-002
  3.860401873214581E-002
  3.364250971938643E-002
  4.248380953349484E-002
  3.786959771714415E-002
  4.436612666888617E-002
