           2           1  0.993840124689520     
           3           2   1.40670815597765     
           4           3   1.42669004243937     
           5           4   1.43010400082326     
           6           5   1.42855508116174     
           7           2   1.36198624438863     
           7           6   1.41354865808856     
           8           7  0.943282725061144     
           9           8  0.946134548973331     
          10           9  0.951047343687858     
          11          10  0.951518857586452     
          12          11  0.946222880911525     
          13          12  0.943156680420540     
          14          13   1.41363824861999     
          15          14   1.42849190796926     
          16          15   1.43014500461828     
          17          16   1.42666516216658     
          18          13   1.36194656605300     
          18          17   1.40673421132545     
          19          18  0.993850413633473     
          20          12  0.931647746663509     
          21          20   1.41139818608954     
          22          21   1.43080536477015     
          23          22   1.42802677571434     
          24          23   1.42916346804064     
          25          20   1.36693730278159     
          25          24   1.40161165204715     
          26          25  0.993475434222875     
          27          10  0.951706982401808     
          28          27   1.40675148133384     
          29          28   1.43187721973413     
          30          29   1.43054137596014     
          31          30   1.42615392374890     
          32          27   1.40293533905773     
          32          31   1.43626329838331     
          33           8  0.931702244869437     
          34          33   1.41145058967271     
          35          34   1.43075623314427     
          36          35   1.42806850514183     
          37          36   1.42903992065880     
          38          33   1.36683546185350     
          38          37   1.40165561212149     
          39          38  0.993459554166936     
          40           1  0.970269052817991     
          41           1  0.977088907730178     
          42           1  0.966250021169314     
          43           3  0.944780292038254     
          44           4  0.945877981613752     
          45           5  0.945346364497292     
          46           6  0.943050336569407     
          47           9  0.973276047914439     
          48           9  0.976901395450724     
          49          11  0.973201399475552     
          50          11  0.976905374759949     
          51          14  0.943068610787899     
          52          15  0.945350113143914     
          53          16  0.945876337542122     
          54          17  0.944771021430495     
          55          19  0.966273908584976     
          56          19  0.977114192504677     
          57          19  0.970202086631832     
          58          21  0.943269029956765     
          59          22  0.945344130767961     
          60          23  0.945970488038376     
          61          24  0.944664719915300     
          62          26  0.968299222795295     
          63          26  0.969109548992294     
          64          26  0.978143185843396     
          65          28  0.945452257209066     
          66          29  0.946490390484859     
          67          30  0.947246277341418     
          68          31  0.946959672288942     
          69          32  0.943837594161713     
          70          34  0.943293844605413     
          71          35  0.945336012203116     
          72          36  0.945968377138462     
          73          37  0.944656505336886     
          74          39  0.969171141484024     
          75          39  0.978171702750281     
          76          39  0.968286468728135     
