           2           1  0.965813718724379     
           3           2  0.976699417000389     
           4           2  0.966277292371988     
           5           2  0.939075917818858     
           6           5   1.39555010231617     
           7           6   1.43361767356340     
           8           7   1.38500757164852     
           9           8  0.947637346859196     
          10           9   1.12225856215348     
          11          10   1.02945005633918     
          12          11   1.35216434940064     
          13          12   1.45491658483482     
          14          13   1.37425822759760     
          15          14  0.964410412646074     
          16          15   1.00797331189194     
          17          16   1.40361502716787     
          18          17   1.40306345780797     
          19          18   1.44819779973987     
          20          19   1.40449795950142     
          21          16   1.29335967009298     
          21          20   1.40060255890721     
          22          21   1.01417152958905     
          23          22  0.950222719596998     
          24          23   1.39182244446446     
          25          24   1.43359207052398     
          26          25   1.42968426706313     
          27          26   1.42978396126572     
          28          23   1.39213377829996     
          28          27   1.43348904104249     
          29          22   1.01553733430125     
          30          29   1.40053370589333     
          31          30   1.40433080325623     
          32          31   1.44834880336970     
          33          32   1.40249828714978     
          34          15   1.00954881228297     
          34          29   1.29232182980700     
          34          33   1.40352579420104     
          35          14   1.37802717780337     
          36          11   1.35915655258108     
          36          35   1.45052083145559     
          37          10   1.54853860792847     
          38          37   1.17474582465064     
          39          38   1.13229174225558     
          40          39   1.30883483187580     
          41          40   1.49952600599154     
          42          41   1.35788397785314     
          43          42   1.49605089681905     
          44          39   1.26598114364037     
          44          43   1.31885386344332     
          45          44   1.10830689107057     
          46          45   1.32537411392121     
          47          46   1.49081997299531     
          48          47   1.35992786780954     
          49          48   1.49785133885204     
          50          45   1.24912304433843     
          50          49   1.30442839947156     
          51           9   1.08369828093828     
          51          38   1.38427126187583     
          51          50   1.15357150499195     
          52           8   1.38524430321649     
          53           5   1.38744201684728     
          53          52   1.44243752724540     
          54           1  0.978117171676220     
          55           1  0.976374554535572     
          56           1  0.978310506249389     
          57           3  0.977509921746040     
          58           3  0.977685412458021     
          59           3  0.978307880884904     
          60           4  0.976138493122143     
          61           4  0.978337301047523     
          62           4  0.978113495313944     
          63           6  0.942281935818690     
          64           7  0.945169530828343     
          65          12  0.943195591307895     
          66          13  0.944240295108247     
          67          17  0.940867771242228     
          68          18  0.943551602813107     
          69          19  0.943570337427545     
          70          20  0.941518815100609     
          71          24  0.947317625447823     
          72          25  0.945222790944305     
          73          26  0.946230695802360     
          74          27  0.945228335620786     
          75          28  0.947330229116802     
          76          30  0.941473133147826     
          77          31  0.943584887280142     
          78          32  0.943761212424030     
          79          33  0.940898327960040     
          80          35  0.944624950803289     
          81          36  0.940492825273704     
          82          40  0.944915296337632     
          83          41  0.945379987709769     
          84          42  0.945714062653520     
          85          43  0.942172586163968     
          86          46  0.941150116264675     
          87          47  0.945436595818730     
          88          48  0.945171514727817     
          89          49  0.938167169775726     
          90          52  0.945154529803030     
          91          53  0.942228983827664     
