 -0.103746219122761     
  2.364910366279060E-002
 -0.103609800270534     
 -2.434948984864782E-002
 -4.510891116995897E-002
 -5.602353045189545E-002
 -3.828814968336847E-002
 -6.182331567655375E-002
  4.866276041067863E-002
 -0.127649791712083     
  4.441900926466325E-002
 -4.119935881270465E-002
 -4.519369796787842E-002
 -7.554086077166566E-002
  4.726995193357331E-002
 -4.610746523997644E-002
  1.858632354390721E-002
 -0.107927093361187     
 -0.105644574330159     
 -2.484694775584373E-002
 -4.503502548670202E-002
 -5.548896015317872E-002
 -3.729202610679838E-002
 -5.994940090894829E-002
  5.007879295149387E-002
 -0.121569375469794     
  3.264162043587315E-002
  3.405378438352336E-002
  3.248447953259037E-002
  3.284251315275855E-002
  3.269286621008105E-002
  3.397189295220759E-002
  4.202928844970977E-002
  3.832066862555539E-002
  4.157055213511496E-002
  3.316800083047777E-002
  0.147839550836229     
  4.943675954577409E-002
  3.639331491377018E-002
  3.871620701188028E-002
  3.742036629060874E-002
  3.205975849282894E-002
  3.181924429848659E-002
  3.502839964462834E-002
  3.545964260377832E-002
  4.089417598896428E-002
  3.850226456411532E-002
  4.218718649442355E-002
  3.385756920018534E-002
  0.140337945940001     
