           2           1   1.84461802917455     
           3           2  0.959063555648986     
           4           3   1.36630754254543     
           5           4   1.41719230718217     
           6           5   1.42681292477785     
           7           6   1.41934769907088     
           8           3   1.35482295158887     
           8           7   1.42636089749938     
           9           2  0.969647779776404     
          10           9   1.37309074386767     
          11          10   1.39189787716886     
          12          11  0.984677366085262     
          13          12   1.04889870859525     
          14          13   1.37194278275478     
          15          14   1.44985174745719     
          16          15   1.39593336778254     
          17          16   1.45957081988716     
          18          13   1.26763784291158     
          18          17   1.35401483121775     
          19          18   1.08560416740232     
          20          19   1.35429721957991     
          21          20   1.45919049374237     
          22          21   1.39615282706803     
          23          22   1.44955329482285     
          24          12   1.05021200715934     
          24          19   1.26706832250257     
          24          23   1.37176153184233     
          25          11   1.36352449067946     
          26          25   1.44430696238824     
          27           9   1.31789108043651     
          27          26   1.38702166734343     
          28          27  0.979721139503685     
          29          28   1.04786253747071     
          30          29   1.36977861088248     
          31          30   1.45039675973420     
          32          31   1.39498373857971     
          33          32   1.46040016750335     
          34          29   1.26737082787452     
          34          33   1.35317611963083     
          35          34   1.08548636061474     
          36          35   1.35398194912145     
          37          36   1.45956797747451     
          38          37   1.39590440763226     
          39          38   1.44994731390220     
          40          28   1.04782272024278     
          40          35   1.26694691569097     
          40          39   1.37102445862951     
          41           4  0.946045903363528     
          42           6  0.949752435387364     
          43           8  0.946357506438078     
          44          10  0.941282700594947     
          45          14  0.943208746245481     
          46          15  0.944588049760851     
          47          16  0.944958461383985     
          48          17  0.944741356172077     
          49          20  0.944701991250874     
          50          21  0.944951579872254     
          51          22  0.944708792553184     
          52          23  0.943713976872952     
          53          25  0.941992723716263     
          54          26  0.941025320089480     
          55          30  0.943757548626959     
          56          31  0.944558744082990     
          57          32  0.944945470420631     
          58          33  0.944644165051316     
          59          36  0.944692493288334     
          60          37  0.945004404904614     
          61          38  0.944695945137018     
          62          39  0.944453855427021     
