           2           1  0.953518111739511     
           3           2  0.953194907911397     
           4           2  0.946952853388703     
           5           4   1.40210556569390     
           6           5   1.43153700769973     
           7           6   1.41551597365384     
           8           7   1.45118293238073     
           9           4   1.33217303050192     
           9           8   1.35591674315901     
          10           9   1.02969246494193     
          11          10  0.950950995388484     
          12          11   1.38060047809933     
          13          12   1.44916179065119     
          14          13   1.36234938714753     
          15          14  0.972623754091776     
          16          15   1.81144930680968     
          17          15  0.992468840442809     
          18          17   1.34992569096503     
          19          18   1.46294573950275     
          20          19   1.36526945682269     
          21          20   1.02315617707827     
          22          21  0.992128407181343     
          23          22   1.38742418297068     
          24          23   1.43871486724940     
          25          24   1.42391439753013     
          26          25   1.43023882242803     
          27          22   1.39429966382427     
          27          26   1.43199832078852     
          28          20   1.36723970347952     
          29          17   1.34829753577875     
          29          28   1.46292196765639     
          30          14   1.36401188148236     
          31          11   1.38215688998645     
          31          30   1.44715045528217     
          32          10   1.03055182172566     
          33          32   1.35557538295341     
          34          33   1.45121378498451     
          35          34   1.41551833062943     
          36          35   1.43140137778498     
          37           2  0.947073260632324     
          37          32   1.33196240876148     
          37          36   1.40223430632927     
          38           1  0.975771119879462     
          39           1  0.977562510998679     
          40           1  0.975949255795915     
          41           3  0.977549234966102     
          42           3  0.975869866684486     
          43           3  0.975973114023134     
          44           5  0.942339808918821     
          45           6  0.944786401007380     
          46           7  0.943857354037192     
          47           8  0.941307828880913     
          48          12  0.944916766303215     
          49          13  0.943727308795722     
          50          18  0.942344876523193     
          51          19  0.945043698621804     
          52          23  0.946085697606209     
          53          24  0.945949732735623     
          54          25  0.947047089228644     
          55          26  0.945925293690324     
          56          27  0.946458393952147     
          57          28  0.942111346519278     
          58          29  0.944355318443040     
          59          30  0.942324053348958     
          60          31  0.945185652749556     
          61          33  0.941537235943365     
          62          34  0.943964974852581     
          63          35  0.944802842155162     
          64          36  0.942382698624225     
