 -0.102660390424012     
  2.075828923500023E-002
 -0.102663777168935     
 -2.237405634172784E-002
 -4.546943379003210E-002
 -5.178648980191802E-002
 -3.663768385129007E-002
 -5.645092765659232E-002
  5.007142602115877E-002
 -0.117384825354017     
  6.832011244926495E-002
 -2.022134248083507E-002
 -2.651691428227831E-002
 -1.603834929263748E-003
  2.956911793966288E-002
  6.095930708754693E-003
  9.593474599747243E-002
 -0.211502185525413     
  6.878684207029861E-002
  1.285619121489789E-002
 -3.134630800869331E-002
 -2.433330613856644E-002
 -2.687515878964142E-002
 -2.605297185892308E-002
 -2.572604796358569E-002
 -0.185691971007463     
  6.878524683606191E-002
  1.285552201909246E-002
 -3.135166269381440E-002
 -2.433014307249337E-002
 -2.686992629942875E-002
 -2.604961863489130E-002
 -2.572107701203485E-002
  6.114714939002841E-003
  9.587979734767194E-002
 -0.211486627147264     
 -2.650965401654393E-002
 -2.021848774873902E-002
  5.007025292232115E-002
 -5.645230461853501E-002
 -3.664108583925696E-002
 -5.178708286781131E-002
 -4.547071987537965E-002
 -2.237747641974064E-002
  3.424936242062260E-002
  3.355110568933162E-002
  3.351634542793269E-002
  3.354447871328914E-002
  3.424866278011029E-002
  3.352622743885303E-002
  4.284063159879803E-002
  3.888568056343500E-002
  4.319039796068114E-002
  4.030236914549545E-002
  4.480290620228622E-002
  4.553224362355401E-002
  4.284122975024007E-002
  4.235714891793452E-002
  4.115872765062045E-002
  4.123467766003852E-002
  4.275848669452298E-002
  4.285125090539743E-002
  4.236049920463980E-002
  4.115920527395700E-002
  4.123698111715757E-002
  4.276805669251538E-002
  4.553853375037609E-002
  4.480468118726111E-002
  4.029935497322934E-002
  4.318715698596665E-002
  3.888472145049449E-002
  4.283417813970858E-002
