           2           1  0.953300518096490     
           3           2  0.953300964665134     
           4           2  0.947119753121108     
           5           4   1.40154722139113     
           6           5   1.43189571537808     
           7           6   1.41527369657340     
           8           7   1.45133091988808     
           9           4   1.33294356763615     
           9           8   1.35590058926512     
          10           9   1.02870098564463     
          11          10  0.955499865195104     
          12          11   1.38218451219424     
          13          12   1.44625480416830     
          14          13   1.36882582050635     
          15          14  0.993876228389136     
          16          15   1.30184425583825     
          17          16   1.06472918440837     
          18          17   2.80594750802989     
          19          16   1.26043302935443     
          20          19   1.02514357805622     
          21          20   1.36576147425020     
          22          21   1.44394275146399     
          23          22   1.42491300420380     
          24          23   1.42089418309218     
          25          20   1.35950017193579     
          25          24   1.44904638708020     
          26          19   1.37970240372470     
          27          26   1.37966451308500     
          28          27   1.02521704138441     
          29          28   1.36573106283317     
          30          29   1.44395560775148     
          31          30   1.42490572571755     
          32          31   1.42088333645632     
          33          28   1.35946480920165     
          33          32   1.44906094995197     
          34          15   1.30182141786933     
          34          27   1.26040256098959     
          35          34   1.06479387261350     
          36          35   2.80587083815345     
          37          14   1.36884275932709     
          38          11   1.38218702343006     
          38          37   1.44624427369392     
          39          10   1.02871057169436     
          40          39   1.35591321410228     
          41          40   1.45131827244514     
          42          41   1.41528730225810     
          43          42   1.43188130980593     
          44           2  0.947116071501497     
          44          39   1.33292360891386     
          44          43   1.40157154967449     
          45           1  0.977546506217412     
          46           1  0.975852657890118     
          47           1  0.975902803313260     
          48           3  0.975856693359825     
          49           3  0.977547427211714     
          50           3  0.975896619959167     
          51           5  0.942344108317924     
          52           6  0.944787453143152     
          53           7  0.943808083382609     
          54           8  0.941140464770245     
          55          12  0.944655783450576     
          56          13  0.943182473090393     
          57          21  0.943367914623411     
          58          22  0.946052164983981     
          59          23  0.947213086710605     
          60          24  0.946015378630683     
          61          25  0.946690958457026     
          62          29  0.943356175336078     
          63          30  0.946052655848298     
          64          31  0.947213476745964     
          65          32  0.946016076702891     
          66          33  0.946686730111239     
          67          37  0.943180721247913     
          68          38  0.944657393746226     
          69          40  0.941141152086175     
          70          41  0.943809074885575     
          71          42  0.944787429317570     
          72          43  0.942354318166286     
