 -8.403228117750849E-003
 -4.238464895481187E-002
 -9.909637151571449E-002
 -3.194496048499573E-002
 -2.617440238916657E-002
 -3.481706299689336E-002
 -1.804515679654539E-002
 -9.436997549784731E-002
  3.560787143460509E-002
 -0.131252362866895     
  3.048373709084018E-002
 -9.789755654303356E-002
 -2.296369049503344E-002
 -3.411128869030833E-002
 -4.136396501628870E-002
  4.945531761838762E-003
 -0.227437072774527     
  0.312371249280071     
 -0.312201731994987     
 -5.679256795959287E-002
 -1.010657742173837E-002
 -2.851164744142221E-002
 -3.135462209155637E-002
 -4.382479075530732E-002
 -3.732556602421955E-002
  5.277562734725016E-003
 -4.274583101966467E-002
 -3.750544684455281E-002
 -3.300668267887374E-002
 -3.150328392506108E-002
 -4.023508568018563E-002
  0.163087896567956     
  4.565059777362235E-002
  5.186471119950342E-002
  3.786481597736624E-002
  3.850679132904167E-002
  4.240091526154011E-002
  4.908677899501390E-002
  3.670130831543472E-002
  3.995073374926039E-002
  3.372488563794873E-002
  0.134535613536818     
  3.453241130196316E-002
  4.171359560256871E-002
  3.725171819102413E-002
  3.534831507300118E-002
  4.838655149971938E-002
  3.729119520912527E-002
  3.549034464159972E-002
  4.012483966863789E-002
  4.544749640859858E-002
  4.294515361918150E-002
  4.406677274372262E-002
  3.761721327493972E-002
  3.671465482227032E-002
  3.638431427502176E-002
