 NM
 UV
 MMASS
   632.818599999998     
 LFAKTOR
  0.5
 RFAKTOR
  1.0
 WIDTH
  0.20
 SHIFT
  0.00
 DATXY
   1    3.9779     0.104093     0.047273     4.261576    -1.288544
   2    4.0147     0.051787     0.029427   -17.869198   -14.146541
   3    4.0246     0.005973     0.002403    50.407679    37.668025
   4    4.0580     0.086236     0.044483    12.297333     5.855940
   5    4.0799     0.626129     0.378729   176.926612   136.117351
   6    4.1100     0.056936     0.029601   218.701077   175.513555
   7    4.1617     0.124523     0.088473   -51.894620   -43.966069
   8    4.1852     0.305697     0.180254  -319.322224  -244.840130
   9    4.3441     0.012126     0.002711    -2.336718     5.262096
  10    4.3517     0.010108     0.003510    -2.265884    -5.136166
  11    5.0287     0.000656     0.000784    -0.883045    -0.690189
  12    5.0540     0.000677     0.000043    -0.494449     0.494633
  13    5.1258     0.001950     0.014730     4.317042   -13.252842
  14    5.1486     0.021146     0.044929     3.158491    46.261933
  15    5.2195     0.366698     0.337698    53.044348   -35.601131
  16    5.3724     0.086259     0.046408    -2.743322     0.282305
  17    5.4022     0.052919     0.020994   -43.234471   -20.806277
  18    5.5432     0.006003     0.005233    32.688852    19.697766
  19    5.5812     0.001103     0.002841     8.498249     3.686269
  20    5.6601     0.002480     0.004580     3.591062     4.103616
  21    5.7139     0.012148     0.003769     3.242841    -0.764235
  22    5.7794     0.006792     0.002882   -11.438538     3.123018
  23    5.7831     0.010988     0.006901     0.380820     3.375192
  24    5.7936     0.011583     0.007087    11.222914    -2.560638
  25    5.8397     0.000111     0.000087    -0.412190    -0.291573
  26    5.8475     0.002533     0.000741    -3.755663    -5.212732
  27    5.8608     0.047839     0.041726   140.831141   103.655716
  28    5.8777     0.109214     0.066242  -176.445676  -130.220955
  29    5.9093     0.286057     0.163252    48.290133    35.118690
  30    5.9285     0.004949     0.002525    13.240536    10.378139
  31    5.9631     0.056197     0.036507     8.229762    12.295049
  32    5.9694     0.044858     0.030794   -35.206453   -30.607482
  33    6.0105     0.025646     0.016261    16.316287    12.742952
  34    6.0849     0.005164     0.003805     8.374324    -5.252258
  35    6.1356     0.011186     0.003961     7.139283     3.175162
  36    6.1717     0.000514     0.010707    -0.757079    -1.516330
  37    6.2689     0.267621     0.325384   -24.062079   -39.394000
  38    6.3497     0.013992     0.069924    52.017393    58.743325
  39    6.3519     0.013909     0.014555   -14.632363    -5.561447
  40    6.3671     0.008487     0.014655   -52.711421   -42.010927
  41    6.3747     0.004835     0.048403    13.009716    20.416035
  42    6.4063     0.004280     0.002317    -2.929434    -0.359466
  43    6.4379     0.001243     0.001941    -3.452108    -9.070163
  44    6.4814     0.028759     0.018348    -8.529371    -8.389964
  45    6.5185     0.046614     0.025145    81.995089    44.516359
  46    6.5325     0.331297     0.212865  -201.735447  -159.567436
  47    6.5423     0.071736     0.038167    16.612923    33.494091
  48    6.5543     0.141952     0.130507    17.892740    24.240660
  49    6.5726     0.710997     0.412498   156.293782   116.749492
  50    6.5970     0.002817     0.015609    -0.206247   -13.319153
  51    6.6141     0.022799     0.024962    -2.097200     3.972628
  52    6.7155     0.056025     0.031381   -23.184520   -17.974456
  53    6.7277     0.008626     0.003554    45.277676    31.407287
  54    6.7775     0.229709     0.064527   -42.737350   -44.008198
  55    6.7853     0.007918     0.026005    -6.485527    -0.295456
  56    6.8054     0.012746     0.026395    -7.267595   -17.787205
  57    6.8286     0.068855     0.038610    46.605592    65.404656
  58    6.8563     0.225161     0.120012   -60.556927   -44.920034
  59    6.9052     0.080928     0.038826    10.679415     6.490947
  60    6.9160     0.069118     0.049203   -10.270037    -2.777917
  61    6.9228     0.007336     0.009856    -2.109155     6.538030
  62    6.9265     0.050579     0.038701    11.679336    10.269569
  63    6.9313     0.070250     0.060703    -8.945671   -25.574758
  64    6.9428     0.004601     0.007245     3.387029     1.664003
  65    6.9580     0.010776     0.007717    -1.998174    -4.077438
  66    6.9705     0.002562     0.001049    -2.002853    -1.281385
  67    6.9779     0.020386     0.015195    16.422610     7.818324
  68    6.9952     0.022620     0.013675     5.774914    10.177721
  69    7.0017     0.009417     0.005077     3.502331     0.436833
  70    7.0437     0.156688     0.109287    62.180585    52.989294
  71    7.0478     0.994781     0.672864   -62.598800   -48.468385
  72    7.0520     0.262186     0.168216    40.150684    38.148906
  73    7.0679     0.207337     0.117675  -269.133276  -181.774822
  74    7.0792     0.203209     0.111388    41.300056   -14.230898
  75    7.1011     0.166552     0.091155   -21.029012   -32.049908
  76    7.1083     0.249422     0.155300  -170.369085  -113.431592
  77    7.1294     0.008998     0.001685    32.718677    17.022448
  78    7.1307     0.046107     0.021040   -92.008073   -63.571851
  79    7.1396     0.036307     0.018464    97.565987    45.545827
  80    7.1497     0.023485     0.014826    -5.175444    -3.893757
  81    7.1533     0.029144     0.013758    29.987128    13.815488
  82    7.1578     0.050910     0.038577   148.420952   122.044538
  83    7.1719     0.049525     0.021965    27.491933    17.780374
  84    7.1806     0.025735     0.013129    96.064984    72.412465
  85    7.1954     0.271164     0.163320     1.545345    -4.454423
  86    7.2216     0.053446     0.022088   -17.488160   -15.935171
  87    7.2283     0.086117     0.035177    33.489021    20.907953
  88    7.2401     0.049367     0.035982   -60.054211   -47.063768
  89    7.2441     0.075479     0.038350  -112.333054   -83.557480
  90    7.2496     0.087961     0.041216   -27.405003   -14.994879
  91    7.2650     0.017250     0.008983   -10.669751     4.185493
  92    7.2802     0.017200     0.012325     9.970443     9.310052
  93    7.2837     0.027052     0.042844   -12.263038    -8.304766
  94    7.2928     0.074893     0.057219    88.119842    81.257075
  95    7.2942     0.054271     0.051952    48.627369    60.008563
  96    7.3050     0.030103     0.013603   -10.262856    -2.775849
  97    7.3308     0.047491     0.063976     1.115754     6.117913
  98    7.3360     0.040618     0.019048   -28.013645    -1.669947
  99    7.3528     0.008425     0.050418    -4.596629   -73.670054
 100    7.3716     0.069344     0.155950    83.538802   104.300291
 101    7.3891     0.065000     0.062272    35.701523    41.723413
 102    7.3983     0.377694     0.241235   -66.913308   -50.822823
 103    7.4074     0.120928     0.074339    80.995195    38.777591
 104    7.4283     0.018518     0.007453   -38.953199   -14.189971
 105    7.4343     0.105799     0.069045    53.684955    52.305577
 106    7.4471     0.040676     0.025674   -12.074739   -12.513940
 107    7.4506     0.005335     0.004735     3.869703     3.418596
 108    7.4731     0.002431     0.000279    -4.606069     0.904807
 109    7.4897     0.003148     0.003615    -3.100283    -5.839764
 110    7.5016     0.002245     0.001532   -16.619713   -11.092535
 111    7.5272     0.001801     0.013731    -0.147674     2.809987
 112    7.5691     0.012539     0.026864    16.933032   -15.165058
 113    7.6081     0.176022     0.123624    -0.263143     1.885212
 114    7.6190     0.164297     0.083705  -104.144189   -80.448977
 115    7.6486     0.012145     0.039023     0.562065     4.154368
 116    7.6588     0.005260     0.000315     2.632745    -1.437324
 117    7.6862     0.009819     0.005711    14.586253    34.293045
 118    7.7000     0.006785     0.026927    -1.842304   -11.190156
 119    7.7087     0.006171     0.016043     8.383950     0.952859
 120    7.7364     0.002778     0.000214   -13.311226     2.051001
 121    7.7517     0.022906     0.013493   -10.169462    -2.640352
 122    7.7668     0.022562     0.027732    -0.953661     5.219106
 123    7.7852     0.011210     0.005012    28.897348    11.334196
 124    7.8081     0.002702     0.006382    -5.460604    -1.484192
 125    7.8207     0.008120     0.050193    69.848464    21.845209
 126    7.8342     0.003196     0.055889     0.797818    35.803975
 127    7.8407     0.012319     0.008857   -56.955640   -60.639897
 128    7.8494     0.013363     0.038822     3.650463   -30.980497
 129    7.8755     0.003356     0.005203    -5.379039    -6.396233
 130    7.8889     0.009387     0.026330    52.196204    20.756502
 131    7.8989     0.010621     0.000693    13.116427    -4.028136
 132    7.9140     0.006229     0.006498     2.431854   -13.050495
 133    7.9277     0.007475     0.003890    -3.603337   -10.440502
 134    7.9370     0.027542     0.018385     2.742372    12.478611
 135    7.9538     0.021727     0.024906   -37.627492   -39.161927
 136    7.9599     0.003864     0.015076   -18.999435    -2.434865
 137    7.9748     0.030743     0.034487     3.937951    -1.412165
 138    7.9846     0.041691     0.069301   -26.590179    -0.794800
 139    7.9929     0.000767     0.006081    -0.981892     0.017028
 140    8.0016     0.073703     0.074675    26.451814    97.132529
 141    8.0090     0.011741     0.010446   -53.889142   -52.048765
 142    8.0229     0.013399     0.018871     6.949900    18.791649
 143    8.0396     0.004348     0.002322   -10.324289    -6.387749
 144    8.0421     0.017200     0.022097    46.401442    64.055531
 145    8.0449     0.069893     0.039090   -86.309482   -71.514757
 146    8.0557     0.001004     0.002782     8.355393    11.884209
 147    8.0586     0.008044     0.016191     6.143153     9.269269
 148    8.0681     0.043191     0.017493    81.028073    43.634104
 149    8.0766     0.058449     0.053988   -73.786627   -56.522774
 150    8.0916     0.002650     0.000834     4.190038     2.738881
 151    8.0947     0.009216     0.004613    15.777293   -10.726889
 152    8.1047     0.005415     0.003387    -0.434135   -11.433407
 153    8.1216     0.005491     0.005454    -9.866968   -10.821484
 154    8.1369     0.009291     0.007131    14.130802    -5.102081
 155    8.1529     0.002489     0.009391     2.906749     6.572954
 156    8.1581     0.009093     0.012117   -26.532868    34.797924
 157    8.1693     0.061504     0.039349     0.109982     5.052310
 158    8.1803     0.008752     0.028273     8.548791   -34.669435
 159    8.1902     0.011239     0.012596    26.416347    27.987719
 160    8.1947     0.032556     0.022342    25.049950    33.442630
 161    8.2027     0.005748     0.022856    -5.312876   -18.976582
 162    8.2127     0.025440     0.058522     3.264132     4.185564
 163    8.2167     0.004840     0.021098    -6.689813   -12.527659
 164    8.2199     0.003805     0.047667     5.046863    23.712092
 165    8.2205     0.001685     0.040633     6.183147    16.561031
 166    8.2299     0.004260     0.027569    14.011328   -40.249949
 167    8.2355     0.011516     0.048323     9.316311    22.718518
 168    8.2398     0.019679     0.080022    17.723315    16.772787
 169    8.2494     0.012309     0.009601    -6.837000   -11.232964
 170    8.2623     0.012315     0.022726   -21.539033   -14.256913
 171    8.2648     0.001911     0.021279     8.822603    25.316695
 172    8.2813     0.013692     0.018344   -13.804874   -31.575268
 173    8.2907     0.001375     0.002817     7.474547     7.194080
 174    8.2940     0.004857     0.024011    -3.137088    -3.674402
 175    8.2979     0.000469     0.002065    -4.911972    17.099202
 176    8.3026     0.001859     0.005207     2.245385    -1.216497
 177    8.3072     0.002217     0.000333     4.635957     2.422309
 178    8.3112     0.010493     0.021393   -14.157886   -32.268224
 179    8.3148     0.005016     0.013066     5.508423     8.330986
 180    8.3215     0.005030     0.003457    -0.331343     2.354727
 181    8.3270     0.006988     0.016082     2.069907     5.612384
 182    8.3297     0.016443     0.016779   -17.665195   -22.308739
 183    8.3331     0.000321     0.001778     0.887124     4.880160
 184    8.3364     0.000981     0.002214     2.620661     1.942553
 185    8.3431     0.021328     0.011610    -9.108123    -7.973590
 186    8.3463     0.009741     0.009008     6.755191     4.581253
 187    8.3526     0.030641     0.011467    10.808051     5.543249
 188    8.3572     0.044457     0.033771   -38.864472   -22.578482
 189    8.4060     0.004274     0.004977     0.023799     0.804496
 190    8.4094     0.001312     0.006782    -3.991261    -7.092819
 191    8.4204     0.004837     0.004554     7.976877     1.819885
 192    8.4303     0.003408     0.005509     8.010339    11.352219
 193    8.4388     0.009220     0.005541     3.510151     0.380459
 194    8.4424     0.001635     0.001043    -1.860600    -1.148430
 195    8.4432     0.001739     0.000393     0.077109    -0.258782
 196    8.4658     0.001398     0.000866     3.131464     1.145233
 197    8.4709     0.000394     0.000437    -0.207168    -1.188420
 198    8.4770     0.001426     0.001489     0.560313     2.720028
 199    8.4788     0.005876     0.003519    -8.218813    -5.488843
 200    8.4886     0.001182     0.000851     1.851726     1.782685
 201    8.4944     0.016398     0.008998    14.968724     9.475474
 202    8.4997     0.000317     0.002336    -0.334299    -1.959144
 203    8.5006     0.008706     0.007210     2.740759     0.936787
 204    8.5048     0.001676     0.000270     2.018490     0.761640
 205    8.5268     0.001002     0.000465     0.829509     0.540808
 206    8.5340     0.000914     0.002072    -4.356073     6.937343
 207    8.5496     0.003924     0.004730    12.591785     9.656646
 208    8.5514     0.007320     0.001360     0.722230    -0.296933
 209    8.5547     0.018691     0.017440    -8.472671    -6.343470
 210    8.5583     0.021355     0.004331    49.849019    14.758708
 211    8.5658     0.004291     0.005043     6.352369     6.304719
 212    8.5740     0.011694     0.017070    -0.172130     1.033655
 213    8.5841     0.004475     0.001258    -0.264534     0.159630
 214    8.5865     0.003436     0.004312   -10.873692   -14.382957
 215    8.5916     0.000392     0.000338    -0.201962    -0.011264
 216    8.5955     0.001897     0.000977    -2.133749    -1.007720
 217    8.6004     0.014358     0.006400   -15.122589    -5.008791
 218    8.6137     0.011698     0.010364    10.461281     0.563114
 219    8.6189     0.005445     0.004149     0.764802    -4.646714
 220    8.6226     0.006652     0.009618    -0.998756     1.617541
 221    8.6287     0.001734     0.000490     0.975414    -0.850093
 222    8.6349     0.018858     0.009342    -1.577048     0.947090
 223    8.6401     0.012989     0.003993    -0.375522    -1.956347
 224    8.6502     0.010090     0.004991     3.492617     7.366082
 225    8.6553     0.001369     0.001871    -1.667477    -3.789646
 226    8.6643     0.006078     0.004089     7.792244     7.183569
 227    8.6725     0.001577     0.001478    -5.477254    -2.768451
 228    8.6771     0.004172     0.002585    -4.394785    -3.602569
 229    8.6826     0.004355     0.002287    -8.332158    -5.585793
 230    8.6883     0.003376     0.002739     0.646565     1.594211
 231    8.6923     0.004185     0.002787     5.755505     0.754741
 232    8.7082     0.009833     0.005310     7.205272     4.544684
 233    8.7190     0.004761     0.007654     1.368940   -11.865771
 234    8.7433     0.031929     0.019395   -27.444247   -21.589966
 235    8.7539     0.025894     0.020011    17.836733    21.268744
 236    8.7718     0.009180     0.008254    -2.458669    -2.729260
 237    8.7731     0.010144     0.011264    -0.318349     6.709830
 238    8.7763     0.001002     0.000909    -3.930518    -3.958270
 239    8.7884     0.025090     0.009061   -12.920316    -2.805176
 240    8.7927     0.004187     0.000858    -5.584938     0.738919
 241    8.7935     0.006292     0.002447   -17.432022    -9.290619
 242    8.7994     0.010416     0.005455   -12.045027    -6.292721
 243    8.8115     0.016742     0.007323    -9.871491    -2.889570
 244    8.8274     0.023806     0.025044     0.107268    12.072995
 245    8.8334     0.010334     0.006720    16.472091    15.585295
 246    8.8615     0.000379     0.000114    -1.091002    -0.120675
 247    8.8632     0.006894     0.005553    -2.147863    -3.272857
 248    8.8686     0.000438     0.001308     1.048964     1.285987
 249    8.8690     0.002528     0.003034    -7.118462    -4.725241
 250    8.8955     0.016733     0.007771    -3.193222    -1.774946
 251    8.9023     0.015171     0.006696    -9.443559     5.231859
 252    8.9046     0.003957     0.003114    -0.963272     0.414005
 253    8.9099     0.006276     0.013425   -14.613990   -17.706435
 254    8.9140     0.037060     0.026690    10.133804     7.671052
 255    8.9214     0.016069     0.016184   -22.366605   -11.148834
 256    8.9379     0.003124     0.001273     6.735259     6.758295
 257    8.9536     0.003952     0.001908    -7.417125    -3.119003
 258    8.9604     0.058652     0.026316   -32.843522   -25.142712
 259    8.9716     0.009794     0.008745    27.857859    24.790212
 260    8.9736     0.018434     0.011298    41.827982    32.679735
 261    8.9814     0.049802     0.028888   -13.283854   -19.203128
 262    9.0000     0.012546     0.003825    -9.451676     1.950769
 263    9.0047     0.009374     0.004935    -1.664476    -8.881347
 264    9.0080     0.006271     0.001821    12.399913     6.650223
 265    9.0139     0.010478     0.011796   -27.855795   -32.300110
 266    9.0276     0.008893     0.003826    12.129396     7.851865
 267    9.0302     0.004865     0.001127   -10.544652    -4.299752
 268    9.0321     0.015985     0.004308    21.093137    11.414743
 269    9.0365     0.002749     0.001228     5.673001     1.222425
 270    9.0424     0.002298     0.001505    -8.105326    -7.874479
 271    9.0441     0.013334     0.008269    13.276890    13.906227
 272    9.0459     0.017049     0.011993     9.479840    10.768260
 273    9.0533     0.012098     0.009741     0.489666     0.381758
 274    9.0635     0.010093     0.005969   -28.597567   -32.527051
 275    9.0667     0.006897     0.003545   -15.333623   -10.589144
 276    9.0745     0.047044     0.028442    -7.197839    -4.941864
 277    9.0840     0.002534     0.009055     6.680202    11.876239
 278    9.0974     0.000329     0.003114    -1.793413     7.192324
 279    9.1033     0.002811     0.001805    -2.001563    -1.485938
 280    9.1077     0.006506     0.005188    11.712493     9.999338
 281    9.1140     0.001327     0.000853    -1.446759    -1.132954
 282    9.1195     0.001847     0.000595     5.171027     4.223580
 283    9.1209     0.001514     0.001422     5.036008     1.657227
 284    9.1297     0.000005     0.000722     0.390421     5.933786
 285    9.1373     0.003136     0.002342     0.331705     1.412904
 286    9.1411     0.001682     0.000652    -3.106040    -0.886731
 287    9.1440     0.004463     0.001631    -2.471842    -6.554249
 288    9.1484     0.002833     0.001727    10.814025     8.679993
 289    9.1520     0.007233     0.004193     9.914035     0.176641
 290    9.1763     0.000191     0.000434    -0.216951     1.037165
 291    9.1799     0.001624     0.004300     4.543406     4.115864
 292    9.1991     0.002743     0.003246     2.055051    -0.697302
 293    9.2051     0.001833     0.006588    -4.088150    -5.426678
 294    9.2112     0.003297     0.006316    -5.626729    -1.494250
 295    9.2138     0.004914     0.016744   -16.852671    -5.877371
 296    9.2230     0.001881     0.001887    14.200148    13.220623
 297    9.2269     0.001067     0.002310    -5.994563     1.653388
 298    9.2290     0.001306     0.002968     1.208939     2.297670
 299    9.2330     0.000503     0.000932    -0.475879    -0.587538
 300    9.2403     0.002935     0.006500    -3.369976    -4.973820
 301    9.2458     0.002314     0.001922     6.752771     8.715514
 302    9.2584     0.000979     0.001163    -0.547442    -6.257212
 303    9.2742     0.005161     0.002742     1.166028     1.775882
 304    9.2746     0.001253     0.002588     1.511810     0.738870
 305    9.2814     0.001167     0.003005    -2.732602    -3.406169
 306    9.2857     0.000825     0.004898     4.101027    -2.104010
 307    9.2919     0.004336     0.001097     2.486631     0.264580
 308    9.2950     0.000985     0.001108    -0.894245    -2.131455
 309    9.3097     0.002144     0.003773    -7.855789    -4.898246
 310    9.3179     0.000478     0.000370     0.188939    -0.398127
 311    9.3307     0.001374     0.005678     2.757458    -0.348019
 312    9.3380     0.003868     0.006755     0.659059     2.455377
 313    9.3403     0.007355     0.011378    13.631733     3.404296
 314    9.3469     0.007190     0.016791    -0.629039    -3.576948
 315    9.3510     0.000841     0.001559     2.404346     5.097992
 316    9.3531     0.024146     0.021544    20.755118     9.994362
 317    9.3652     0.005038     0.002052    -3.410060    -3.523761
 318    9.3749     0.001776     0.002460    -1.028672    -5.713419
 319    9.3760     0.004534     0.003121    -1.804585    -1.587840
 320    9.3817     0.004670     0.000113    -1.997103    -0.644390
 321    9.3925     0.001993     0.003090    -1.951032    -1.812731
 322    9.3994     0.002613     0.001593    -0.425507    -0.593315
 323    9.4088     0.025257     0.002990    18.989788     8.505336
 324    9.4114     0.008593     0.002888    -1.303295     0.464718
 325    9.4237     0.001361     0.008974    -2.015454    -2.987851
 326    9.4302     0.003930     0.001675     7.972689     7.011807
 327    9.4354     0.002504     0.016318    20.115873     2.786817
 328    9.4370     0.003737     0.001870    -5.779048    -0.884441
 329    9.4431     0.001525     0.013360   -24.263106   -23.450465
 330    9.4501     0.000453     0.004004    -1.202121     3.235615
 331    9.4527     0.000768     0.004307     1.424444     3.402142
 332    9.4544     0.001497     0.003105    -3.468171    -0.531764
 333    9.4560     0.001654     0.002262    -1.965952    -0.294531
 334    9.4575     0.001263     0.001328     3.634085     6.806705
 335    9.4675     0.004865     0.005567    -2.108502    -3.503745
 336    9.4680     0.001329     0.001485     0.438492    -2.760311
 337    9.4751     0.010453     0.012368     2.066890     4.774397
 338    9.4877     0.009027     0.015204     5.661973    -2.526337
 339    9.4935     0.007926     0.023683     0.844721     5.603303
 340    9.4961     0.000554     0.005951    -3.278004     2.300798
 341    9.5054     0.003800     0.006840    -4.355092    -7.393732
 342    9.5150     0.003113     0.002038    -1.531627    -1.289858
 343    9.5193     0.000469     0.001912    -1.580839    -2.499280
 344    9.5277     0.000309     0.001430    -1.819055     1.748140
 345    9.5359     0.000625     0.003312    -0.285521    -1.797093
 346    9.5617     0.004528     0.012097    11.005021    20.475712
 347    9.5681     0.001544     0.006888     4.968792     2.595327
 348    9.5738     0.002878     0.007997     0.752169     1.212992
 349    9.5797     0.004849     0.008126     0.130491    -4.956416
 350    9.5816     0.000609     0.002393     5.843201     5.393187
 351    9.5849     0.001175     0.002256    -2.265868    -3.982133
 352    9.5981     0.001998     0.000781    -2.840788    -2.338020
 353    9.6018     0.001387     0.002419     5.564786     5.496234
 354    9.6053     0.001222     0.000099     6.735897    -0.797926
 355    9.6123     0.000645     0.001370     1.991620     5.929457
 356    9.6151     0.001586     0.002809     1.202556     1.035384
 357    9.6252     0.005476     0.000512   -18.846952    -1.321923
 358    9.6285     0.001345     0.000710     1.623293     2.422448
 359    9.6433     0.002450     0.000413    -1.055113     4.220860
 360    9.6483     0.006748     0.009435    12.761399     4.170372
 361    9.6515     0.004109     0.011223    -3.982056   -11.468221
 362    9.6538     0.001134     0.001009    -2.780073     0.999555
 363    9.6592     0.000836     0.001245    -4.492054     5.669815
 364    9.6610     0.001970     0.001343     1.484101     1.578507
 365    9.6716     0.011259     0.014117   -25.594320   -23.183432
 366    9.6728     0.001290     0.003424    -2.456097    -2.153311
 367    9.6844     0.002412     0.002264    11.675449    -7.157919
 368    9.6919     0.006149     0.016597    15.051449    25.301204
 369    9.7036     0.000710     0.003482     0.228304    -2.314662
 370    9.7063     0.006471     0.009779     6.313064    14.595595
 371    9.7108     0.002787     0.009145     3.018605    -3.072682
 372    9.7175     0.007043     0.007985   -26.791784   -13.929872
 373    9.7358     0.004212     0.002503   -11.287653    -3.755394
 374    9.7516     0.003243     0.004548    -5.015145    -6.070459
 375    9.7615     0.000339     0.003756    -0.286129    -0.770595
 376    9.7654     0.002539     0.015653    -2.642645     3.181019
 377    9.7729     0.000108     0.000186     0.755710     0.070830
 378    9.7778     0.000538     0.004150     1.569723     3.326894
 379    9.7884     0.002348     0.010659     7.965462    -7.343993
 380    9.7975     0.003691     0.004856     5.460693     5.067802
 381    9.7999     0.002331     0.002780    -7.448404    -1.609556
 382    9.8027     0.002697     0.006462     8.757003    13.647660
 383    9.8065     0.000132     0.002369    -0.353113     3.425829
 384    9.8092     0.001133     0.004058    -0.700551    -2.708382
 385    9.8166     0.001381     0.000460     1.249052     1.440720
 386    9.8180     0.006877     0.003404    -3.904602    -3.113182
 387    9.8208     0.003569     0.003291    -4.045954    -5.156101
 388    9.8231     0.004858     0.000100    -2.815057    -0.064408
 389    9.8273     0.006974     0.005875     0.577011    -2.108375
 390    9.8305     0.004677     0.003753     4.656999     5.002568
 391    9.8367     0.000910     0.000237     2.031624     0.539855
 392    9.8429     0.002585     0.001843    -5.752444    -2.381073
 393    9.8507     0.005523     0.007224     4.065026     3.640894
 394    9.8525     0.001927     0.000804     0.243952    -1.722687
 395    9.8624     0.000985     0.000372    -0.280645    -0.818280
 396    9.8633     0.000725     0.002331     2.554458    -0.987118
 397    9.8648     0.000985     0.001009     1.600677     1.289253
 398    9.8702     0.005452     0.004643    -0.250360    -1.431148
 399    9.8761     0.005538     0.004912    10.026962     7.604141
 400    9.8809     0.008298     0.005666    -2.748019     1.652744
 401    9.8859     0.007453     0.003315    -0.509856     0.449619
 402    9.8915     0.004384     0.002457     9.255633     5.147256
 403    9.8967     0.010764     0.006278     5.052297    -5.218649
 404    9.9072     0.001629     0.001038    -3.274445    -2.349998
 405    9.9114     0.022860     0.011926    24.275529    16.727911
 406    9.9131     0.008682     0.004372     4.059047    -1.942528
 407    9.9182     0.007943     0.005334    -5.797543    -1.818527
 408    9.9218     0.002843     0.005302    -4.378917     1.965554
 409    9.9252     0.015075     0.006764    -7.588795    -0.724080
 410    9.9304     0.018681     0.006170    11.436089     0.053050
 411    9.9346     0.003239     0.002857    12.872819    15.502400
 412    9.9386     0.010155     0.003751    -6.596629    -2.261720
 413    9.9395     0.006884     0.005245    -1.142539     0.805028
 414    9.9470     0.029365     0.008610   -37.376153   -29.476453
 415    9.9529     0.000409     0.000590    -0.307450    -0.601896
 416    9.9588     0.014381     0.011728     0.320030    10.364728
 417    9.9657     0.015665     0.005294    13.304417     6.773657
 418    9.9677     0.002030     0.010099    -0.299124   -18.432140
 419    9.9702     0.012561     0.011026   -11.534180    -9.727104
 420    9.9766     0.012190     0.006754    -2.414036    -2.468182
 421    9.9806     0.002175     0.003129    -1.521762     2.013441
