 -0.327794763297803     
  0.422014196173394     
 -0.327694510678279     
 -1.138293024548531E-002
  4.024563357254429E-003
 -1.945499178384935E-002
  7.026428910679972E-002
 -0.128055391446631     
  4.530303252510359E-002
 -5.560082022353807E-002
 -4.295574398803925E-002
 -4.667023780492752E-002
 -4.540969049383392E-002
  7.522554030103601E-002
 -0.137346950630731     
  7.568598753317080E-002
 -4.537250715992069E-002
 -4.681595993893772E-002
 -4.385578832097625E-002
 -5.697683154368605E-002
  4.541128957477847E-002
 -2.857101348017110E-002
  6.151036766937956E-003
  6.154459148460578E-003
 -2.854889690932616E-002
  7.026246792096202E-002
 -0.128065985996962     
  4.540317215879774E-002
 -5.698043727924418E-002
 -4.385352003270970E-002
 -4.681537852858231E-002
 -4.537709178414051E-002
  7.569323574948550E-002
 -0.137344688093396     
  7.521971324742127E-002
 -4.541260845045336E-002
 -4.667641156002666E-002
 -4.295598308846671E-002
 -5.560606567958271E-002
  4.531400095232518E-002
 -1.946145684149592E-002
  4.025251236397853E-003
 -1.137563971711764E-002
  5.850042983784909E-002
  5.288618561324887E-002
  4.270131267908317E-002
  4.426140768506615E-002
  4.324475110338799E-002
  4.133751043648659E-002
  4.143086028952203E-002
  4.320549009068109E-002
  4.366966536745009E-002
  4.222501333200468E-002
  4.968190614493717E-002
  4.967994279756038E-002
  4.222348380939978E-002
  4.367093474576722E-002
  4.320352630533342E-002
  4.143064206606439E-002
  4.133717269211323E-002
  4.324327978631659E-002
  4.425967622212157E-002
  4.269869765478240E-002
  5.288824326513120E-002
  5.849992732186826E-002
