           2           1   1.76468767513944     
           3           2   1.76511563926007     
           4           2  0.748290650253082     
           5           4   1.43703376708526     
           6           5   1.40474668900718     
           7           6   1.38208984129182     
           8           7  0.975548189361528     
           9           8   1.00377374810512     
          10           9   1.39194573244262     
          11          10   1.41759304048122     
          12          11   1.43999300998768     
          13          12   1.41338548810649     
          14           9   1.30664930069263     
          14          13   1.40848277789041     
          15          14   1.00858085480987     
          16          15   1.00935204065425     
          17          16   1.40874800247000     
          18          17   1.41304990121350     
          19          18   1.44030913628442     
          20          19   1.41712070716084     
          21           8   1.00439811209193     
          21          16   1.30578815447728     
          21          20   1.39197809974895     
          22           7   1.38425302682671     
          23           4   1.33160379531928     
          23          22   1.37298607960729     
          24          23   1.01945602668099     
          25          24   1.37295818122904     
          26          25   1.38429797367246     
          27          26  0.975509764800705     
          28          27   1.00437417343900     
          29          28   1.39201215378696     
          30          29   1.41709172913628     
          31          30   1.44034220912148     
          32          31   1.41301836755108     
          33          28   1.30576296740001     
          33          32   1.40877079412372     
          34          33   1.00936594993771     
          35          34   1.00856920115948     
          36          35   1.40853024779726     
          37          36   1.41333843680050     
          38          37   1.44003706405647     
          39          38   1.41755210922450     
          40          27   1.00382233136842     
          40          35   1.30660727376880     
          40          39   1.39197116252487     
          41          26   1.38207772638488     
          42          41   1.40476106203943     
          43           2  0.748295768303529     
          43          24   1.33163235358481     
          43          42   1.43701391812089     
          44           5  0.941345400961208     
          45           6  0.939794408460549     
          46          10  0.941113443370689     
          47          11  0.943785687992079     
          48          12  0.944406229924962     
          49          13  0.945648253664180     
          50          17  0.945633464361336     
          51          18  0.944389472359201     
          52          19  0.943843349750195     
          53          20  0.940673632178074     
          54          22  0.940514595581371     
          55          25  0.940521878032580     
          56          29  0.940672033435365     
          57          30  0.943842614960007     
          58          31  0.944389773003607     
          59          32  0.945634944732877     
          60          36  0.945649733793385     
          61          37  0.944406234084276     
          62          38  0.943785440655990     
          63          39  0.941119271820576     
          64          41  0.939790226458218     
          65          42  0.941344356965682     
