           2           1   1.42401957976731     
           3           2   1.44388234567862     
           4           3   1.37089105130949     
           5           4  0.998364941780297     
           6           5  0.995948760195042     
           7           6   1.37191588965369     
           8           7   1.44331081866260     
           9           8   1.42436697735129     
          10           9   1.42427539203973     
          11           6   1.37181078352411     
          11          10   1.44353675727085     
          12           5  0.998556463506970     
          13          12   1.36721982793090     
          14          13   1.44987349648818     
          15          14   1.37369169766047     
          16          15  0.973795243039423     
          17          16   1.30959454352920     
          18          17   1.21670992433763     
          19          18   1.59605798505965     
          20          19   1.26546677713496     
          21          20   1.59658076533812     
          22          17   1.17481994801533     
          22          21   1.21592265933940     
          23          22   1.31135892391171     
          24          23  0.968282964572600     
          25          24   1.25764164053350     
          26          25   1.56536906778510     
          27          26   1.25189509326976     
          28          27   1.25785439066480     
          29          28   1.55574170186500     
          30          29   1.30499636041320     
          31          30   1.55736159303139     
          32          27   1.22155400704949     
          32          31   1.25354842141266     
          33          24   1.50723008664659     
          33          32   1.25856598032306     
          34          23   1.31134115217371     
          35          34   1.21596920487317     
          36          35   1.59663575574697     
          37          36   1.26535657295514     
          38          37   1.59622148383199     
          39          16   1.30979752261400     
          39          34   1.17453953710081     
          39          38   1.21662406407796     
          40          15   1.37298190442268     
          41          12   1.36673068959645     
          41          40   1.45064638495625     
          42           4   1.37094682662587     
          43           1   1.42420518645367     
          43          42   1.44373041095489     
          44           1  0.946601351776653     
          45           2  0.945310044779840     
          46           3  0.946268879600338     
          47           7  0.946317172350782     
          48           8  0.945298268534326     
          49           9  0.946593785579793     
          50          10  0.945306179192831     
          51          11  0.946372841754609     
          52          13  0.944188962159307     
          53          14  0.944147324961397     
          54          18  0.940831492105785     
          55          19  0.945570155737641     
          56          20  0.945517652994098     
          57          21  0.941001065564253     
          58          25  0.945126470473221     
          59          26  0.942368917281707     
          60          28  0.944693945897460     
          61          29  0.946233559742930     
          62          30  0.946034776418631     
          63          31  0.944574504118650     
          64          33  0.943478944577651     
          65          35  0.941015255753407     
          66          36  0.945507175003379     
          67          37  0.945544540969321     
          68          38  0.940662385707042     
          69          40  0.944109947341889     
          70          41  0.944091706266188     
          71          42  0.946236326049380     
          72          43  0.945304670102918     
