 -4.766829122975036E-002
 -3.484912319938438E-002
 -4.537947976329093E-002
  5.409308502403842E-002
 -0.127644555451329     
  5.396476310786547E-002
 -4.523602785077774E-002
 -3.470653820112357E-002
 -4.786564841668106E-002
 -3.500592452864382E-002
 -4.584685832852742E-002
  5.294533602345242E-002
 -4.423240370626136E-002
 -3.323104390257914E-002
 -2.602664381340603E-002
 -1.404514182101746E-002
 -4.526065303870475E-002
 -1.219375867940187E-002
 -3.686109403931503E-002
 -3.643287205091728E-002
 -3.621548280688724E-002
 -3.499248880349004E-002
 -1.621536421565573E-002
  1.375161209601838E-002
 -1.368034698839171E-002
 -4.061963644322031E-002
 -5.019801420502645E-002
 -3.818213651297153E-002
 -5.622369115691050E-002
  5.022279409555486E-002
 -0.122290066704760     
  5.910030983567705E-002
 -2.906700605163959E-002
 -2.994420753955129E-002
 -3.366087734993606E-002
 -2.990121015596880E-002
 -2.911341021759917E-002
  5.020515039585316E-002
 -5.619415856763421E-002
 -3.815137863883766E-002
 -5.015924467485178E-002
 -4.068296689753037E-002
 -1.376002752950356E-002
 -4.525474181246558E-002
 -3.461299277860785E-002
  3.817118251205720E-002
  4.136833714069521E-002
  3.779829995514927E-002
  3.807623387195180E-002
  4.144442831665773E-002
  3.812635261404462E-002
  4.130233082503310E-002
  3.775083982390415E-002
  4.210365365750390E-002
  4.572003058066099E-002
  4.055206957210500E-002
  3.965603015570596E-002
  4.034919390661018E-002
  4.026585325745358E-002
  3.996476734479004E-002
  4.310264819423326E-002
  3.993035940307943E-002
  4.245820521964339E-002
  3.960210560189326E-002
  3.955178320327812E-002
  4.294176014236839E-002
  4.022645545135650E-002
  4.292658413364470E-002
  3.944983139025027E-002
  3.956575805485896E-002
  4.245009456900095E-002
  3.992085890525043E-002
  4.302848870533360E-002
  3.805873711186969E-002
  4.145918387361758E-002
