           2           1   1.69572984865997     
           3           2   1.10118255913258     
           4           3   1.06924175824849     
           5           4   1.22100707035341     
           6           5   1.64215342569861     
           7           6   1.18029921204979     
           8           4   1.41980069776617     
           8           7   1.11763064716621     
           9           8   1.13664497463285     
          10           9   1.34619231274068     
          11          10   1.40116510947410     
          12          11   1.02589438830159     
          13          12   1.69573009889580     
          14          12   1.10118238869668     
          15          14   1.06924229507728     
          16          15   1.22100705942007     
          17          16   1.64215359390726     
          18          17   1.18029922845813     
          19          15   1.41980035345399     
          19          18   1.11763090032625     
          20          11   1.22790570896891     
          20          19   1.13664460603196     
          21          20   1.34619317431951     
          22           2   1.02589453142936     
          22           9   1.22790638847560     
          22          21   1.40116414131169     
          23           3  0.942679663602301     
          24           5  0.940116868554182     
          25           6  0.950653283942686     
          26          10  0.939795393034714     
          27          14  0.942679654119863     
          28          16  0.940116813866582     
          29          17  0.950653288785863     
          30          21  0.939795507691680     
