           2           1   1.68730657011074     
           3           2   1.04841862900954     
           4           3   1.34713888687850     
           5           4   1.44654406896672     
           6           5   1.42622278600824     
           7           6   1.37114148393423     
           8           7  0.975966373969908     
           9           8   1.05548426086862     
          10           9   1.36941282308946     
          11          10   1.45041715051198     
          12          11   1.39112971982819     
          13          12   1.46093547756297     
          14           9   1.26512987218270     
          14          13   1.35314493355218     
          15          14   1.08790983716476     
          16          15   1.35361575403066     
          17          16   1.46041463791240     
          18          17   1.39444619034232     
          19          18   1.45161823753648     
          20           8   1.05495622499947     
          20          15   1.26483704637924     
          20          19   1.36995614677421     
          21           3   1.35044417875850     
          21           7   1.40540654382307     
          22           2  0.981765991349867     
          23          22  0.929361456649542     
          24          23   1.04483117396012     
          25          24   1.34516374731703     
          26          25   1.45180277856016     
          27          26   1.42038537250226     
          28          27   1.37835126076511     
          29          28  0.973476765311048     
          30          29   1.05836039875270     
          31          30   1.36881806452077     
          32          31   1.45263213466536     
          33          32   1.39361178999840     
          34          33   1.46065841479585     
          35          30   1.26351963413477     
          35          34   1.35354775277569     
          36          35   1.08868805722039     
          37          36   1.35306756504055     
          38          37   1.46085960140536     
          39          38   1.39312828414027     
          40          39   1.45285873342276     
          41          29   1.05808203789256     
          41          36   1.26437142367000     
          41          40   1.36779607387663     
          42          24   1.36377147456986     
          42          28   1.39928679231181     
          43          23   1.07765711581484     
          44           1   1.09056494569979     
          44          43   1.62613359988925     
          45          44   1.04010861820651     
          46          45   1.34983558340191     
          47          46   1.44840842505457     
          48          47   1.42343555577923     
          49          48   1.37584029451369     
          50          49  0.978472120611744     
          51          50   1.05457575988064     
          52          51   1.37014795002134     
          53          52   1.45139170073884     
          54          53   1.39463026239582     
          55          54   1.46021564289062     
          56          51   1.26500939284208     
          56          55   1.35381264922474     
          57          56   1.08769905213597     
          58          57   1.35296612692707     
          59          58   1.46078869604618     
          60          59   1.39410590220698     
          61          60   1.45187304453086     
          62          50   1.05407410784258     
          62          57   1.26615843338342     
          62          61   1.36908266893752     
          63          45   1.36398823766429     
          63          49   1.39802887400020     
          64           1  0.933971608776778     
          65           4  0.942553539016817     
          66           5  0.942125725711998     
          67           6  0.945590748065715     
          68          10  0.943398605749774     
          69          11  0.944419257335807     
          70          12  0.944997460484678     
          71          13  0.944653570372523     
          72          16  0.944665720227894     
          73          17  0.945029642550041     
          74          18  0.944717779891068     
          75          19  0.943642539838896     
          76          21  0.943996669175732     
          77          22  0.961012719852391     
          78          25  0.944638313671807     
          79          26  0.941199816305071     
          80          27  0.945479668965321     
          81          31  0.943619500804795     
          82          32  0.944807094311125     
          83          33  0.945141494733686     
          84          34  0.944732376801805     
          85          37  0.944761289058511     
          86          38  0.945183911466441     
          87          39  0.944442899932603     
          88          40  0.942459305805048     
          89          42  0.944105089311530     
          90          46  0.944116298571325     
          91          47  0.942560694226765     
          92          48  0.945314577628621     
          93          52  0.943400764788252     
          94          53  0.944710395476921     
          95          54  0.945033251830236     
          96          55  0.944657737989405     
          97          58  0.944709160288254     
          98          59  0.944971918932015     
          99          60  0.939821318560958     
         100          61  0.943036150316190     
         101          63  0.943745310408334     
