 C   -3.64436709075551        8.31157112927936        2.44709706282443     
   6.00000000000000     
 C   -4.49000363048562        6.09636563429320        3.63613362563512     
   6.00000000000000     
 C   -5.77761091872667        4.30186942554215        2.29642490682702     
   6.00000000000000     
 C   -6.27818257551672        4.64489847924051      -0.299162896259620     
   6.00000000000000     
 C   -7.59638735236748        2.83389219620775       -1.77590785844120     
   6.00000000000000     
 N   -8.33459569071740       0.520618795650799      -0.666015009483684     
   7.00000000000000     
 C   -6.71226734155226       -1.37245166546775       8.115433482821995E-002
   6.00000000000000     
 C   -3.97048511339531       -1.25049318413225      -6.233725841046155E-002
   6.00000000000000     
 C   -2.67467024578953      -2.332195180367350E-002  -1.99879729843917     
   6.00000000000000     
 C  -6.568062912391587E-002  5.006414693600024E-002  -1.99946857928814     
   6.00000000000000     
 C    1.31729382615685       -1.11587332891514      -9.058754869867236E-002
   6.00000000000000     
 C    4.10894924699104       -1.01262114932917      -8.896339985550400E-002
   6.00000000000000     
 C    5.50810301616305       -3.21337121438941      -0.565117565325162     
   6.00000000000000     
 C    4.32155502669996       -5.55360631685436       -1.12909649002177     
   6.00000000000000     
 C    5.70265936313866       -7.68572704675919       -1.53428933571926     
   6.00000000000000     
 C    8.36141138080465       -7.61648827863609       -1.38723684201130     
   6.00000000000000     
 C    9.57744391510555       -5.40327477776445      -0.898945246118777     
   6.00000000000000     
 C    8.20838835505951       -3.12888070596926      -0.513759521055648     
   6.00000000000000     
 C    9.42280056237091      -0.816982680302759      -6.606099638589913E-002
   6.00000000000000     
 N    12.0868789010526      -0.718278245617962      -5.455069596125502E-002
   7.00000000000000     
 C    13.6292939996981       -1.00435747808532       -2.13188527686594     
   6.00000000000000     
 C    12.9731926666995       -1.40074746735874       -4.63980027894481     
   6.00000000000000     
 C    14.9069674568349       -1.60453359282801       -6.38126230380347     
   6.00000000000000     
 C    17.4334641468284       -1.41357660494353       -5.65715370257853     
   6.00000000000000     
 C    18.0938009161329      -0.998141482849187       -3.16699193389109     
   6.00000000000000     
 C    16.1845991748034      -0.785954830902503       -1.37652413181177     
   6.00000000000000     
 C    16.1570416844070      -0.351834009320676        1.30325836893723     
   6.00000000000000     
 C    18.0296631797799      -1.032838294430868E-003   3.11043515112507     
   6.00000000000000     
 C    17.3184858407259       0.366224597212265        5.59416877698276     
   6.00000000000000     
 C    14.7784648637547       0.374799893318186        6.29546260743357     
   6.00000000000000     
 C    12.8803720245332       2.851223097674303E-002   4.53736533805279     
   6.00000000000000     
 C    13.5861449229559      -0.320257306587645        2.03596066391207     
   6.00000000000000     
 C    8.03794270884216        1.39935504477135       0.369446758377580     
   6.00000000000000     
 C    9.23369277808378        3.76702722937811       0.769845906984098     
   6.00000000000000     
 C    7.85448508507956        5.88601868633314        1.24233270147699     
   6.00000000000000     
 C    5.19611867682264        5.76202815851736        1.35589635037398     
   6.00000000000000     
 C    3.97872721292493        3.53455884630555       0.939512576022673     
   6.00000000000000     
 C    5.33845633441671        1.28586844819834       0.394886267171496     
   6.00000000000000     
 C   2.282899841134519E-002  -2.39375231100490        1.81292369273553     
   6.00000000000000     
 C   -2.58202275090865       -2.46137217226198        1.82666295604565     
   6.00000000000000     
 N   -7.92450815358837       -3.32298119558117        1.01385449122574     
   7.00000000000000     
 C   -10.4215684349345       -2.73468990411912       0.881958000641959     
   6.00000000000000     
 C   -12.5175444503848       -4.25621631886145        1.60662448150984     
   6.00000000000000     
 C   -12.1765496424488       -6.69512734740455        2.57045712134146     
   6.00000000000000     
 C   -14.2247460070913       -8.15006937018460        3.21631579008875     
   6.00000000000000     
 C   -16.6518441301237       -7.17787464627233        2.89808328607025     
   6.00000000000000     
 C   -17.0094729539219       -4.77990177762457        1.96053964258923     
   6.00000000000000     
 C   -14.9641769348693       -3.22871489187916        1.29096359870846     
   6.00000000000000     
 C   -15.2805669494512      -0.667348598533051       0.350956262857100     
   6.00000000000000     
 C   -17.6749686850415       0.449120407972085       0.135572917891559     
   6.00000000000000     
 C   -17.9879527698351        2.89766399341376      -0.676343816260037     
   6.00000000000000     
 C   -15.8921777125733        4.36388948461493       -1.28707965068813     
   6.00000000000000     
 C   -13.5148609881926        3.33715361590124       -1.11856045216935     
   6.00000000000000     
 C   -13.1575614256830       0.828386448228218      -0.342581766741677     
   6.00000000000000     
 C   -10.7367309108980      -0.326131509837422      -0.136235922936579     
   6.00000000000000     
 C   -8.09950429526681        3.27029676476714       -4.28658722146572     
   6.00000000000000     
 C   -7.30350982146546        5.51680779030017       -5.43926386606953     
   6.00000000000000     
 C   -5.99512668912273        7.28439695021256       -4.08215582770747     
   6.00000000000000     
 C   -5.45475059378434        6.90056226500708       -1.49971066854093     
   6.00000000000000     
 C   -4.12015409518332        8.70610329493684      -6.014748099275845E-002
   6.00000000000000     
 H   -2.62311038865905        9.70325862885297        3.53594811292957     
   1.00000000000000     
 H   -4.11676815689121        5.81581832919559        5.62288716149834     
   1.00000000000000     
 H   -6.42998459854163        2.60397205504386        3.22441175492229     
   1.00000000000000     
 H   -3.69381830313351       0.850495097746661       -3.53279443915054     
   1.00000000000000     
 H   0.919699485040400        1.00638327493043       -3.51053866205916     
   1.00000000000000     
 H    2.28503146239141       -5.61032929647087       -1.23681977341247     
   1.00000000000000     
 H    4.77101572600045       -9.45067608913512       -1.96277579297056     
   1.00000000000000     
 H    9.42656841755126       -9.33378772754551       -1.67394725540196     
   1.00000000000000     
 H    11.6147651797209       -5.35571615105165      -0.796505024529437     
   1.00000000000000     
 H    11.0167719174140       -1.54919822706403       -5.20184318898565     
   1.00000000000000     
 H    14.4537412690727       -1.91909607050995       -8.34705564977760     
   1.00000000000000     
 H    18.8915871571905       -1.58736666919699       -7.07547506151088     
   1.00000000000000     
 H    20.0523001170671      -0.839533513172732       -2.61507697988031     
   1.00000000000000     
 H    19.9994704948300      -1.801956138402470E-002   2.57644279355029     
   1.00000000000000     
 H    18.7474541175937       0.645223364891001        7.02532860160883     
   1.00000000000000     
 H    14.2861583024776       0.656592915094500        8.25679722474165     
   1.00000000000000     
 H    10.9134546250547       3.342809974835276E-002   5.08194806566760     
   1.00000000000000     
 H    11.2704783864170        3.86538107769187       0.693391454916184     
   1.00000000000000     
 H    8.78916872854002        7.67572927685763        1.54164405291197     
   1.00000000000000     
 H    4.13277769086312        7.45448551153043        1.76813752396571     
   1.00000000000000     
 H    1.94269656340677        3.44266035305735        1.02129374965748     
   1.00000000000000     
 H    1.07749115237055       -3.31957824874020        3.29579690583431     
   1.00000000000000     
 H   -3.59240811725544       -3.44341813741450        3.30123903140991     
   1.00000000000000     
 H   -10.2666539292398       -7.38214275817649        2.77418208917057     
   1.00000000000000     
 H   -13.9666991932075       -10.0339862489875        3.95866772483290     
   1.00000000000000     
 H   -18.2712733202010       -8.31881433984387        3.39380824168223     
   1.00000000000000     
 H   -18.9219637094712       -4.11013512259489        1.74454760264226     
   1.00000000000000     
 H   -19.3380281327332      -0.618682604078792       0.629135827590683     
   1.00000000000000     
 H   -19.8636594010345        3.69060177305380      -0.817570574685201     
   1.00000000000000     
 H   -16.1301618025013        6.30100292850700       -1.88432192329404     
   1.00000000000000     
 H   -11.8916724110538        4.48516395471731       -1.56474444788450     
   1.00000000000000     
 H   -9.11441534962842        1.86642885047920       -5.36858674952728     
   1.00000000000000     
 H   -7.72347031678155        5.81988817274563       -7.41241015067968     
   1.00000000000000     
 H   -5.35974225394366        9.00894716011370       -4.96940167978994     
   1.00000000000000     
 H   -3.48784773687753        10.4134873088064      -0.983798185750499     
   1.00000000000000     
