           2           1   1.30575702973787     
           3           2   1.55488773810285     
           4           3   1.26064714230133     
           5           4   1.21737559299135     
           6           5  0.947684358800095     
           7           6   1.11857395636784     
           8           7   1.03248726916819     
           9           8   1.35971689366668     
          10           9   1.45005162443789     
          11          10   1.37436575547673     
          12          11  0.973360847932837     
          13          12   1.31017870934273     
          14          13   1.21612680091754     
          15          14   1.59597647573330     
          16          15   1.26580747047002     
          17          16   1.59581737621927     
          18          13   1.17252920830788     
          18          17   1.21643435565422     
          19          18   1.31550648492568     
          20          19  0.958151624204202     
          21          20   1.06043911215869     
          22          21   1.36568122830296     
          23          22   1.45450328979926     
          24          23   1.39203162177361     
          25          24   1.46162716042532     
          26          21   1.26140692348097     
          26          25   1.35251753792018     
          27          26   1.08965107975961     
          28          27   1.35251380098581     
          29          28   1.46160612948344     
          30          29   1.39207635285207     
          31          30   1.45447139426516     
          32          20   1.06031159004146     
          32          27   1.26143743996505     
          32          31   1.36569368571057     
          33          19   1.31540871479971     
          34          33   1.21648469944605     
          35          34   1.59572666068813     
          36          35   1.26591728821677     
          37          36   1.59581060574275     
          38          12   1.30985657937078     
          38          33   1.17269368122568     
          38          37   1.21637145109416     
          39          11   1.36813253221771     
          40           8   1.34883449609897     
          40          39   1.45728485953532     
          41           7   1.54742545441472     
          42          41   1.17533625213530     
          43          42   1.13207052822521     
          44          43   1.30904217008737     
          45          44   1.49933289705577     
          46          45   1.35802166621150     
          47          46   1.49588535461844     
          48          43   1.26590890589339     
          48          47   1.31905001449733     
          49          48   1.10814401409834     
          50          49   1.32545863751568     
          51          50   1.49075782340330     
          52          51   1.35994134812086     
          53          52   1.49778889217895     
          54          49   1.24908578527139     
          54          53   1.30449135649025     
          55           6   1.08364326974214     
          55          42   1.38385911434673     
          55          54   1.15358101770025     
          56           5   1.50301088544488     
          57          56   1.31048844951349     
          58          57   1.55102230179618     
          59           4   1.22188425674700     
          59          58   1.25695333076523     
          60           1   1.55766583465790     
          60          59   1.25356072911397     
          61           1  0.945895644745359     
          62           2  0.945872049449007     
          63           3  0.943675976250639     
          64           9  0.940675692366901     
          65          10  0.944808294579404     
          66          14  0.940456207469278     
          67          15  0.945238419239267     
          68          16  0.945386024241564     
          69          17  0.942656402491464     
          70          22  0.944937418529841     
          71          23  0.944833339118379     
          72          24  0.945204536809272     
          73          25  0.944688559992221     
          74          28  0.944691268583488     
          75          29  0.945201884667441     
          76          30  0.944825301852432     
          77          31  0.944927341078576     
          78          34  0.942573850549381     
          79          35  0.945421160211731     
          80          36  0.945376681462635     
          81          37  0.940444243326609     
          82          39  0.944334983860782     
          83          40  0.944055965711939     
          84          44  0.944929323430813     
          85          45  0.945378923341214     
          86          46  0.945713210005309     
          87          47  0.942182959688501     
          88          50  0.941166888515908     
          89          51  0.945441050580966     
          90          52  0.945167731050868     
          91          53  0.938630584900006     
          92          56  0.945008368416929     
          93          57  0.942834281107625     
          94          58  0.942624156549997     
          95          60  0.944067845213570     
