 -8.102317907476575E-002
 -3.079631773454228E-002
 -6.112826874067778E-003
 -3.824678414034821E-002
 -4.511470637046333E-002
  1.467933435082447E-003
  4.152697896604218E-002
 -0.157974281386471     
  7.230484638886869E-002
 -4.849564180539812E-002
 -4.372878255760426E-002
 -2.394051461845947E-002
  2.358765798297213E-002
 -9.699609568951306E-002
 -9.760297441346655E-002
 -2.547648779949174E-002
 -4.656375872159391E-002
 -5.083715064822769E-002
  6.901902140210581E-002
 -0.176665806059783     
 -6.083943828167904E-002
 -4.404098031863324E-002
 -4.662848571944700E-002
 -5.668968540681885E-002
 -4.001656130987641E-002
 -3.879275430585594E-002
  4.138812378892476E-002
  3.312182876980052E-002
  3.554359100181281E-002
  4.155348103671985E-002
  3.567209984447262E-002
  4.752496879047341E-002
  5.193484741112386E-002
  3.636900107155239E-002
  4.039230432430652E-002
  3.685347274887829E-002
  3.424911330077207E-002
  3.399593804232304E-002
  3.604803765510167E-002
  3.382177853952872E-002
  3.445467545989023E-002
  4.105458495101555E-002
  3.713455690007017E-002
  0.165164315233053     
  3.262621763328311E-002
  4.062624456991470E-002
  4.210269606349371E-002
  3.930613351630441E-002
  3.988995926506211E-002
  3.784880514356725E-002
