 -4.334624343186455E-002
 -3.556099316144756E-002
 -3.109636564524099E-002
  1.969777822398955E-002
 -1.939071624234323E-002
 -0.228398013315197     
  6.490273996968021E-002
  1.738355688451021E-002
 -2.267028752155120E-002
 -3.381906648814059E-002
 -5.267672363013176E-003
 -1.110025259543956E-002
 -3.757931192393205E-002
 -4.376805305784170E-002
  5.385841552638082E-002
 -0.125814297179491     
  5.399111682819902E-002
 -4.504633512354683E-002
 -3.428825906188759E-002
 -4.708284324874334E-002
 -3.459955582770924E-002
 -4.564628866196330E-002
  5.380578097944566E-002
 -4.499079575417841E-002
 -3.421808932797443E-002
 -4.653302503379741E-002
 -3.408151247920888E-002
 -4.510087276710362E-002
 -4.287523476168609E-002
 -3.736626153871825E-002
 -1.789967696466555E-003
 -4.150644306458062E-002
 -3.447402610768169E-002
 -3.378605281626879E-002
 -3.719959694900865E-002
 -1.920822224505514E-003
 -7.223467693590457E-002
  5.393207673376654E-002
 -4.676861434177670E-002
 -3.995287181441132E-002
  5.949815322284335E-002
  6.715126359410384E-002
 -4.631785532778920E-002
 -0.165142964915809     
  4.407235365151818E-002
  4.365474147029147E-002
 -0.167465582557305     
 -1.886871736736850E-003
  1.375136561296619E-002
 -3.851835106617507E-002
 -3.343671996749364E-002
 -3.777900199088791E-002
 -3.196761580988650E-002
 -3.140348653578062E-002
 -4.519340475516209E-002
 -3.812786993834116E-002
  3.651998250032173E-002
  3.829834067540727E-002
  4.131509346583928E-002
  4.967595291787963E-002
  4.452025781728897E-002
  4.341442940924278E-002
  4.056822584421205E-002
  3.803342538480625E-002
  4.152660994797974E-002
  3.827606829347474E-002
  4.132043044527722E-002
  3.769644908226777E-002
  3.791635306761720E-002
  4.152560603994981E-002
  3.842321185318920E-002
  4.159506424432491E-002
  3.777386061030086E-002
  4.097171184548642E-002
  4.283880139658669E-002
  4.270611290550252E-002
  3.959422200983809E-002
  4.099432647238077E-002
  4.399362576000587E-002
  4.706517834375046E-002
  4.905182128844121E-002
  4.487766411429039E-002
  5.042713199243165E-002
  3.853044599546951E-002
  3.848443605342555E-002
  5.016147201252352E-002
  3.878990228250245E-002
  3.931259620856298E-002
  3.844941452705575E-002
  4.036677405632494E-002
  4.061266509923922E-002
  3.765228678061439E-002
  3.753384962249939E-002
