           2           1   1.42236454639751     
           3           2   1.44727029624953     
           4           3   1.36005079050402     
           5           4   1.03297533708775     
           6           5   1.17323212157366     
           7           6   1.56234971481578     
           8           7   1.00811017028545     
           9           8   1.47223683559048     
          10           9   1.33441595881645     
          11          10   1.47982627376350     
          12          11  0.995564789615252     
          13          12   1.36323163520046     
          14          13   1.45630452067905     
          15          14   1.36254000553063     
          16          15   1.00204888508136     
          17          16  0.997662497744303     
          18          17   1.37117787952748     
          19          18   1.44377058379340     
          20          19   1.42413755079213     
          21          20   1.42418738362331     
          22          17   1.37106767116321     
          22          21   1.44378598171962     
          23          16  0.996354737662644     
          24          23   1.37172258725179     
          25          24   1.44345738842182     
          26          25   1.42433081151319     
          27          26   1.42427638087443     
          28          23   1.37156039569188     
          28          27   1.44358460112824     
          29          15   1.36479669899244     
          30          12   1.36799455268640     
          30          29   1.45393258002803     
          31          11   1.20440834149415     
          32          31   1.26238975103978     
          33          32   1.54964211327419     
          34          33   1.31187379978298     
          35          34   1.54827805689520     
          36           8   1.20000834896828     
          36          31   1.23110055239515     
          36          35   1.26483986236211     
          37           7   1.12619805368737     
          38          37  0.960701619818427     
          39          38   1.37612336833156     
          40          39   1.44214929465660     
          41          40   1.38364668429646     
          42          41   1.30323026613424     
          43          38   1.39017769402131     
          43          42   1.39162563557035     
          44          42   1.02928989637638     
          45          44  0.980035033774223     
          46          45  0.977073194226362     
          47          41   1.02780595717332     
          47          46  0.981149184397826     
          48           5   1.50206163272697     
          48          37   1.09141542364866     
          49          48   1.01579388633939     
          50          49   1.36654787862476     
          51          50   1.44118336816924     
          52          51   1.42621034037871     
          53          52   1.42221022132713     
          54          49   1.36211972823809     
          54          53   1.44499289392669     
          55           4   1.36237597395594     
          56           1   1.42257893607732     
          56          55   1.44657440782010     
          57           1  0.947478167015612     
          58           2  0.946345297052310     
          59           3  0.946851158707358     
          60           9  0.942345407600247     
          61          10  0.941693276585916     
          62          13  0.943498148493813     
          63          14  0.944177770901807     
          64          18  0.946188420153729     
          65          19  0.945308410241150     
          66          20  0.946613986555453     
          67          21  0.945313679984354     
          68          22  0.946160727593915     
          69          24  0.946210400842563     
          70          25  0.945303354978691     
          71          26  0.946594921325580     
          72          27  0.945288947342312     
          73          28  0.946218963368643     
          74          29  0.944075700667720     
          75          30  0.943962246897099     
          76          32  0.940343573635198     
          77          33  0.945857156261519     
          78          34  0.945666090623516     
          79          35  0.941681081878549     
          80          39  0.942832217922197     
          81          40  0.942071024135455     
          82          43  0.943208711150585     
          83          45  0.969119854564920     
          84          45  0.967580500553973     
          85          46  0.967462879223521     
          86          46  0.969124786971887     
          87          50  0.946029883199127     
          88          51  0.945927049133762     
          89          52  0.947204507625905     
          90          53  0.945696386717761     
          91          54  0.946459382112931     
          92          55  0.944845479563643     
          93          56  0.946486434137830     
