           2           1   2.80758170380255     
           3           2   1.05042486117332     
           4           3   1.05153904530123     
           5           4   2.80592566092641     
           6           3   1.54486743582243     
           7           6   1.01679441714963     
           8           7   1.34973940638891     
           9           8   1.43751233797500     
          10           9   1.43797857722759     
          11          10   1.35619638044860     
          12          11   1.01677602135973     
          13          12  0.988418864865329     
          14          13   1.37540422399558     
          15          14   1.44178750843582     
          16          15   1.42521466987591     
          17          16   1.42486319121847     
          18          13   1.37405440969764     
          18          17   1.44217290597223     
          19          12  0.986377326539784     
          20          19   1.37538430951785     
          21          20   1.44175623848713     
          22          21   1.42516978663426     
          23          22   1.42557180277293     
          24          19   1.37555582339903     
          24          23   1.44113711643393     
          25           7   1.37643296025556     
          25          11   1.37409303005120     
          26           6   1.02980823350810     
          27          26   1.34865362331501     
          28          27   1.43483545720859     
          29          28   1.44006714869081     
          30          29   1.35155104066283     
          31          30   1.01586020056916     
          32          31  0.988463183728431     
          33          32   1.37436906205950     
          34          33   1.44172436016693     
          35          34   1.42513177512955     
          36          35   1.42517212793947     
          37          32   1.37522337005319     
          37          36   1.44190910491922     
          38          31  0.987385413502254     
          39          38   1.37617850513226     
          40          39   1.44113590583798     
          41          40   1.42576440349621     
          42          41   1.42458222737538     
          43          38   1.37409385544401     
          43          42   1.44227599972416     
          44          26   1.36533198446599     
          44          30   1.38167438222213     
          45           8  0.945131687955168     
          46           9  0.942310529296744     
          47          10  0.944787113778280     
          48          14  0.946404795216347     
          49          15  0.945252249906318     
          50          16  0.946509329576256     
          51          17  0.945330919110647     
          52          18  0.946525682487027     
          53          20  0.946564765370615     
          54          21  0.945363919033691     
          55          22  0.946485336696771     
          56          23  0.944644379952425     
          57          24  0.945891617500804     
          58          25  0.942069423082715     
          59          27  0.942067346115864     
          60          28  0.941981894751938     
          61          29  0.944682169467708     
          62          33  0.946392469268511     
          63          34  0.945174879871418     
          64          35  0.946446892007533     
          65          36  0.945263844329902     
          66          37  0.946481786932185     
          67          39  0.946441924511045     
          68          40  0.945242649362879     
          69          41  0.946465510247907     
          70          42  0.945099828851247     
          71          43  0.946261223304267     
          72          44  0.942923401188306     
