           2           1   1.73509015395498     
           3           2   1.73465276080133     
           4           2  0.761816428397674     
           5           4   1.38918204991535     
           6           5   1.45541643834876     
           7           6   1.33470032675054     
           8           7   1.07404273776156     
           9           8  0.949224609052039     
          10           9   1.39124907413019     
          11          10   1.43529616387988     
          12          11   1.41022684158693     
          13          12   1.45679208524719     
          14           9   1.32323271313413     
          14          13   1.34974223185917     
          15          14   1.06450399525911     
          16          15   1.79739380201000     
          17          16   1.06461652967362     
          18          17   1.34965505917375     
          19          18   1.45685535006663     
          20          19   1.41017619027477     
          21          20   1.43532763083984     
          22           8  0.949187146035915     
          22          17   1.32318197361510     
          22          21   1.39128396649200     
          23           7   1.33843738670325     
          24           4   1.39303296142793     
          24          23   1.45060329219601     
          25           2  0.762542182184916     
          26          25   1.39191170590571     
          27          26   1.45147379703242     
          28          27   1.33806780451010     
          29          28   1.07383471603464     
          30          29  0.949244451513668     
          31          30   1.39061545537768     
          32          31   1.43563160582537     
          33          32   1.41006867061799     
          34          33   1.45676266474747     
          35          30   1.32352571618295     
          35          34   1.35007551510051     
          36          35   1.06393704085086     
          37          36   1.79846530736391     
          38          37   1.06387698043627     
          39          38   1.35001567721121     
          40          39   1.45680277122491     
          41          40   1.41007716470826     
          42          41   1.43559263934727     
          43          29  0.948806214636274     
          43          38   1.32370135881381     
          43          42   1.39078419136451     
          44          28   1.33538167954293     
          45          25   1.38963449102686     
          45          44   1.45478397803430     
          46           5  0.943763972031002     
          47           6  0.938832719885351     
          48          10  0.945375529360332     
          49          11  0.944347477664900     
          50          12  0.944401703904250     
          51          13  0.944301272257460     
          52          15  0.938692570085923     
          53          16  0.938704996541692     
          54          18  0.944292138122373     
          55          19  0.944412141108331     
          56          20  0.944384792458529     
          57          21  0.945393712177116     
          58          23  0.938499803836854     
          59          24  0.942197316534086     
          60          26  0.942224180343057     
          61          27  0.938631750302259     
          62          31  0.945194494047691     
          63          32  0.944260770499892     
          64          33  0.944404321746716     
          65          34  0.944365651411313     
          66          36  0.938760191117849     
          67          37  0.938764065972424     
          68          39  0.944360635428538     
          69          40  0.944392635340477     
          70          41  0.944251287928226     
          71          42  0.945204535855319     
          72          44  0.938836466733536     
          73          45  0.943762970232920     
