           2           1  0.953631451535371     
           3           2  0.953484555061565     
           4           2  0.946995791639456     
           5           4   1.40290523078879     
           6           5   1.43091595257042     
           7           6   1.41599317103981     
           8           7   1.45089444305656     
           9           4   1.33130142419900     
           9           8   1.35572757118320     
          10           9   1.03150696039025     
          11          10  0.948134280406584     
          12          11   1.38497947858344     
          13          12   1.44602341920167     
          14          13   1.36967235162636     
          15          14  0.998810403808682     
          16          15   1.36962353865236     
          17          16   1.37075174215575     
          18          17   1.02075975671003     
          19          18   1.35475706105208     
          20          19   1.46711892522280     
          21          20   1.33333609537612     
          22          21   1.05786098653622     
          23          22   2.82312952472572     
          24          21   1.33643255448397     
          25          18   1.35959064509014     
          25          24   1.46357694455259     
          26          17   1.36089812006384     
          27          26   1.36056160189774     
          28          27   1.02112729188902     
          29          28   1.35951856389824     
          30          29   1.46358848152851     
          31          30   1.33644862504567     
          32          31   1.05789303095199     
          33          32   2.82309601201252     
          34          31   1.33321136730888     
          35          28   1.35450909285724     
          35          34   1.46729196665796     
          36          15   1.36970615339356     
          36          27   1.37069009304083     
          37          14   1.36990519183244     
          38          11   1.38510965607829     
          38          37   1.44580899783797     
          39          10   1.03150835382596     
          40          39   1.35567895519811     
          41          40   1.45093482891019     
          42          41   1.41596225040627     
          43          42   1.43094270140473     
          44           2  0.947000215276487     
          44          39   1.33134573447258     
          44          43   1.40286827676596     
          45           1  0.977560492120361     
          46           1  0.975802827084773     
          47           1  0.975859249493577     
          48           3  0.975823731043680     
          49           3  0.977550005961303     
          50           3  0.975878640063153     
          51           5  0.942331733215145     
          52           6  0.944818411130275     
          53           7  0.943978027292790     
          54           8  0.941669151581068     
          55          12  0.945314558338088     
          56          13  0.943775809578506     
          57          16  0.943659326193543     
          58          19  0.943811695061304     
          59          20  0.944992698540861     
          60          24  0.945034898249290     
          61          25  0.944193384093771     
          62          29  0.944180608163577     
          63          30  0.945038531205967     
          64          34  0.944992735908070     
          65          35  0.943776100411343     
          66          36  0.943668046195080     
          67          37  0.943799378189136     
          68          38  0.945319406471204     
          69          40  0.941677598740550     
          70          41  0.943977815012285     
          71          42  0.944819672396662     
          72          43  0.942334996814976     
