 -0.218895641448523     
  0.100156599968633     
  9.866112638047042E-003
 -2.160500896979922E-002
 -2.602424150864380E-002
  1.225375274296647E-002
 -1.626060561192233E-002
 -2.563430952798207E-003
 -4.253126827564024E-002
 -3.288119060420946E-002
 -3.441590796911509E-002
 -3.795667958967375E-002
 -1.838548131824602E-003
 -7.685888081282677E-003
  2.688000829802029E-003
 -3.800780094454304E-002
 -3.420918635691184E-002
 -1.469404240662975E-002
 -1.085196284634193E-002
 -3.584801016970740E-002
  9.470759347387503E-003
 -1.149145076476543E-002
 -3.370267967776375E-002
 -3.503413618181561E-002
 -3.530855576390302E-002
 -3.513574432813193E-002
 -1.356094076724368E-002
 -1.346539914377498E-002
 -3.505165866684745E-002
 -3.500902651371973E-002
 -3.449863100215467E-002
 -3.313768818991836E-002
 -1.103283303079028E-002
 -1.062600040592088E-002
 -3.284564624821940E-002
 -3.419194442942697E-002
 -3.506700260375251E-002
 -3.521870245925385E-002
 -1.307818307506459E-002
 -2.166337620175263E-003
 -3.820688349314949E-002
 -3.476342032275781E-002
 -3.301332495218201E-002
 -4.228266305771733E-002
 -2.577678972698116E-003
 -2.616973024393943E-002
 -2.167324596455966E-002
  4.870875223173432E-002
  4.296923103664618E-002
  4.069403695007356E-002
  4.111709323699386E-002
  4.138707437548661E-002
  4.386282004209274E-002
  4.199150849434274E-002
  4.283781586795199E-002
  4.163141226644351E-002
  4.014706215646513E-002
  4.093329042993910E-002
  4.095495145188388E-002
  3.996295056213928E-002
  3.995261973697461E-002
  4.103035381310993E-002
  4.112226913003336E-002
  4.017901817182057E-002
  4.065451481632909E-002
  4.127422801004343E-002
  4.110121161164826E-002
  3.980525081097330E-002
  4.302881145115112E-002
  4.126122133030130E-002
  4.123239906766174E-002
  4.082636101418369E-002
  4.280732773244977E-002
  4.867011042141001E-002
