           2           1  0.954091216375189     
           3           2  0.943007031434703     
           4           2  0.958757349679411     
           5           2  0.927801330096447     
           6           5   1.39473752579552     
           7           6   1.43975887447141     
           8           7   1.38326190422747     
           9           8  0.964430331730010     
          10           9   1.10407468248290     
          11          10   1.02977247333100     
          12          11   1.35558567237979     
          13          12   1.45890568705415     
          14          13   1.36223015786620     
          15          14   1.00923129334414     
          16          15   1.36585361165635     
          17          16   1.45150653663443     
          18          17   1.37627393614311     
          19          18  0.978931532210083     
          20          19   1.05550535267915     
          21          20   1.36963375285687     
          22          21   1.45179731921293     
          23          22   1.39435370911549     
          24          23   1.46027883329310     
          25          20   1.26479788182377     
          25          24   1.35371045530607     
          26          25   1.08785246990469     
          27          26   1.35376093248884     
          28          27   1.46025330006870     
          29          28   1.39434913425747     
          30          29   1.45182712638365     
          31          19   1.05564541865728     
          31          26   1.26472860668085     
          31          30   1.36958916480327     
          32          18   1.37609512453738     
          33          15   1.36572378117997     
          33          32   1.45170872687576     
          34          14   1.35973197957559     
          35          11   1.34969121208523     
          35          34   1.46192391264168     
          36          10   1.56429265922478     
          37          36   1.16930407930984     
          38          37   1.13215258871621     
          39          38   1.30914488147024     
          40          39   1.49934273218832     
          41          40   1.35796318817051     
          42          41   1.49613787077807     
          43          38   1.26593798789401     
          43          42   1.31874293270836     
          44          43   1.10867092257308     
          45          44   1.32534304569115     
          46          45   1.49097123372554     
          47          46   1.35988146400075     
          48          47   1.49786997119095     
          49          44   1.24868266071053     
          49          48   1.30433315971450     
          50           9   1.07791628854520     
          50          37   1.38897780032886     
          50          49   1.15369904125104     
          51           8   1.37681636388552     
          52           5   1.39418543928536     
          52          51   1.43953840695815     
          53           6  0.944261525500255     
          54           7  0.943430276607355     
          55          12  0.942508168651124     
          56          13  0.944431114606376     
          57          16  0.943798426225392     
          58          17  0.944671136944822     
          59          21  0.943691840683038     
          60          22  0.944775618358518     
          61          23  0.945082433856372     
          62          24  0.944716162040029     
          63          27  0.944716221175370     
          64          28  0.945084969302861     
          65          29  0.944769188081151     
          66          30  0.943696704428638     
          67          32  0.944657098463650     
          68          33  0.943639821062082     
          69          34  0.943952861146134     
          70          35  0.944677320207780     
          71          39  0.944902448814536     
          72          40  0.945375490150727     
          73          41  0.945687472898870     
          74          42  0.942141180550009     
          75          45  0.941051067953542     
          76          46  0.945381255062149     
          77          47  0.945085170328837     
          78          48  0.938530452907455     
          79          51  0.943508843875285     
          80          52  0.943893814353450     
