 -3.849450398629806E-002
 -3.562938082360034E-002
 -4.080385900328487E-002
  1.189641978970979E-003
 -1.565688340666860E-002
 -4.382630299599555E-002
 -4.541090521782465E-002
  3.432936049714419E-002
 -9.773699870180952E-002
  3.264918386984927E-002
 -1.184685402750407E-002
 -1.178282004995790E-002
 -5.345995418327121E-002
 -3.545258806467277E-002
 -3.136111883270587E-002
  2.821303233175909E-002
 -0.102258817977631     
  3.168199942511629E-002
 -4.791374077457444E-002
 -3.953721793945597E-002
 -5.084087912786295E-002
 -3.685874111584031E-002
 -3.188028751786831E-002
 -2.008988326876171E-002
 -1.518446085251046E-002
 -5.943894546131023E-002
 -1.897916376464082E-002
 -1.516242919309185E-003
 -4.155139699537180E-002
 -3.418912843598232E-002
 -3.749732675734840E-002
 -3.463938897053520E-002
 -4.323072580327292E-002
 -4.087735957549476E-002
 -2.358549865842274E-002
  3.260046190649257E-002
 -9.756771747760418E-002
  3.459317107542681E-002
 -4.478373818967274E-002
 -4.334092062523798E-002
 -1.540790759242938E-002
  1.236568949585237E-003
 -3.992759756409825E-002
 -3.426869056621040E-002
 -3.858249712168416E-002
 -3.576169950703978E-002
 -4.100959167175144E-002
 -3.874716530840949E-002
 -2.682204851385350E-002
 -5.503565012988254E-002
 -1.784138890858156E-002
 -8.051084585707358E-004
 -4.186558186829092E-002
 -3.480737081235308E-002
 -3.809139317545984E-002
 -3.485543862101448E-002
 -4.222220990735259E-002
 -4.072660977128262E-002
 -2.399158254809208E-002
 -2.665310968392642E-002
 -3.864251098370453E-002
 -4.027254349069320E-002
 -3.437398000324432E-002
  3.656187237711428E-002
  3.719168047609467E-002
  3.610992890420073E-002
  4.285054692048640E-002
  4.061902640906345E-002
  0.147580643661202     
  4.357311870246738E-002
  4.667677225935696E-002
  0.146895191422917     
  3.709171102872433E-002
  4.304147362441268E-002
  3.982707835763044E-002
  4.127578533975840E-002
  4.473031938877170E-002
  3.842672330030228E-002
  3.867214671968844E-002
  3.789657277375480E-002
  3.855936844985741E-002
  3.573764125907153E-002
  4.571543287061819E-002
  0.147796685558892     
  4.079766842437194E-002
  4.291373722078318E-002
  3.596795081878945E-002
  3.765788003540649E-002
  3.653794695167856E-002
  3.716173027549674E-002
  3.601087724449503E-002
  4.247275972343934E-002
  4.412794116437491E-002
  3.664019723885670E-002
  3.842938583179101E-002
  3.775182896307949E-002
  3.850551238100164E-002
  3.804587838940265E-002
  4.565290562571156E-002
  4.254489730699951E-002
  3.578284812800603E-002
  3.761034214770831E-002
