 -8.372531220897628E-002
 -1.120542297909743E-002
 -5.129294878075807E-002
 -5.581825826318809E-002
  3.873964977698341E-002
 -1.751379832011590E-002
 -5.705071949376173E-002
  1.997240342490603E-002
 -4.338446480249836E-003
 -4.419866098710123E-002
 -3.578212966575478E-002
 -3.968461073694751E-002
 -3.589906615161276E-002
 -4.413420378215527E-002
 -9.326946649181878E-004
 -4.391106928352784E-002
 -3.554086100236198E-002
 -3.993663840716977E-002
 -3.553325419765319E-002
 -4.036185262797609E-002
 -1.725948614190465E-002
 -5.681495372956658E-002
 -1.111589891384313E-002
 -8.365676822334045E-002
 -5.120930829793657E-002
 -5.575865271018809E-002
  3.868557189042887E-002
 -0.134541600972550     
  3.992393626734214E-002
  4.135183281461641E-002
  4.007813545814876E-002
  3.854222512295324E-002
  3.703187588864731E-002
  4.007467984500879E-002
  3.916547494238298E-002
  3.784155615723939E-002
  3.741750912194397E-002
  3.774332437926420E-002
  3.891788531080420E-002
  3.948410999660801E-002
  3.853725059014090E-002
  3.762115488237772E-002
  3.822373304397542E-002
  3.752036585814078E-002
  3.998028972214684E-002
  3.979438814896774E-002
  4.037715574223466E-002
  4.128420208415851E-002
  3.852011342283113E-002
  3.709334390927055E-002
  0.133294449221195     
