           2           1   1.42904216232014     
           3           2   1.43559310984465     
           4           3   1.37303694293019     
           5           4   1.32457625464723     
           6           1   1.41606527357229     
           6           5   1.42125088484661     
           7           5  0.972390139479181     
           8           7  0.972175568392875     
           9           8   1.33008055861273     
          10           9   1.37160979972580     
          11          10   1.43321011050422     
          12          11   1.43228204379782     
          13           8   1.37910327576236     
          13          12   1.37689658862656     
          14          13  0.958176852379085     
          15          14   1.39743034916074     
          16          15   1.43318523793585     
          17          16   1.37100146342144     
          18          17   1.32253292412609     
          19          14   1.32593551155699     
          19          18   1.39060075327499     
          20          19  0.957376267360474     
          21          20   1.37715117339563     
          22          21   1.43207707642738     
          23          22   1.43341349357897     
          24          23   1.37147815023687     
          25          20   1.37814548986779     
          25          24   1.33029313430400     
          26          25  0.972366557350392     
          27          26  0.972300260156190     
          28          27   1.42092735521311     
          29          28   1.41631613367972     
          30          29   1.42899100412540     
          31          30   1.43554036486548     
          32          27   1.32499035066254     
          32          31   1.37340714829954     
          33          24   1.03857671543287     
          33          32   1.04174358400996     
          34          18  0.970662049320878     
          35          34  0.972356323262816     
          36          35   1.42060492750247     
          37          36   1.41746308831672     
          38          37   1.42765531305233     
          39          38   1.43727032866906     
          40          35   1.32581582101171     
          40          39   1.37063720478050     
          41          17   1.04376257446670     
          41          40   1.04421326558823     
          42           4   1.04277998216809     
          42           9   1.03855097607458     
          43           1  0.945261998770484     
          44           2  0.944511542116372     
          45           3  0.945594584285098     
          46           6  0.944728226757890     
          47           7  0.944713001007489     
          48           7  0.953280187700875     
          49          10  0.944782154434212     
          50          11  0.942274278511154     
          51          12  0.942531395788195     
          52          15  0.941620197142326     
          53          16  0.943081771084082     
          54          21  0.942632744301298     
          55          22  0.942290319292733     
          56          23  0.944785030704674     
          57          26  0.944392620235630     
          58          26  0.953351758143324     
          59          28  0.944691386335497     
          60          29  0.945261566759604     
          61          30  0.944517776232337     
          62          31  0.945584460271316     
          63          33  0.952626439943165     
          64          34  0.944783155454317     
          65          34  0.953843712693581     
          66          36  0.944848619695756     
          67          37  0.945194843858976     
          68          38  0.944431456332350     
          69          39  0.945585313458878     
          70          41  0.952067792661866     
          71          42  0.952585947427854     
