 -0.214372352224816     
  0.152766318803570     
  2.023488454075739E-003
 -1.470714235456239E-002
 -1.184588765047412E-002
 -1.244229725468760E-002
  1.626026186559937E-003
 -1.042668880158359E-003
  0.408973549724362     
 -0.339100521484516     
 -0.338934373275467     
 -5.446930392850824E-003
  2.017762231900644E-003
 -1.961114447451173E-002
  1.811593396858546E-002
 -1.908852650496229E-004
 -3.491703956740633E-002
 -3.169926222638431E-002
 -9.363782652265140E-002
  0.299958448044066     
 -9.470865719040500E-002
 -3.515205134277188E-002
 -3.346179773406366E-002
 -3.167775984585042E-002
 -3.427765083504841E-002
 -3.544662407660137E-002
 -9.525971052420612E-002
 -3.565071888804816E-002
 -3.439319548466901E-002
 -3.194574873443390E-002
 -3.382287982627386E-002
 -3.508023851039432E-002
 -9.473986638504961E-002
 -3.578950393997715E-002
 -3.424938975341174E-002
 -3.162925920256665E-002
 -3.346505072094352E-002
 -3.471291488434769E-002
 -3.266739981318523E-002
 -3.740360253729680E-002
 -2.213958224176871E-002
  1.929950070551634E-003
  5.453048536732896E-002
  4.840180155391272E-002
  5.221292901579389E-002
  5.366363844125632E-002
  5.562390876049284E-002
  5.262125826214692E-002
  4.155345276764444E-002
  4.216478418242842E-002
  3.881580830662501E-002
  3.903083338004087E-002
  3.897267239616553E-002
  3.861559799683434E-002
  3.839942189908307E-002
  3.839537716541086E-002
  3.864635554310913E-002
  3.890297274851306E-002
  3.882406340577316E-002
  3.899081598197207E-002
  3.802891399657515E-002
  3.859336785389367E-002
  3.894530602840385E-002
  3.891966443191597E-002
  3.905493431782303E-002
  4.206289255314077E-002
  3.940920585361307E-002
  5.482999435126557E-002
