 -6.651921038223207E-002
  9.832074638713539E-002
 -7.857248594879884E-002
  8.285796768406239E-003
 -4.438659333509420E-002
  6.956266398905298E-002
 -9.280327665853072E-002
  3.665206239684116E-002
 -4.455829077196327E-002
 -4.025966483469468E-002
 -4.802176442907680E-002
 -3.637794540849626E-002
 -2.330717558354856E-002
 -2.620925506538629E-002
 -5.824362283797502E-002
  4.283687094481081E-002
 -2.101093250362052E-002
 -5.178483339070183E-002
  2.346931940248576E-002
  2.580890152469051E-002
 -0.102702205444494     
 -0.102453997337611     
 -2.257508178005185E-002
 -4.488950956611060E-002
 -5.327456859315571E-002
 -3.794093123231157E-002
 -5.773824772339697E-002
  5.123696052085203E-002
 -0.119714528702511     
  6.033470745837510E-002
 -2.971824304542903E-002
 -3.057858286366688E-002
 -3.470659795318731E-002
 -3.038725683747412E-002
 -2.935030816199280E-002
 -3.359637530484960E-002
 -1.715961104115404E-002
 -2.164517698342472E-002
  0.226697876174540     
 -0.303395871858951     
 -0.104497545542332     
  4.905781948951260E-002
  4.556857428067840E-002
  4.895617903395144E-002
  4.712351964436123E-002
  3.975964189935033E-002
  4.088229088505835E-002
  4.330823067513878E-002
  4.037757657794216E-002
  4.276276265363232E-002
  4.596942706742957E-002
  4.894458739268193E-002
  3.437643344535291E-002
  3.375794723904046E-002
  3.422716040462792E-002
  3.397225576277174E-002
  3.374969132898054E-002
  3.431480722170699E-002
  4.303886147518965E-002
  3.894855929855012E-002
  4.210516545647469E-002
  3.929336759662150E-002
  3.943618767069279E-002
  4.262800566170066E-002
  3.989824422473354E-002
  4.274277454801900E-002
  3.962112228227077E-002
  4.534046188624674E-002
  5.501213045232600E-002
