 -0.101828541054944     
  2.768076919185525E-002
 -0.101949637384453     
 -0.100282667583805     
 -2.217081916372443E-002
 -4.549241460550579E-002
 -4.204670045489145E-002
  3.379653243946201E-002
 -2.591882203425122E-002
 -4.560575534606670E-002
 -2.525489871328190E-002
 -4.519341068387650E-002
 -2.241092662802835E-002
  2.765685345156488E-002
 -0.101907196767504     
 -0.102021230242278     
 -0.100015655102097     
 -4.693025647014792E-002
 -4.431783777657028E-002
  3.293767010701698E-002
 -9.353307967940605E-002
  7.439128888534663E-002
 -3.512922285387177E-002
 -5.830708449581223E-003
  0.156433954940896     
 -0.214901663038418     
  6.399295143904471E-003
 -3.096213533551584E-002
  2.783580994488810E-002
 -0.178782672739912     
  3.065232822534103E-002
 -2.030691044449817E-002
 -4.677653358570844E-002
  7.234035702803343E-002
 -9.520621469736934E-002
  3.249389216971643E-002
 -4.602700750137334E-002
 -4.628216411397368E-002
 -2.154955268512460E-002
  2.775227687761372E-002
 -0.101721026515631     
 -0.101839025921053     
 -9.997053321426552E-002
 -4.457867570072249E-002
 -2.498644358314550E-002
 -2.550871769699548E-002
 -4.495923147040060E-002
 -2.180112322726835E-002
  2.774583347923443E-002
 -0.100084232212539     
 -0.101914593517691     
 -0.101780062684275     
 -4.582077007841612E-002
 -4.332003391163752E-002
  3.313133736207741E-002
 -3.692557452663880E-002
  3.552923053202173E-002
  3.370439426103977E-002
  3.140609692507501E-002
  3.343863415074777E-002
  3.533001976543826E-002
  3.145706068917742E-002
  3.318126145204692E-002
  3.530007778532107E-002
  3.544126788845925E-002
  4.551100962561827E-002
  4.403981363441745E-002
  4.416171219750875E-002
  4.449010824048238E-002
  3.156285748713672E-002
  3.375606140780874E-002
  3.500839793164312E-002
  3.364733282206223E-002
  3.507553330990421E-002
  3.159178713513333E-002
  3.321053655505779E-002
  3.542440098463595E-002
  3.559131530191750E-002
  4.501003859876251E-002
  4.247589927867579E-002
  5.118747935000678E-002
  4.319795540719407E-002
  5.195930734041332E-002
  5.310507220664462E-002
  4.559955937399363E-002
  4.867658857781509E-002
  4.149713047755543E-002
  4.524924204521619E-002
  3.175793495826584E-002
  3.540127877311483E-002
  3.380184621611526E-002
  3.491898752469080E-002
  3.346384371146927E-002
  3.181173219473443E-002
  3.339697803379216E-002
  3.552899473982662E-002
  3.534830256458599E-002
  4.472254126014252E-002
  4.445101098607518E-002
  3.533181420825848E-002
  3.549554801508015E-002
  3.329422353227851E-002
  3.353905414635638E-002
  3.525804299735713E-002
  3.167033321002477E-002
  3.159879357179984E-002
  3.516955911673980E-002
  3.367424134719765E-002
  4.546981725259613E-002
  4.349966653350701E-002
  4.817475251697201E-002
