           2           1  0.966262747371437     
           3           2  0.966002055137599     
           4           2  0.976669376433993     
           5           2  0.937488708242206     
           6           5   1.35490263732520     
           7           6   1.45782164862259     
           8           7   1.36669793110281     
           9           8   1.26998487115807     
          10           5   1.42685793488576     
          10           9   1.35357658793354     
          11           9   1.08125151191226     
          12          11   1.35405085712958     
          13          12   1.42637361542157     
          14          13  0.937472996828293     
          15          14  0.966021487405519     
          16          14  0.966233172943952     
          17          14  0.976695915061921     
          18          13   1.35528406452166     
          19          18   1.45736214404124     
          20          11   1.26930150462690     
          20          19   1.36679755556699     
          21           8   1.04632125652201     
          21          20   1.04745570460894     
          22          21  0.985448755518388     
          23          22   1.38699442249825     
          24          23   1.36387042411644     
          25          24  0.971672305916172     
          26          25   1.84916285017418     
          27          25  0.950552393407922     
          28          27   1.36564063038029     
          29          28   1.43822839615201     
          30          29   1.42020391789885     
          31          30   1.42134939747496     
          32          27   1.36724345495637     
          32          31   1.43620639234321     
          33          24   1.36653681168982     
          34          33   1.38591394394811     
          35          34  0.985528491407131     
          36          35   1.04720272151977     
          37          36   1.36692612897067     
          38          37   1.45724704111636     
          39          38   1.35538102686395     
          40          39  0.937486370426988     
          41          40  0.966231459226940     
          42          40  0.965972543581336     
          43          40  0.976689469071915     
          44          39   1.42633060899790     
          45          36   1.26943975567671     
          45          44   1.35404763588826     
          46          45   1.08124068393672     
          47          46   1.35365495676987     
          48          47   1.42668912272356     
          49          48  0.937457447337773     
          50          49  0.976695248455691     
          51          49  0.966312581609786     
          52          49  0.965924657988017     
          53          48   1.35518656039814     
          54          53   1.45743292419078     
          55          35   1.04577300894281     
          55          46   1.26996352050328     
          55          54   1.36698549192855     
          56          22   1.37819510522320     
          56          34   1.37946611654093     
          57           1  0.976024344618508     
          58           1  0.978205271112435     
          59           1  0.977944570291057     
          60           3  0.978220102344869     
          61           3  0.976117820088952     
          62           3  0.977966571182035     
          63           4  0.978330196368776     
          64           4  0.977572242045528     
          65           4  0.977658884894255     
          66           6  0.941711046581395     
          67           7  0.941248867440862     
          68          10  0.942231773930756     
          69          12  0.942202140325431     
          70          15  0.977962062803560     
          71          15  0.978193787019312     
          72          15  0.976139864733515     
          73          16  0.978215293568296     
          74          16  0.976089151656461     
          75          16  0.977932289975337     
          76          17  0.978315781342107     
          77          17  0.977653379442928     
          78          17  0.977543326616092     
          79          18  0.941810258984822     
          80          19  0.941580788756040     
          81          23  0.943104513654796     
          82          28  0.944835770335116     
          83          29  0.947429001275309     
          84          31  0.947139319783919     
          85          32  0.946320599883782     
          86          33  0.942015949505528     
          87          37  0.940749991982839     
          88          38  0.941782465559385     
          89          41  0.977921396479106     
          90          41  0.976040188935123     
          91          41  0.978213611444887     
          92          42  0.976181175591427     
          93          42  0.978223677036788     
          94          42  0.977955227898073     
          95          43  0.978295540110724     
          96          43  0.977650192257531     
          97          43  0.977559072867937     
          98          44  0.942179982742955     
          99          47  0.942195025827717     
         100          50  0.977666864385604     
         101          50  0.977538591993381     
         102          50  0.978310188416249     
         103          51  0.978225911857499     
         104          51  0.976049768202270     
         105          51  0.977940915708869     
         106          52  0.977949579792058     
         107          52  0.976158151415084     
         108          52  0.978203177381826     
         109          53  0.941724383609217     
         110          54  0.941220836121475     
         111          56  0.942404035297600     
