           2           1  0.991321691768478     
           3           2   1.41140222252648     
           4           3   1.40211859485497     
           5           4   1.45523348072801     
           6           5   1.35447358146928     
           7           6   1.08085388230955     
           8           7   1.35554484305082     
           9           8   1.45703153292162     
          10           9   1.39986573307788     
          11          10   1.44549935515034     
          12           7   1.27150777154351     
          12          11   1.37717387987376     
          13          12   1.03664847055568     
          14          13  0.995352368185545     
          15          14   1.39746609144287     
          16          15   1.39743205376209     
          17          16  0.995359155108785     
          18          17   1.03669597053731     
          19          18   1.37713468874848     
          20          19   1.44552742350851     
          21          20   1.39984246356322     
          22          21   1.45705025874272     
          23          18   1.27150598861804     
          23          22   1.35552648343493     
          24          23   1.08087280285528     
          25          24   1.35447526787678     
          26          25   1.45523164650888     
          27          26   1.40212382873280     
          28          27   1.41139557517928     
          29          28  0.991318964840473     
          30          17   1.03302586056253     
          30          24   1.27257190348306     
          30          28   1.34211382570164     
          31          16   1.27123634929218     
          32          31   1.05444319393382     
          33          32   2.82435871362529     
          34          31   1.36461342694558     
          35          14   1.27120962440486     
          35          34   1.36458019937794     
          36          35   1.05449312949042     
          37          36   2.82431417627718     
          38           2   1.34210814795951     
          38           6   1.27259727163653     
          38          13   1.03300528992791     
          39           1  0.973195323948414     
          40           1  0.963903575700783     
          41           1  0.975772751607415     
          42           3  0.943082308227231     
          43           4  0.943166554038225     
          44           5  0.943116312212426     
          45           8  0.944584125545159     
          46           9  0.944790349457473     
          47          10  0.944653106580377     
          48          11  0.941801094661353     
          49          15  0.940746679509387     
          50          19  0.941800548355072     
          51          20  0.944653245420884     
          52          21  0.944790932449202     
          53          22  0.944584562799115     
          54          25  0.943115294491065     
          55          26  0.943165895433298     
          56          27  0.943081686153513     
          57          29  0.963901223464383     
          58          29  0.975768923276232     
          59          29  0.973193585612696     
          60          34  0.936950172701504     
