 -4.932337764413930E-002
 -4.006402148517374E-002
 -4.450989804967964E-002
  3.539325351123335E-002
 -2.919304659367672E-002
 -3.694599337895266E-002
 -2.892751286661444E-002
 -3.679557620232377E-002
 -4.928394474563369E-002
 -4.022978295530155E-002
 -4.499084764454064E-002
  3.526229048523666E-002
 -9.321219533356651E-002
  5.187532932448669E-002
 -3.565787077577465E-002
 -3.103965686835153E-002
  4.566058553476005E-002
 -1.389751745288414E-002
 -3.384967736566846E-002
 -1.712219513642133E-002
 -3.189301003541267E-002
 -4.333914889240909E-002
 -3.204084071629953E-002
 -1.921338827415831E-002
 -1.796244341927533E-002
 -3.269407096204802E-002
 -4.414161118235960E-002
 -3.515484037408889E-002
 -3.683164314992382E-002
  4.805312161531416E-002
 -8.161714174289436E-002
  3.495336656349490E-003
  3.986795213644923E-002
  4.303527749850100E-002
  4.069704030744148E-002
  4.187828299499019E-002
  4.197162266575116E-002
  3.992105774168997E-002
  4.298733913507358E-002
  4.026079196424182E-002
  4.878923850360040E-002
  4.835472812936037E-002
  4.608870024270106E-002
  4.635472763928605E-002
  4.344858947436303E-002
  4.603633774335991E-002
  4.298560741999613E-002
  4.150440894858931E-002
  4.505591673665055E-002
  4.095371683817128E-002
