 -2.712241901071977E-002
 -4.196473573953252E-002
 -1.992646494031192E-006
  9.611559475545484E-003
  1.626255379737840E-002
 -0.164255938788902     
  2.140349082786841E-002
  6.690776815932509E-002
 -9.902542931232183E-002
  3.445665773057227E-002
 -4.519084215062819E-002
 -3.931108012712148E-002
 -4.741578316700767E-002
 -3.555055576962030E-002
 -2.736523722187467E-002
 -2.786555570376503E-002
 -3.581555093682542E-002
 -4.722371038615414E-002
 -3.802265468215715E-002
 -4.328185449801403E-002
  3.543288602769135E-002
 -2.411746233818146E-002
 -3.833208530814414E-002
  6.421982464959086E-002
 -9.500941449333222E-002
  3.495982472408299E-002
 -4.484888938187304E-002
 -3.930770594407473E-002
 -4.845121130134533E-002
 -3.643028296996942E-002
 -2.854353560886747E-002
 -2.827257006176787E-002
 -3.636331360750233E-002
 -4.868307967255525E-002
 -3.991923570311240E-002
 -4.492232361371773E-002
  3.518567686977692E-002
 -3.360373556962948E-002
  4.635209423927167E-002
  4.090634160746554E-002
  5.323537299301817E-002
  5.482987136948414E-002
  3.981813042009030E-002
  4.340991183415221E-002
  4.052106861235172E-002
  4.258512885467003E-002
  4.235085286328222E-002
  4.052657035705598E-002
  4.401869773735934E-002
  4.159132993753123E-002
  4.206339939240289E-002
  4.181586889509004E-002
  4.002631507806154E-002
  4.348743360634721E-002
  4.020187317619506E-002
  4.207125585585014E-002
  4.217867532621533E-002
  4.013089962299898E-002
  4.310509372638427E-002
  4.006980630135060E-002
  4.248195164671009E-002
