 -4.913351678407807E-002
 -4.536039859170593E-002
 -4.072342733264556E-002
  2.989501021782326E-002
 -2.055289448740893E-003
 -2.988431053326135E-002
 -0.240924470965182     
  0.135224090555259     
 -5.076052651140817E-002
  0.123054826022634     
 -2.649944645937463E-002
 -1.319389000985627E-002
 -6.100361827936496E-003
 -1.113741823723835E-002
 -4.147770172404641E-002
 -3.472842855213099E-002
  6.711909774143265E-002
 -0.108300088024023     
  6.648802565807976E-002
 -3.667647703329546E-002
 -3.777402388776352E-002
 -4.202088486132549E-002
 -3.418697893047362E-002
 -2.257182803867419E-002
 -2.199118011938417E-002
 -3.816155779689723E-002
  1.760833007183216E-002
 -0.204272627814996     
  4.678452551722012E-002
 -2.653370156558488E-002
 -3.710866249143496E-002
 -3.570759558794467E-002
 -3.179610148322798E-002
  4.887021004507730E-002
 -8.589492573429780E-002
  4.171886064412511E-002
  4.391529597125721E-002
  4.051844055435694E-002
  4.452591266292860E-002
  5.448059905290215E-002
  4.729061370381926E-002
  4.473574053332885E-002
  4.323970346119821E-002
  4.037553208201217E-002
  4.334553990138934E-002
  4.122589131859544E-002
  4.321474441927442E-002
  4.412969782864207E-002
  5.374144772479428E-002
  5.273113478239400E-002
  4.716835111923368E-002
  4.740798476799668E-002
  4.616621398932352E-002
