 -4.370310781013931E-002
 -4.570872354208610E-003
 -3.402572960303551E-003
 -3.384211006775395E-002
 -3.295464189253217E-002
  6.084363774750878E-002
 -9.410133255257236E-002
  3.498610041887451E-002
 -4.492923084335843E-002
 -3.984850123463524E-002
 -4.879503859451173E-002
 -3.646686292794055E-002
 -2.862192374571304E-002
 -2.867455181364598E-002
 -3.645656938003228E-002
 -4.879102309457739E-002
 -3.979381124835868E-002
 -4.474808369902217E-002
  3.506804561612409E-002
 -3.323532437495125E-002
 -3.509251362592902E-002
 -3.288522125114213E-003
 -3.264341675063864E-002
 -3.408565997675872E-002
  5.968985079498124E-002
 -9.427012392776746E-002
  3.502274988786525E-002
 -4.519767335930336E-002
 -4.025531110051972E-002
 -4.890743447653545E-002
 -3.649095878531394E-002
 -2.869752536344272E-002
 -2.877294739961744E-002
 -3.651425073424708E-002
 -4.889440121056943E-002
 -3.986229863988910E-002
 -4.484728108723512E-002
  3.513537509285403E-002
 -3.437472331930191E-002
 -3.495366326983440E-002
  1.818018661146947E-003
 -4.015295133467411E-002
 -3.861604841700750E-002
 -3.940160917613511E-003
 -4.672846692550081E-003
 -3.505515401277037E-002
 -3.408305670323841E-002
  6.020972344487063E-002
 -9.395891260853872E-002
  3.522110777504572E-002
 -4.469959945729407E-002
 -3.999295154421922E-002
 -4.903427853379139E-002
 -3.667607883307156E-002
 -2.882898289028368E-002
 -2.881246328023401E-002
 -3.668816203794467E-002
 -4.899203811833175E-002
 -4.003476781826087E-002
 -4.479404778014295E-002
  3.508360528891608E-002
 -3.380012800808263E-002
 -3.443834945065927E-002
 -3.977650630573581E-002
 -3.970981781600713E-002
  4.447195172828589E-002
  4.490035180155783E-002
  4.274191648216030E-002
  4.007084588065468E-002
  4.314030307590888E-002
  4.013399346591229E-002
  4.210685622610910E-002
  4.209028175538720E-002
  4.013394517797853E-002
  4.317409438319531E-002
  4.023320800866348E-002
  4.257072961772679E-002
  4.416336882431005E-002
  4.490722976012940E-002
  4.249172583221450E-002
  4.025931435365215E-002
  4.285351019202599E-002
  4.014310487544537E-002
  4.207427243568540E-002
  4.203697816562280E-002
  4.009858427303425E-002
  4.316237626022790E-002
  4.011621256851572E-002
  4.220733855106984E-002
  4.334722221427223E-002
  3.718650016923708E-002
  3.964091673465231E-002
  4.352702540493580E-002
  4.213825545251448E-002
  4.036069712724100E-002
  4.309498362753017E-002
  4.002912034794770E-002
  4.202730959289380E-002
  4.203613765964676E-002
  4.004056177719895E-002
  4.310294499611012E-002
  4.033403084637865E-002
  4.226383987586224E-002
  4.370441428564176E-002
  3.948754353507489E-002
  4.115935423593209E-002
