           2           1  0.976766383216492     
           3           2  0.966128933459166     
           4           2  0.966133372878024     
           5           2  0.939618966915575     
           6           5   1.39342197970889     
           7           6   1.44066797774793     
           8           7   1.37537312222423     
           9           8  0.990356619544592     
          10           9   1.02334675569337     
          11          10   1.35240512428476     
          12          11   1.46556071215339     
          13          12   1.35509471701083     
          14          13   1.01632953244999     
          15          14   1.49567905699377     
          16          15   1.27146554983120     
          17          16   1.26970617352330     
          18          17   1.43431799999781     
          19          18   1.09517716033489     
          20          19   1.31628621386819     
          21          20   1.48478743623697     
          22          21   1.31329459963343     
          23          22   1.02389162185921     
          24          23   1.35779693034151     
          25          24   1.44436543845254     
          26          25   1.41886239077379     
          27          26   1.41156695909146     
          28          23   1.35143382984958     
          28          27   1.44985988285553     
          29          22   1.38706638898706     
          30          19   1.26825286733812     
          30          29   1.35447722587430     
          31          30   1.08009252591408     
          32          31   1.35465098508711     
          33          32   1.38693579934474     
          34          33   1.02425666013359     
          35          34   1.35117192537368     
          36          35   1.45011114752487     
          37          36   1.41139252956442     
          38          37   1.41882828460116     
          39          34   1.35771301068858     
          39          38   1.44440189708142     
          40          33   1.31291897118062     
          41          40   1.48525641992504     
          42          31   1.26811718024817     
          42          41   1.31565535528391     
          43          18   1.15060580087011     
          43          42   1.09613027137399     
          44          43   1.43135374891935     
          45          16   1.16590672402231     
          45          44   1.27571180497134     
          46          45   1.26902705862087     
          47          14   1.17232398440369     
          47          46   1.46571305275153     
          48          47   1.05551305831366     
          49          48   2.81884720173054     
          50          13   1.35468019804917     
          51          10   1.35193556185209     
          51          50   1.46631364713326     
          52           9  0.988305951039403     
          53          52   1.37754063170432     
          54          53   1.43972905668134     
          55          54   1.39420297517138     
          56          55  0.939644765373890     
          57          56  0.966127206002795     
          58          56  0.966152885409379     
          59          56  0.976738204839493     
          60          55   1.38092777516217     
          61          52   1.36598452600308     
          61          60   1.45266129176710     
          62           8   1.36694176706096     
          63           5   1.38143238394579     
          63          62   1.45240089550845     
          64           1  0.977576496256647     
          65           1  0.978367025863926     
          66           1  0.977639281921027     
          67           3  0.976170033693813     
          68           3  0.978061095426372     
          69           3  0.978216151552837     
          70           4  0.976206608603272     
          71           4  0.978260393419193     
          72           4  0.978075304211529     
          73           6  0.942855182767280     
          74           7  0.944533571717833     
          75          11  0.943256777643994     
          76          12  0.940845279944189     
          77          15  0.939771807666595     
          78          20  0.940987058309859     
          79          21  0.943326739048062     
          80          24  0.945520246980591     
          81          25  0.947747186034594     
          82          27  0.947827484576838     
          83          28  0.944743999034312     
          84          35  0.944744926317942     
          85          36  0.947835317544439     
          86          38  0.947748361900986     
          87          39  0.945502234345832     
          88          40  0.943292523532838     
          89          41  0.941040215489884     
          90          46  0.939415323233450     
          91          50  0.943654189174795     
          92          51  0.943296485360954     
          93          53  0.944517084536749     
          94          54  0.942899215658825     
          95          57  0.978277006264263     
          96          57  0.978092046144829     
          97          57  0.976183869213356     
          98          58  0.978217158280569     
          99          58  0.976118475217695     
         100          58  0.978076464086251     
         101          59  0.977594025666513     
         102          59  0.977640375117096     
         103          59  0.978387748298943     
         104          60  0.942533500903125     
         105          61  0.944309406805274     
         106          62  0.944455160029188     
         107          63  0.942677727892732     
