           2           1   2.81400942256432     
           3           2   1.06269009044842     
           4           3   1.43644024402122     
           5           4   1.34445770014118     
           6           5   1.47574090050939     
           7           6  0.967136701443640     
           8           7   1.09725454293476     
           9           8   1.01034403238821     
          10           9   1.36473123992138     
          11          10   1.45789677434667     
          12          11   1.32770575701894     
          13          12   1.17598819182107     
          14          13   1.65771695396905     
          15          14   1.17263282255219     
          16          15   1.34002319540956     
          17          16   1.43496199999138     
          18          17   1.43586476565507     
          19          18   1.33883454978460     
          20          19   1.17337836747941     
          21          20   1.65668026688811     
          22           9   1.27967364047166     
          22          21   1.17892224364528     
          23          12   1.22180156636328     
          23          22   1.22765736008689     
          24          15   1.22273211704402     
          24          19   1.22421221128908     
          24          23   1.21697990292372     
          25           8   1.57893803599504     
          26          25   1.16262741213715     
          27          26   1.13851182631488     
          28          27   1.30123363160588     
          29          28   1.51343177090459     
          30          29   1.30269071984835     
          31          30   1.00480859892758     
          32          31   1.36810333392447     
          33          32   1.44979347394912     
          34          33   1.37775927113749     
          35          34  0.977096651137045     
          36          35   1.05682648809009     
          37          36   1.36914807396313     
          38          37   1.45227025506232     
          39          38   1.39395596209152     
          40          39   1.46048823221168     
          41          36   1.26419117609890     
          41          40   1.35361640623021     
          42          41   1.08833592581697     
          43          42   1.35347439804048     
          44          43   1.46053277703772     
          45          44   1.39394078592278     
          46          45   1.45228592860258     
          47          35   1.05664605139610     
          47          42   1.26441376229743     
          47          46   1.36903526618035     
          48          34   1.37655600338928     
          49          31   1.36617189976595     
          49          48   1.45107087550419     
          50          30   1.43016042426180     
          51          27   1.25916839389285     
          51          50   1.33243807201911     
          52          51   1.10283618330137     
          53          52   1.33900210161803     
          54          53   1.42488506703889     
          55          54   1.00634256829874     
          56          55   1.36725534411799     
          57          56   1.45035820222293     
          58          57   1.37720203898790     
          59          58  0.978287058008961     
          60          59   1.05623022431142     
          61          60   1.36945677045955     
          62          61   1.45192878051983     
          63          62   1.39425061390846     
          64          63   1.46028552065438     
          65          60   1.26441715808476     
          65          64   1.35378411215643     
          66          65   1.08803592886032     
          67          66   1.35353696592169     
          68          67   1.46043098121949     
          69          68   1.39419552354783     
          70          69   1.45199859891763     
          71          59   1.05570451934517     
          71          66   1.26478756314992     
          71          70   1.36938309817465     
          72          58   1.37584946982496     
          73          55   1.36524214305348     
          73          72   1.45181895593740     
          74          54   1.30346481327228     
          75          74   1.51285140033734     
          76          52   1.24315777038996     
          76          75   1.29622765382556     
          77           7   1.07853151222865     
          77          26   1.38360235075332     
          77          76   1.15898374488556     
          78           6   1.21309441974342     
          79          78   1.25820210367124     
          80          79   1.55304202429939     
          81          80   1.30894231868850     
          82          81   1.55029382049061     
          83           3   1.18232061678701     
          83          78   1.23091179853331     
          83          82   1.26491405736235     
          84           4  0.940881592195418     
          85           5  0.942348908002751     
          86          10  0.941643945135511     
          87          11  0.942155134456179     
          88          13  0.942277963267914     
          89          14  0.942068493559160     
          90          16  0.944785399248577     
          91          17  0.944808512965150     
          92          18  0.944807519461459     
          93          20  0.941910665319303     
          94          21  0.938140917347009     
          95          28  0.942841864758284     
          96          29  0.943952193462732     
          97          32  0.943727270571953     
          98          33  0.944698797344284     
          99          37  0.943716641296895     
         100          38  0.944773723336074     
         101          39  0.945105770594542     
         102          40  0.944712725076071     
         103          43  0.944717163611488     
         104          44  0.945097314262438     
         105          45  0.944810525666682     
         106          46  0.943613307736084     
         107          48  0.944701969195074     
         108          49  0.943614293999030     
         109          50  0.939772226676125     
         110          53  0.938609771410001     
         111          56  0.943873598355970     
         112          57  0.944647762858862     
         113          61  0.943753223252489     
         114          62  0.944773867789525     
         115          63  0.945084227951895     
         116          64  0.944698394696842     
         117          67  0.944711497016358     
         118          68  0.945070517108362     
         119          69  0.944780365057479     
         120          70  0.943608436267755     
         121          72  0.944631425963457     
         122          73  0.943530205221136     
         123          74  0.943747440282122     
         124          75  0.937296134546633     
         125          79  0.942305305961237     
         126          80  0.945362381934115     
         127          81  0.945309650107394     
         128          82  0.941115271406144     
