           2           1  0.956646911239746     
           3           2  0.948263896639341     
           4           2  0.943306831448052     
           5           4   1.46922180899311     
           6           5   1.24954374941439     
           7           6   1.57600968972988     
           8           7   1.24003672298184     
           9           8   1.26218162786273     
          10           9   1.54782718834375     
          11          10   1.31271678792151     
          12          11   1.54602650916088     
          13           4   1.20933735965153     
          13           8   1.22607876007128     
          13          12   1.25980561345761     
          14           5  0.984162395604555     
          15          14   1.04617639201158     
          16          15   1.34190037716791     
          17          16   1.47421113560182     
          18          17   1.37668286633623     
          19          18   1.48115550123258     
          20          15   1.30271371794097     
          20          19   1.32972170299743     
          21          20   1.02860675929100     
          22          21   1.72655330256928     
          23          21   1.02697436183375     
          24          23   1.33413204434598     
          25          24   1.47231999786728     
          26          25   1.38840556616651     
          27           2  0.941602606376693     
          27          26   1.42342810417353     
          28          14   1.04776984768513     
          28          23   1.29577801815414     
          28          27   1.32037848885270     
          29           1  0.969621923542149     
          30           1  0.975983808401337     
          31           1  0.977466720574027     
          32           3  0.976717016811994     
          33           3  0.975510781241164     
          34           3  0.971549117407407     
          35           6  0.939094627638928     
          36           7  0.939368406345072     
          37           9  0.944027745436244     
          38          10  0.945472092616187     
          39          11  0.945246295399761     
          40          12  0.937990695077315     
          41          16  0.941779165150002     
          42          17  0.944214224183942     
          43          18  0.944298095180123     
          44          19  0.942485770511944     
          45          24  0.941386386769476     
          46          25  0.942370011724929     
          47          26  0.943309080568440     
