 -0.102289513888216     
  2.125640373216120E-002
 -0.101438983126718     
 -1.985282057503213E-002
 -4.290396801190610E-002
 -4.992688990768901E-002
 -3.779085464267062E-002
 -5.887299303329385E-002
  5.105614772656564E-002
 -0.114294898159403     
  7.174315573873491E-002
 -1.684589867511033E-002
  6.994383821820493E-002
 -0.115724928851360     
  5.037642716782642E-002
 -5.908466660064082E-002
 -3.782919684643904E-002
 -5.075610771802452E-002
 -4.379854071429978E-002
 -2.079592411969777E-002
  2.106404334479928E-002
 -0.102311837739734     
 -0.101374892752971     
 -2.096584613492158E-002
 -4.292222294814696E-002
 -4.851846458974762E-002
 -3.441508231067480E-002
 -5.516804982748180E-002
  5.084540419740069E-002
 -1.893089340723897E-002
 -8.443416663621583E-003
  0.425418914762293     
 -0.328789669899327     
 -0.329969879308494     
 -1.377203272375027E-002
 -1.838144146999454E-002
 -3.151695264838850E-002
  4.455417863126510E-002
 -2.194382686849483E-002
 -2.196203134900987E-002
 -2.693277365831737E-002
 -3.412517560317863E-002
 -4.541907161801628E-002
 -3.639035107740884E-002
 -4.157874274136386E-002
  3.704264839935822E-002
 -8.898698278765682E-002
  5.926607375748238E-002
 -3.417124315669806E-002
 -2.830708686165995E-002
 -3.579913444285143E-002
 -2.880901818541304E-002
 -3.717449485377244E-002
 -1.039014137228556E-002
  5.097539335986800E-002
 -5.541953959622958E-002
 -3.469174459296376E-002
 -4.881081689591582E-002
 -4.304422732197111E-002
 -2.067179746693792E-002
  3.360688798059863E-002
  3.392751482916412E-002
  3.400589129935516E-002
  3.363053823500850E-002
  3.484299967787297E-002
  3.412247174773553E-002
  4.375545357079380E-002
  3.921352449432680E-002
  4.389601120511866E-002
  3.834814020029242E-002
  4.947459308957203E-002
  3.890571677767729E-002
  4.573429688984232E-002
  3.990190958212203E-002
  4.339354633408532E-002
  3.365982595811334E-002
  3.426070726440666E-002
  3.415428934765341E-002
  3.414412850826565E-002
  3.333236072697232E-002
  3.427683356617117E-002
  4.350241812309452E-002
  3.973388975225078E-002
  4.332959929669389E-002
  3.874485962087260E-002
  5.117138431023283E-002
  5.677912441027433E-002
  5.159668555711749E-002
  5.215995843497101E-002
  4.499315641508750E-002
  4.154530457085837E-002
  4.431164003754628E-002
  4.185977404258656E-002
  4.005441631801587E-002
  4.350771414622878E-002
  4.043891184516635E-002
  4.325520528110349E-002
  4.174634972618807E-002
  5.466049484821289E-002
  3.853805399527810E-002
  4.320634330266537E-002
  3.958649230027556E-002
  4.346302108932032E-002
