           2           1  0.990158617953729     
           3           2  0.963857332542228     
           4           3   1.40425158878353     
           5           4   1.43009621398735     
           6           5   1.42782093284174     
           7           6   1.43323339971039     
           8           3   1.35327808645676     
           8           7   1.39067287406601     
           9           8  0.959329062158794     
          10           9   1.31473144798034     
          11          10   1.21473549984269     
          12          11   1.59737541847511     
          13          12   1.26470361129287     
          14          13   1.59502188874894     
          15          10   1.17290171811634     
          15          14   1.21022704413543     
          16          15   1.31450929187268     
          17          16  0.959330002293632     
          18          17   1.39063123053205     
          19          18   1.43325985852202     
          20          19   1.42779016763286     
          21          20   1.43013956662144     
          22          17   1.35331755781653     
          22          21   1.40421017024544     
          23          22  0.963877218888438     
          24          23  0.990108887105082     
          25          16   1.31468343523095     
          26          25   1.21473880481489     
          27          26   1.59735419316447     
          28          27   1.26473254505567     
          29          28   1.59491948960682     
          30           9   1.31444448477464     
          30          25   1.17292528750067     
          30          29   1.21010741709302     
          31           1  0.960059443580998     
          32           2  0.960399651243858     
          33           2  0.971297247928718     
          34           4  0.944387838509527     
          35           5  0.945583344997247     
          36           6  0.944700446480471     
          37           7  0.945172767250846     
          38          11  0.941590841584714     
          39          12  0.945537960784953     
          40          13  0.945454623624115     
          41          14  0.940791812579961     
          42          18  0.945171104650167     
          43          19  0.944700902098047     
          44          20  0.945583434983048     
          45          21  0.944393028731554     
          46          23  0.971294958504544     
          47          23  0.960413062699970     
          48          24  0.960393760687805     
          49          26  0.941590842053373     
          50          27  0.945536323022564     
          51          28  0.945451703096950     
          52          29  0.940789681116377     
