           2           1   2.81714280319980     
           3           2   1.05794758334223     
           4           3   1.34520981944210     
           5           4   1.44905947804177     
           6           5   1.41172511411923     
           7           6   1.43872533612827     
           8           3   1.29409206080099     
           8           7   1.38439063036009     
           9           8   1.00320655529789     
          10           9   1.36768507622344     
          11          10   1.45055656555186     
          12          11   1.37563119599912     
          13          12  0.981707367720633     
          14          13   1.05225982474835     
          15          14   1.37058568874471     
          16          15   1.45102622554471     
          17          16   1.39512764226283     
          18          17   1.45949582080908     
          19          14   1.26598075294472     
          19          18   1.35458880976815     
          20          19   1.08458209208247     
          21          20   1.36609804689986     
          22          21   1.39729804134695     
          23          22   1.00321651285221     
          24          23   1.33590704353408     
          25          24   1.46522004115001     
          26          25   1.36200407506905     
          27          26   1.25942238362213     
          28          23   1.39895682039965     
          28          27   1.36469042439759     
          29          27   1.08593626103893     
          30          29   1.35457267707580     
          31          30   1.45972192087922     
          32          31   1.39442914309696     
          33          32   1.45182148294105     
          34          29   1.26399523480912     
          34          33   1.36947596083891     
          35          26   1.05935309405250     
          35          34   1.05648602690802     
          36          35  0.973930185859007     
          37          36   1.38527249473243     
          38          37   1.43700806155563     
          39          38   1.42811418944893     
          40          39   1.42791763584964     
          41          36   1.38503856658373     
          41          40   1.43726098306549     
          42          22   1.33766287858993     
          43          42   1.46314554898853     
          44          13   1.05672483310784     
          44          20   1.25976276843779     
          44          43   1.36385268964029     
          45          12   1.37564147872315     
          46           9   1.36790559671539     
          46          45   1.45090667379321     
          47           4  0.944695379471008     
          48           5  0.945097202964409     
          49           6  0.945775089543184     
          50           7  0.944760065246532     
          51          10  0.941497808784349     
          52          11  0.944324831585816     
          53          15  0.943313100338383     
          54          16  0.944640190331239     
          55          17  0.945045636530289     
          56          18  0.944720303432610     
          57          21  0.943255094472146     
          58          24  0.943154889141502     
          59          25  0.941946140724948     
          60          28  0.943203128731096     
          61          30  0.944695458057405     
          62          31  0.945087254984936     
          63          32  0.944773066812644     
          64          33  0.943629636826023     
          65          37  0.946579255315307     
          66          38  0.945226820348269     
          67          39  0.946264691748795     
          68          40  0.945210880720432     
          69          41  0.946546389508257     
          70          42  0.943098568207703     
          71          43  0.941911950566956     
          72          45  0.944351918566913     
          73          46  0.944020602500291     
