 -3.429028818839086E-002
 -2.825886389541932E-002
 -2.799584669738042E-002
  2.632113088575894E-002
  9.131657248752223E-002
 -0.204515425308851     
  6.582625737800329E-002
  1.189290271690124E-002
 -2.949857958821234E-002
 -2.985741453783319E-002
 -2.712798387962412E-002
 -2.519381602352588E-002
  6.491436297921949E-002
 -9.613198276514900E-002
  3.746677726403069E-002
 -4.676120847162313E-002
 -4.295814239976625E-002
 -4.746780404879569E-002
 -3.343313024557393E-002
 -1.873099201587625E-002
 -2.456196113105769E-002
  6.841860938517774E-002
 -0.102734000522515     
  6.512937598046342E-002
 -3.941570866896260E-002
 -4.344114802631971E-002
 -4.555305282497901E-002
 -3.933736420538470E-002
 -2.201459091547342E-002
 -3.644507403494490E-002
 -3.755561185658074E-002
 -4.616691411652241E-002
  4.074860634304223E-002
 -1.688428189354596E-002
  6.032421223982709E-002
 -1.153748490570905E-002
 -3.060660490008438E-002
 -3.439310603726486E-002
 -3.423009238510843E-002
 -2.124063555359079E-002
 -1.051301258746307E-002
  3.848283131467989E-002
 -0.200693642722973     
 -2.851308472433889E-002
 -2.961811484291754E-002
  3.965657768776731E-002
  3.905922608342671E-002
  4.349415307358340E-002
  4.428850271675033E-002
  4.332128360529908E-002
  4.595859577142447E-002
  4.300838364483728E-002
  3.768666227137718E-002
  4.094150607407221E-002
  3.899718700634147E-002
  4.261323305060027E-002
  3.952621518774402E-002
  4.197377090052934E-002
  4.019074811122980E-002
  4.164273625591464E-002
  4.971309310911565E-002
  4.385665884356127E-002
  4.289851552867141E-002
  4.481098657390037E-002
  4.303602491283165E-002
  4.868922773230477E-002
  4.307696003099304E-002
  3.839507777483442E-002
