 -3.733360110638451E-002
 -2.950932028138631E-002
 -3.478362297874860E-002
  6.199377653256510E-002
 -9.127263325528645E-002
  3.503894862374723E-002
 -4.545443847434072E-002
 -3.996476099539592E-002
 -4.953711279727990E-002
 -4.522546499785562E-002
 -2.849664999808876E-002
 -3.405551453033429E-002
  3.472311405745554E-002
 -5.213059237228101E-002
 -3.681822245653787E-002
 -3.982328105080768E-002
 -2.482801148613500E-002
 -3.796748113849802E-002
 -4.713177877872443E-002
 -4.156421526249421E-002
 -4.561579951331840E-002
  3.204019651732359E-002
 -9.164804841469110E-002
  6.424695661676694E-002
 -2.365380903904768E-002
 -3.745725130157229E-002
  2.509745624187953E-002
  0.103647622990058     
 -0.170826129371941     
 -0.171684865472966     
  0.103592549698375     
  2.499316914058092E-002
 -1.429763075678014E-002
 -1.914515941876882E-002
  6.424486465828538E-002
 -9.105077298559650E-002
  3.245326353754496E-002
 -4.410675560447164E-002
 -4.044788483070239E-002
 -4.702482333652469E-002
 -3.832557864950736E-002
 -2.557932094900650E-002
 -3.934335399064981E-002
 -3.639715294893353E-002
 -5.238749830247524E-002
  3.402497784220015E-002
 -3.479618343042645E-002
 -2.880403503207862E-002
 -4.538443973080408E-002
 -5.093218140886258E-002
 -4.150461582390630E-002
 -4.602928172352705E-002
  3.456023231957994E-002
 -9.189789780673241E-002
  6.164254566695293E-002
 -3.457353196459056E-002
 -2.919507492804563E-002
 -3.707084434091001E-002
 -2.962612739005532E-002
 -3.538276123484430E-002
  3.440638600717350E-002
 -2.173151915735971E-002
 -3.598392556082164E-002
 -9.363943906137973E-002
 -1.282094839409709E-002
 -1.718841677206751E-002
  3.481011450342297E-002
 -3.490138004763210E-002
 -2.962281737669770E-002
  3.990936004609680E-002
  4.285064684989714E-002
  3.977438746163109E-002
  4.062521933929653E-002
  4.317922694674403E-002
  4.051643917542180E-002
  4.461713735762030E-002
  4.639549435298440E-002
  5.153789758235183E-002
  4.184321677836911E-002
  4.057957645804744E-002
  4.295079540615643E-002
  3.985236952485105E-002
  4.523222759300649E-002
  4.682866020700993E-002
  5.793465201396120E-002
  4.748212510537542E-002
  4.114757444921646E-002
  4.348530592825206E-002
  4.059384370713426E-002
  4.159169626093340E-002
  5.177395717888078E-002
  4.640054397616755E-002
  4.620054770216797E-002
  4.078815745416553E-002
  4.299053605573844E-002
  4.070584617058248E-002
  4.033839845095533E-002
  4.308439804697028E-002
  4.006587839254805E-002
  4.281749499908083E-002
  3.940669019993059E-002
  4.563815519644399E-002
  4.670943163357466E-002
  5.789146115247601E-002
  4.785895767316917E-002
  4.004371340030255E-002
  4.281576285085364E-002
