 -8.206751277927360E-002
  4.709232351168602E-003
 -6.865098140080228E-002
  3.299759638587307E-003
 -8.849031714397437E-002
 -9.467174535115319E-002
  0.118752267903602     
 -9.466085798875312E-002
  3.320451175814920E-003
 -8.848752765148227E-002
 -6.862289084973305E-002
  4.751018065523027E-003
 -8.204593326697118E-002
 -6.862117167812265E-002
  3.334717679915666E-003
 -8.851681405141409E-002
 -9.457198564947067E-002
  3.412963680241798E-003
 -8.848857926282339E-002
 -6.857772955052166E-002
  4.820501274269695E-003
 -8.205145432462313E-002
 -6.860338133494626E-002
  3.408467519410152E-003
 -8.843972140175094E-002
  3.303860025074989E-003
 -8.847432847451664E-002
 -6.858886437770462E-002
  4.286196508869222E-002
  3.987296573131116E-002
  4.130188024255277E-002
  3.216958846886764E-002
  3.584045626199917E-002
  4.441304609628727E-002
  4.521410792749092E-002
  3.585744130855850E-002
  4.518575890348953E-002
  4.447266470311007E-002
  3.231954901545797E-002
  4.301148014913925E-002
  4.033680798533101E-002
  4.073579575690156E-002
  3.241650458813949E-002
  4.521260887596779E-002
  4.444679047804068E-002
  3.586259920396628E-002
  4.517647223470034E-002
  3.587200952031888E-002
  4.448532952632456E-002
  3.237997978933449E-002
  4.055294434101409E-002
  4.298972929613853E-002
  4.055199505451046E-002
  3.237605112690078E-002
  3.587725429920097E-002
  4.519551907968522E-002
  4.446148868542144E-002
  4.451803238363428E-002
  4.513145497324511E-002
  3.587868067155398E-002
  3.253960545709256E-002
