 -2.499371726877531E-002
 -2.499143432655160E-002
 -2.247011446232516E-002
  4.620987635367380E-002
 -0.190479888963215     
  5.113534136620901E-002
  1.020497657049901E-002
 -5.337175502350355E-003
 -1.996437127607908E-002
  3.290969396002286E-002
 -0.172725287992034     
  5.797953523371824E-002
  5.797959827801114E-002
 -0.172725126035836     
  3.290966743761325E-002
 -1.996438221106889E-002
 -5.337144906724767E-003
  1.020491483716857E-002
  5.113499018792256E-002
 -0.190480136813727     
  4.620942632157421E-002
 -2.246970465693376E-002
  4.541855242766513E-002
  4.541841618648124E-002
  4.337813210507446E-002
  4.915204549683816E-002
  4.408761721576382E-002
  5.549346919531029E-002
  5.549333116307908E-002
  4.408770340313029E-002
  4.915212261813828E-002
  4.337907405772679E-002
