           2           1   1.76822839959418     
           3           2   1.76856919849019     
           4           2  0.747659429071389     
           5           4   1.41204759444412     
           6           5   1.41933296176834     
           7           6   1.43046431739984     
           8           7   1.43378460024338     
           9           4   1.41483951396308     
           9           8   1.41562985362961     
          10           2  0.750803191342236     
          11          10   1.40745962220817     
          12          11   1.42608479623113     
          13          12   1.38600500396338     
          14          13  0.955604285551140     
          15          14   1.02551271826256     
          16          15   1.35581375509740     
          17          16   1.45020225434020     
          18          17   1.41532276743276     
          19          18   1.43248138734813     
          20          15   1.33379192431962     
          20          19   1.40348925291383     
          21          20  0.926698358866575     
          22          21  0.925894084439777     
          23          22   1.40252899207452     
          24          23   1.43319068956573     
          25          24   1.41506513120201     
          26          25   1.45031840611626     
          27          14   1.02295891147492     
          27          22   1.33516514132572     
          27          26   1.35634134911601     
          28          21  0.926441666609879     
          29          28   1.40350992093841     
          30          29   1.43245567303420     
          31          30   1.41539216969915     
          32          31   1.45008668887897     
          33          28   1.33376867765480     
          33          32   1.35593519614125     
          34          33   1.02533603237867     
          35          34  0.955987901661616     
          36          35   1.38859676802214     
          37          36   1.42323055806200     
          38          37   1.40947766014052     
          39          38  0.750916942631973     
          40          39   1.76856466549204     
          41          39   1.76829594782849     
          42          39  0.747623702318171     
          43          42   1.41472211955738     
          44          43   1.41578394434936     
          45          44   1.43364892345529     
          46          45   1.43058906213547     
          47          42   1.41213551386432     
          47          46   1.41919487806314     
          48          38   1.40715986578982     
          49          35   1.38573223336630     
          49          48   1.42631100927705     
          50          34   1.02289579623177     
          51          50   1.35627851202675     
          52          51   1.45042190578710     
          53          52   1.41497605651202     
          54          53   1.43326451712904     
          55          21  0.926205894100334     
          55          50   1.33527595054222     
          55          54   1.40244306663436     
          56          13   1.38867603269233     
          57          10   1.40936577949715     
          57          56   1.42328599469575     
          58           5  0.946348790132220     
          59           6  0.942688472843937     
          60           7  0.943096445402561     
          61           8  0.942514049002406     
          62           9  0.945185657809853     
          63          11  0.943393096945446     
          64          12  0.941757855214143     
          65          16  0.941318757204154     
          66          17  0.943932500515394     
          67          18  0.944513317735837     
          68          19  0.943741117890896     
          69          23  0.943753309308434     
          70          24  0.944482690161657     
          71          25  0.943788816646380     
          72          26  0.941153297223930     
          73          29  0.943712275069015     
          74          30  0.944495998031477     
          75          31  0.943928365958568     
          76          32  0.941215957500451     
          77          36  0.941632374623092     
          78          37  0.942227521914147     
          79          43  0.945212188003031     
          80          44  0.942532474802593     
          81          45  0.943101246102935     
          82          46  0.942662080073826     
          83          47  0.946310636044171     
          84          48  0.943349186482449     
          85          49  0.941770958002236     
          86          51  0.941196077478031     
          87          52  0.943790026135385     
          88          53  0.944495441157555     
          89          54  0.943771019626698     
          90          56  0.941672799115617     
          91          57  0.942190217912356     
