 -1.392417137000646E-002
 -2.963298447648466E-002
  2.726281763134120E-002
  8.172551471599654E-002
 -0.227405649343368     
 -6.901944217172939E-003
 -2.780631856612104E-002
 -4.581724131071940E-002
 -3.762016770680088E-002
 -4.492957728368907E-002
  2.367951132747503E-002
 -8.448736298884274E-002
 -2.988399032191413E-002
  1.940902321490068E-002
  8.409997126457913E-002
 -0.139528724239627     
 -8.171202578056391E-002
 -0.137421101220298     
  8.753255452029851E-002
  1.440457169032383E-002
 -2.376142579740037E-002
 -1.436333285454250E-002
 -1.294229473662245E-002
  3.368299188767399E-002
  6.636374009367296E-002
 -0.233890450240309     
 -8.224163687823527E-003
 -3.089978705782137E-002
 -5.427883981102877E-002
 -4.294467794467671E-002
 -4.519798061451485E-002
  2.344512091111683E-002
 -9.366638548894368E-002
 -4.747621138609315E-002
  1.471741687053552E-002
  1.817547035044331E-003
 -3.410937123425661E-002
 -1.714688034029876E-002
 -1.756686300624111E-002
  2.797871458906043E-002
  6.533507070154077E-002
 -0.243859313485801     
 -8.720638270064640E-003
 -3.008476906974877E-002
 -5.306520896292799E-002
 -4.487799330240172E-002
 -4.698097166062265E-002
  1.906251097620393E-002
 -0.101151703149256     
 -3.652686497321778E-002
 -1.615427959830384E-002
  4.807378481541213E-002
  4.427371170561745E-002
  4.711173145895386E-002
  4.345347226181162E-002
  4.451103369909248E-002
  3.893729259038625E-002
  0.160191394576797     
  5.111928866824877E-002
  4.992231205733133E-002
  4.783071256452531E-002
  5.324562778689756E-002
  4.234529079570848E-002
  3.954028134221488E-002
  4.180617108324236E-002
  4.740025647110513E-002
  0.159274920886009     
  4.569910357914186E-002
  4.543766692936924E-002
  4.982471617068651E-002
  5.134485971315250E-002
  4.369385477015963E-002
  4.054396980530672E-002
  4.196624940517668E-002
  3.909657264235167E-002
  0.159586130478982     
  4.519222227832631E-002
  5.302195953280919E-002
