 -3.536549116601595E-002
 -2.995721881200364E-002
 -2.815284329035261E-002
  5.901607167243972E-002
 -0.118819119792784     
  5.703525250296160E-002
 -5.117566601328871E-002
 -3.553160454928150E-002
 -4.843738894971406E-002
 -4.351097829487838E-002
 -1.428024590208476E-002
  2.361018457217856E-002
 -1.176587972349452E-002
 -2.515272119492273E-002
 -2.969265245376906E-002
 -2.534863297794843E-002
 -2.129303954847117E-002
  2.729470141794366E-003
  4.624916933239076E-002
 -0.177892227007504     
  3.820560668786444E-002
 -3.196354918435773E-002
  2.860234085949820E-003
 -3.483164280659068E-002
 -3.455067922663346E-002
 -3.356450861191895E-002
 -3.659144631357947E-002
  3.777938592547603E-003
 -3.608940678946215E-002
  3.986686502144154E-002
 -0.179125497705870     
  4.692233399633761E-002
 -1.389641649226725E-002
 -4.304945698197660E-002
 -4.810030006564503E-002
 -3.538007196644521E-002
 -5.018156414084363E-002
  5.607970367140558E-002
 -3.166922582135001E-002
 -3.201664807082594E-002
  3.948145037472361E-002
  4.218544894301157E-002
  4.331422267435503E-002
  4.074515002175028E-002
  4.305674765575318E-002
  4.019736086443682E-002
  4.174983114301944E-002
  4.302334216397408E-002
  4.528805704521310E-002
  4.370653309971051E-002
  4.886992499766640E-002
  4.158405534842280E-002
  3.892410652196965E-002
  4.118597936247437E-002
  4.100169760619399E-002
  3.860466431950316E-002
  4.204708652842892E-002
  4.187781251363687E-002
  4.024240269140777E-002
  4.303247178380776E-002
  4.007896856348792E-002
  3.879213329359399E-002
  4.204384606037581E-002
