 -9.490062505838281E-002
  2.187814295827906E-002
 -9.738138883412262E-002
 -1.526944266343122E-002
 -4.061257162785203E-002
 -3.677966457294257E-002
 -3.063984967165467E-002
 -3.295456159916288E-002
  4.686411479091479E-002
 -0.118452944497922     
  7.184795603910388E-002
 -4.148632468338498E-002
 -2.063423479711890E-002
 -3.065123315755969E-002
 -1.443330096159556E-002
 -4.708392389118288E-002
  0.146516114169444     
 -0.235638394081935     
 -1.327853834505799E-002
 -2.054154782137019E-002
 -2.012988714255570E-002
 -1.911867889095475E-002
 -1.947314518059251E-002
 -1.248425233360884E-002
  0.136503826923956     
 -0.246098440145456     
  4.698234386828748E-002
 -3.541686513472087E-002
 -3.269848508926554E-002
 -3.743260183636821E-002
 -4.036762570337515E-002
 -1.485766139050959E-002
  3.796390921231507E-002
  3.755809782577246E-002
  3.647022441920877E-002
  3.787861009200177E-002
  3.295502473608680E-002
  3.218260616214030E-002
  4.408666983709342E-002
  4.130553437374940E-002
  4.502038014211451E-002
  4.310199493405831E-002
  4.618318783894693E-002
  5.381452872366510E-002
  5.163558025856030E-002
  4.809434655862888E-002
  4.414198339907427E-002
  4.431943156157225E-002
  4.881819473990712E-002
  4.231121029390228E-002
  4.445926303152303E-002
  4.145621994027826E-002
  4.446669228149391E-002
