           2           1  0.973828499577491     
           3           2  0.951260668447861     
           4           2  0.937496321981948     
           5           4   1.40372694497086     
           6           5   1.42677277546409     
           7           6   1.42877664817772     
           8           7   1.42996534265993     
           9           4   1.34341529678831     
           9           8   1.39040990838437     
          10           9  0.969764192717319     
          11          10   1.06807851490368     
          12          11   1.31951753529485     
          13          12   1.47945999818657     
          14          13   1.33759026627325     
          15          14   1.28064713432285     
          16          11   1.33958127921394     
          16          15   1.40218770003174     
          17          15  0.990922703330670     
          18          17   1.79382588262107     
          19          17  0.996574845823441     
          20          19   1.36602257511212     
          21          20   1.43951262577814     
          22          21   1.41259531630073     
          23          22   1.43727056509621     
          24          19   1.30557353989009     
          24          23   1.37095946741356     
          25          14   1.02669297654854     
          25          24  0.987970936144914     
          26          25   1.76648799532381     
          27          10  0.971537207725227     
          28          27   1.38977176934622     
          29          28   1.43044904949850     
          30          29   1.42843303125695     
          31          30   1.42681246998861     
          32           2  0.937802149235357     
          32          27   1.34264980930230     
          32          31   1.40381383564416     
          33           1  0.977402378502716     
          34           1  0.977436786539425     
          35           1  0.978384132059808     
          36           3  0.975421790740442     
          37           3  0.978128105630643     
          38           3  0.978179674843132     
          39           5  0.942913685540538     
          40           6  0.944202356999177     
          41           7  0.943552806931800     
          42           8  0.943730037359560     
          43          12  0.938819252924570     
          44          13  0.940775218324183     
          45          16  0.937224654838159     
          46          20  0.944390959410955     
          47          21  0.945139129759774     
          48          22  0.945230185054583     
          49          23  0.944233494070816     
          50          28  0.943963593126433     
          51          29  0.943641630500759     
          52          30  0.944223558879361     
          53          31  0.942870046445881     
