           2           1  0.989164157695545     
           3           2   1.40462725093971     
           4           3   1.39247224957155     
           5           4  0.990150465888562     
           6           4   1.36047853423765     
           7           6  0.919482770972396     
           8           7  0.920914749182452     
           9           8   1.37034837706513     
          10           9   1.44330247145213     
          11          10   1.41618880826245     
          12          11   1.43122054299842     
          13           8   1.33938712212669     
          13          12   1.39412248862495     
          14          13  0.960730353094878     
          15          14   1.06161902533880     
          16          15   1.36540461353983     
          17          16   1.45199078106460     
          18          17   1.39291182447548     
          19          18   1.46057461245772     
          20          15   1.26155188092251     
          20          19   1.35305707477225     
          21          20   1.09077205823772     
          22          21   1.35426685790785     
          23          22   1.45948863159555     
          24          23   1.39418416185292     
          25          24   1.44932886174429     
          26          14   1.06308365487856     
          26          21   1.25959512002228     
          26          25   1.36745713260214     
          27           7  0.913707623270956     
          28          27   1.33740861270410     
          29          28  0.991396351639971     
          30          28   1.41858571901872     
          31          30   1.37805414164267     
          32          31  0.989097598296684     
          33          31   1.40480577627572     
          34          27   1.36224911147979     
          34          33   1.39141266154878     
          35          34  0.990660630566079     
          36           6   1.33749796479079     
          37          36  0.990858095718846     
          38           2   1.37800026482039     
          38          36   1.41871936663811     
          39           1  0.978106661410753     
          40           1  0.969075577135080     
          41           1  0.974788147083471     
          42           3  0.940855357833593     
          43           5  0.969892007388409     
          44           5  0.970875052750355     
          45           5  0.967436550346551     
          46           9  0.941789231469081     
          47          10  0.942921531002428     
          48          11  0.943030536445885     
          49          12  0.943453558917278     
          50          16  0.943485703446944     
          51          17  0.944968901381382     
          52          18  0.945247917247364     
          53          19  0.944760607402002     
          54          22  0.944800145716959     
          55          23  0.945229177157400     
          56          24  0.944942071191428     
          57          25  0.941583708117340     
          58          29  0.969590043913767     
          59          29  0.977967056601379     
          60          29  0.965818615156099     
          61          30  0.940735641391328     
          62          32  0.973492545071895     
          63          32  0.969675536256172     
          64          32  0.978510017148335     
          65          33  0.940707185526518     
          66          35  0.975715176552659     
          67          35  0.966490796271949     
          68          35  0.965683804045440     
          69          37  0.977977398110692     
          70          37  0.965395973357070     
          71          37  0.967608795084365     
          72          38  0.940813424621285     
