           2           1   1.75497615888570     
           3           2   1.76074484879265     
           4           2  0.735470417313725     
           5           4   1.40519884184643     
           6           5   1.40589474894309     
           7           6   1.43352361362346     
           8           7   1.41897854233777     
           9           4   1.40250425013803     
           9           8   1.42350570170303     
          10           2  0.730459717671245     
          11          10   1.41564503407026     
          12          11   1.36004748643498     
          13          12  0.973690178990715     
          14          13   1.00193225478851     
          15          14   1.39208004731889     
          16          15   1.41786801051724     
          17          16   1.43961027417089     
          18          17   1.41392030635340     
          19          14   1.30717798830932     
          19          18   1.40813421508089     
          20          19   1.00790927234120     
          21          20   1.00832662819947     
          22          21   1.40857682912112     
          23          22   1.41338431406393     
          24          23   1.43991417163562     
          25          24   1.41772296680207     
          26          13   1.00343955111250     
          26          21   1.30608249156883     
          26          25   1.39188243581793     
          27          12   1.39006840316225     
          28          27   1.39064561817857     
          29          28  0.971813920623931     
          30          29   1.00334556727155     
          31          30   1.39208693556074     
          32          31   1.41755391965697     
          33          32   1.44022643011299     
          34          33   1.41303054668711     
          35          30   1.30620761164694     
          35          34   1.40908427212553     
          36          35   1.00743083517604     
          37          36   1.00882696166633     
          38          37   1.40864618810801     
          39          38   1.41333664049529     
          40          39   1.43995436195515     
          41          40   1.41746805175237     
          42          29   1.00374467636692     
          42          37   1.30601557069321     
          42          41   1.39196304903513     
          43          10   1.41444255803769     
          43          28   1.36140882488545     
          44           5  0.943050974166773     
          45           6  0.943364851375515     
          46           7  0.944951150023381     
          47           9  0.947444680664416     
          48          11  0.942431026104684     
          49          15  0.940932557875660     
          50          16  0.943649986228513     
          51          17  0.944326285917780     
          52          18  0.945572697958570     
          53          22  0.945594483734931     
          54          23  0.944395114977273     
          55          24  0.943857812019244     
          56          25  0.940317382977217     
          57          27  0.941612113370286     
          58          31  0.940372453178493     
          59          32  0.943820354752025     
          60          33  0.944384421762870     
          61          34  0.945600795619012     
          62          38  0.945544992718925     
          63          39  0.944379041035348     
          64          40  0.943958880746243     
          65          41  0.941120118991368     
          66          43  0.942958928110533     
