 -0.176710914421578     
  9.391501686749892E-002
 -4.551948629995728E-002
 -3.514479780809676E-002
  3.163837744981723E-002
 -6.575578453905262E-002
 -4.995285861402188E-002
 -1.008240781066938E-002
  7.140423847756017E-002
 -0.221010909470481     
 -7.605636122985260E-003
  1.984250985377800E-002
 -4.165042814203979E-002
 -4.720159494161091E-002
 -1.635104956045819E-002
 -4.076657797583039E-003
 -4.493244450966394E-002
 -3.835881759326831E-002
 -3.754589938913622E-002
 -4.119774878242755E-002
 -3.853506899623937E-003
 -4.161328284878252E-002
 -2.665901723004627E-002
  7.042578880125383E-003
 -8.426007466135577E-002
  0.175777530623374     
  4.561903123100441E-002
  5.225184201476918E-002
  4.770986838706037E-002
  4.277701636295950E-002
  4.874672057299045E-002
  4.058083527032197E-002
  3.937942266900007E-002
  3.913351010583532E-002
  3.748638103111679E-002
  4.049096950047326E-002
  4.587878038655047E-002
  0.159808687758642     
