           2           1   1.11310015928668     
           3           2   1.35283935323478     
           4           3   1.45959564676177     
           5           4   1.36329245405212     
           6           5  0.995597049846296     
           7           5   1.42422292963549     
           8           2   1.26080879852986     
           8           7   1.35034216414288     
           9           8   1.07520340052448     
          10           9   1.49912173971472     
          11          10   1.15952263810875     
          12          11   1.29549104663724     
          13          12   1.30150823240433     
          14          13   1.52268091222981     
          15          14   1.27783527557348     
          16          15   1.13463666367938     
          17          16   1.30353308022599     
          18          17   1.51281055856179     
          19          18   1.34166801511387     
          20          19   1.51898383246620     
          21          16   1.25394512050839     
          21          20   1.28935526197267     
          22          21   1.18966773815568     
          23          22   1.63464901365043     
          24          11   1.22106836524989     
          24          15   1.27327287018049     
          24          23   1.19889813516059     
          25           9   1.15367937621630     
          25          12   1.09673816538635     
          26           1  0.872837654654089     
          27           3  0.943437563664095     
          28           4  0.941635242973418     
          29           7  0.940266935444799     
          30          13  0.942932002504915     
          31          14  0.938588144934688     
          32          17  0.942681460601777     
          33          18  0.946006568416298     
          34          19  0.946059822394074     
          35          20  0.944763893529492     
          36          22  0.941961322947460     
          37          23  0.942767619900978     
          38          25  0.947453728583877     
