           2           1   1.39914486604665     
           3           2   1.45458716317082     
           4           3   1.35844487564850     
           5           4   1.25697930350610     
           6           1   1.44583917242842     
           6           5   1.37263306429793     
           7           5   1.08480399318612     
           8           7   1.09381517867378     
           9           8   1.38597632579998     
          10           9   1.38597719304493     
          11          10   1.09381564999626     
          12          11   1.08480415644658     
          13          12   1.37263633565227     
          14          13   1.44583577953442     
          15          14   1.39914787060601     
          16          15   1.45458405915465     
          17          12   1.25697645597441     
          17          16   1.35844846309408     
          18          10   1.22880284715999     
          18          17   1.08757779431416     
          19          18   1.38202569251291     
          20           4   1.08757891246136     
          20           8   1.22880382606156     
          20          19   1.38202331870483     
          21           1  0.945181504777564     
          22           2  0.945298776883108     
          23           3  0.945294524347083     
          24           6  0.945731881427384     
          25           7  0.954933148416776     
          26           9  0.943512782982402     
          27          11  0.954933015554159     
          28          13  0.945731890918305     
          29          14  0.945181577034849     
          30          15  0.945298786683370     
          31          16  0.945294406807576     
          32          19  0.942049026519436     
