           2           1  0.986377988871780     
           3           2  0.985652434241984     
           4           3   1.40243766627721     
           5           4  0.985746327675777     
           6           5  0.986383015679179     
           7           4   1.24216281837240     
           8           7   1.21314227327537     
           9           8   1.56150895588855     
          10           9  0.973679156975183     
          11          10  0.973865072959877     
          12          11   1.56151807582935     
          13          12   1.21192686180503     
          14          13   1.22364715503367     
          15          14   1.22348980745034     
          16          15   1.21283295202287     
          17          16   1.56192069263511     
          18          17  0.973523018055713     
          19          18  0.973815477479962     
          20          19   1.56150000192913     
          21           3   1.24223242375829     
          21          20   1.21205512704491     
          22           7   1.22323387581833     
          22          21   1.22375018042343     
          23          19   1.12263027595428     
          24          23  0.980440701644994     
          25          24  0.989010347837030     
          26          17   1.12041574066520     
          26          23   1.55763664923091     
          27          26  0.980434840796813     
          28          27  0.986597454636705     
          29          15   1.24230865597891     
          30          29  0.985742503090978     
          31          30  0.986363040256919     
          32          13   1.24246563105216     
          32          29   1.40228859930793     
          33          32  0.985634451071541     
          34          33  0.986396602336538     
          35          11   1.12278168261980     
          36          35  0.980430887110370     
          37          36  0.989006635903988     
          38           9   1.12053956275494     
          38          35   1.55746701444867     
          39          38  0.980436910347372     
          40          39  0.986584604008069     
          41          14  0.327213702974007     
          41          22  0.327430812160895     
          42           1  0.978807955151506     
          43           1  0.983089982349713     
          44           1  0.983719545565720     
          45           2  0.965088406696219     
          46           2  0.963476113696724     
          47           5  0.963598047080977     
          48           5  0.965049207270646     
          49           6  0.983707438846557     
          50           6  0.983192580614859     
          51           6  0.978796355481244     
          52           8  0.925238358564815     
          53          10  0.932922517666189     
          54          12  0.925628741915836     
          55          16  0.925265959662395     
          56          18  0.932920450552997     
          57          20  0.925610596888192     
          58          24  0.961969476274843     
          59          24  0.964451619995624     
          60          25  0.978815450397017     
          61          25  0.984452835303220     
          62          25  0.983450597649158     
          63          27  0.964669909071740     
          64          27  0.963409043227837     
          65          28  0.984128384001076     
          66          28  0.978637563094551     
          67          28  0.983360855424180     
          68          30  0.965031660360380     
          69          30  0.963640158523880     
          70          31  0.983200041975343     
          71          31  0.983705021866397     
          72          31  0.978793284159237     
          73          33  0.963469733612843     
          74          33  0.965117494526980     
          75          34  0.983067383117214     
          76          34  0.983719204333250     
          77          34  0.978811635417795     
          78          36  0.964458804957997     
          79          36  0.961987653893661     
          80          37  0.978814745705932     
          81          37  0.984455621205561     
          82          37  0.983429799568245     
          83          39  0.964681372896658     
          84          39  0.963410177715602     
          85          40  0.984123698993273     
          86          40  0.978635068426661     
          87          40  0.983360152772504     
