 -0.222333084166553     
  9.763868091116423E-002
  9.501819744238915E-003
 -2.563550604693088E-002
  1.352997721749016E-003
 -3.052628351209741E-002
 -3.918601677911671E-002
  2.910730149767327E-002
  5.777896326494725E-002
 -0.231341318106222     
 -1.629508186875750E-002
  1.955451137687403E-002
 -4.372402247745466E-002
 -3.741453934659589E-002
 -4.231228828580669E-002
 -3.515756070648823E-002
 -3.085307971352158E-002
  3.775786503150691E-004
  9.900502524334165E-003
 -3.088548306032646E-002
 -3.024083311007697E-002
 -3.713239112832944E-002
 -3.291998137059071E-002
 -4.438785173481907E-002
 -7.574891776827286E-002
 -1.731961273664862E-002
 -2.863564334014690E-002
  6.779417260993625E-005
 -3.200170255347956E-002
 -2.914631077614249E-002
 -3.086549147067164E-002
 -3.198621564521797E-002
 -3.986447954666072E-002
  5.121102001635758E-002
  5.117146453079613E-002
  4.194881194632027E-002
  3.727524046144226E-002
  3.778963692800796E-002
  3.683176410559230E-002
  3.838121658198435E-002
  4.064526647735378E-002
  4.241432139400714E-002
  4.117424175229112E-002
  3.914836605588723E-002
  3.974072179757970E-002
  3.569735544542763E-002
  0.163420632110641     
  5.145801531716154E-002
  4.224420204033241E-002
  4.200849210286117E-002
  4.118527363678992E-002
  3.947605993829151E-002
  3.979323302364157E-002
  3.761820972425101E-002
