 -0.347093664016790     
  0.414232112260802     
 -0.342339361095250     
  2.225100158567361E-003
 -1.890235783924510E-002
 -2.150883673237214E-002
 -1.968837858996153E-002
 -2.216153489909001E-002
 -1.526547667744005E-002
  4.202379061907013E-003
 -5.626648991258421E-003
 -1.200237322744258E-002
 -1.606359123755752E-002
  3.454611856629208E-002
  0.117716213202903     
 -0.215182165381216     
  0.118058512930762     
  3.479059962018294E-002
 -1.377050965459592E-002
 -9.567481970162994E-003
 -3.932578861292058E-003
  8.517774125941457E-003
  0.411144776625112     
 -0.347217155404794     
 -0.341997022226971     
  4.277388038140373E-003
 -2.343117116453985E-002
 -1.804512778051137E-002
 -1.205347652425548E-002
 -1.628179379367545E-002
 -9.569118463610415E-003
 -1.026088221639654E-002
 -0.211019115845032     
  0.117437709363750     
  3.463055049383179E-002
 -1.405741947914230E-002
 -9.100011098988503E-003
 -1.721314406959884E-003
  6.583554032470129E-003
  0.414238972762602     
 -0.341823304404865     
 -0.341434719079047     
  5.811877028748746E-003
 -1.202374353932889E-002
 -2.024387497104652E-002
 -2.208755830571096E-002
 -2.212993132464369E-002
 -1.000922580259633E-002
 -1.789394026499203E-002
 -0.215738856963862     
 -1.252378559587619E-002
  4.927419064123784E-002
  5.681212864579865E-002
  4.600231615659045E-002
  4.659070806021348E-002
  4.703871433103723E-002
  5.521724522989169E-002
  5.112441565453596E-002
  5.320869985519239E-002
  5.329057485398359E-002
  5.263265175607434E-002
  5.656379151532920E-002
  4.251325865949296E-002
  4.769796742148369E-002
  4.986962836657105E-002
  4.817066141971860E-002
  4.906868791939867E-002
  5.396935427792593E-002
  5.314457127631977E-002
  5.217640160627368E-002
  5.580176549227789E-002
  4.809628763255547E-002
  4.764773613587991E-002
  4.459741457704181E-002
  4.669505398649376E-002
  5.006825942693760E-002
  5.265406604707767E-002
  5.542731861312422E-002
