 -0.332254540518966     
  0.182453980680744     
 -0.109343410613368     
  1.172921149063422E-002
 -7.089331233680785E-002
 -5.840357253704820E-002
  0.124519100244698     
 -5.374766754941707E-002
  9.370943459383607E-003
 -2.427272722542462E-002
 -3.522111132777894E-003
  0.182454122361824     
 -0.332254364070122     
 -0.109343254642777     
  1.172908463106070E-002
 -7.089332967401152E-002
 -5.840341668751314E-002
  0.124519251402836     
 -5.374792778320092E-002
  9.370885868302370E-003
 -2.427269715655633E-002
 -3.521988877515092E-003
  0.158552233702270     
  5.124366929439139E-002
  6.292926281946964E-002
  5.163877043820997E-002
  0.158552217438606     
  5.124365779363549E-002
  6.292919208799086E-002
  5.163873709146904E-002
