 -3.089569833064143E-002
 -2.579120496531839E-002
 -2.470543004996895E-002
  6.697249727959376E-002
 -8.062234278266356E-002
  7.226673144907236E-002
  1.954804213236017E-003
 -6.054131392436268E-002
 -6.171363962452059E-002
 -3.168329763182776E-002
 -2.525909347443456E-002
 -8.565095501294362E-002
 -6.627816183408530E-002
 -6.917032598728046E-002
  0.110234952400113     
  9.626999229595867E-002
 -0.229371140261524     
 -9.838848577378378E-003
  1.337971289631845E-002
 -2.834575540699014E-002
 -3.642322411694643E-002
 -4.160722487375068E-002
 -4.477524150310153E-002
 -1.245744352825717E-002
 -3.655754087010799E-003
 -4.104204920678178E-002
 -4.179959225343399E-002
 -3.822590707535767E-002
 -4.837678072900697E-002
  4.341354266669928E-003
  1.157921160430675E-002
 -2.485124038765285E-002
 -2.578289602195216E-002
  4.143652496753147E-002
  4.469637175614560E-002
  4.215260600072557E-002
  6.115122335585599E-002
  5.152393956216328E-002
  4.806860594871920E-002
  4.925780849228012E-002
  5.774004212751394E-002
  4.389870043521282E-002
  4.009921167102937E-002
  3.870918290429559E-002
  4.126186259125775E-002
  4.405716672680682E-002
  3.963855830837448E-002
  3.997897511527670E-002
  4.137682123503539E-002
  4.211710842793759E-002
  4.470059561570627E-002
