 -0.343321801347270     
  0.417636864661004     
 -0.349450822221149     
 -1.124442984221030E-002
 -7.033351482318650E-003
 -3.378586243280512E-002
 -2.277777322133545E-002
 -4.472926631796348E-002
  6.795377996739038E-002
 -0.113182664516572     
  5.552205668928822E-002
 -2.612460208783496E-002
 -2.575000429408902E-002
 -2.957312256952971E-002
 -2.759863453006339E-002
 -2.997815938467507E-002
  7.045147469370461E-002
 -4.668115202404799E-002
  6.680410603216025E-002
 -0.126878902481904     
  4.633822150730449E-002
 -5.834620227409637E-002
 -3.961001660934826E-002
 -4.687841979938057E-002
 -4.221195212215090E-002
 -5.720241021371919E-003
 -6.737927482287631E-003
 -5.709445292131576E-003
 -4.234839084346032E-002
 -4.822521423147208E-002
 -4.203948430768989E-002
 -6.212510400815141E-002
  4.797162320367532E-002
 -3.026085760557873E-002
 -4.104846527922312E-003
 -1.684021779347766E-002
  5.560961155795274E-002
  4.838212737042746E-002
  4.890550336025845E-002
  4.725302988686808E-002
  4.183819567614222E-002
  4.502788336483377E-002
  4.180576464231178E-002
  4.440396015329362E-002
  3.936707839283426E-002
  4.871762307916672E-002
  4.119546072173685E-002
  4.390191450749303E-002
  4.254112547814326E-002
  4.416368855963204E-002
  4.440366030355269E-002
  4.237755540404786E-002
  4.259375045868130E-002
  3.998646182323329E-002
  5.080437637087265E-002
  6.331197080629325E-002
