 -0.101938243804716     
  2.090823199781200E-002
 -0.102345723399516     
 -2.159885155214880E-002
 -4.382120780652521E-002
 -4.971809570845842E-002
 -3.595879586746431E-002
 -5.712076291439239E-002
  4.967688442863327E-002
 -0.117652472464847     
  7.146679244693921E-002
 -1.699937731085299E-002
 -2.800103972930401E-003
 -7.555262422672016E-003
  4.938326887758748E-003
 -3.333546950335275E-002
  2.939250247701741E-002
 -9.407956437268705E-002
 -0.103901260179796     
  4.930534051919455E-003
 -3.335991994489085E-002
  7.146061972366979E-002
 -0.117631992957843     
  4.983459823534631E-002
 -5.903618852971704E-002
 -3.740687207106230E-002
 -5.015472891440353E-002
 -4.357369935455324E-002
 -2.104723755055726E-002
  2.090672460070664E-002
 -0.101947264810642     
 -0.102336365934302     
 -2.159829179138573E-002
 -4.382708194226570E-002
 -4.971244592597213E-002
 -3.595515686467365E-002
 -5.712631102102073E-002
  4.967562663224667E-002
 -1.699502888509929E-002
 -2.806151439152416E-003
 -7.534525822564753E-003
  0.420837869639869     
 -0.342030823116869     
 -0.328951108559020     
  4.983402374949675E-002
 -5.904820844407599E-002
 -3.740325200714967E-002
 -5.014984961717772E-002
 -4.357392327159904E-002
 -2.104212408557071E-002
  3.434543572125637E-002
  3.389868532622797E-002
  3.363382497264034E-002
  3.385514961390368E-002
  3.377539463596679E-002
  3.408893999897378E-002
  4.354986785720194E-002
  3.960243294481058E-002
  4.312792045242575E-002
  3.942196700572076E-002
  5.160932957403841E-002
  5.986275044940237E-002
  5.188864917986313E-002
  4.117660054887640E-002
  3.784365595671280E-002
  4.119040537673158E-002
  3.357728443439700E-002
  4.793412139884046E-002
  3.356324496400698E-002
  5.187979560492484E-002
  3.879483580857335E-002
  4.218198054780575E-002
  3.953928619350555E-002
  4.377082488898298E-002
  3.390161215556942E-002
  3.434678981067929E-002
  3.363162996072766E-002
  3.377481098029333E-002
  3.408920096392987E-002
  3.385402781097657E-002
  4.354874186432534E-002
  3.960301042455683E-002
  4.313311264059827E-002
  3.944536180518332E-002
  5.161425104350026E-002
  5.986243269455638E-002
  3.880212002980810E-002
  4.218206515832212E-002
  3.953904867108304E-002
  4.377040980058133E-002
