 -3.208851900261234E-002
 -4.061302031709690E-002
 -3.566487222892434E-004
 -4.688304513048358E-003
 -3.453981481392177E-002
 -3.391961715732261E-002
  6.009466861778900E-002
 -9.396004658048440E-002
  3.526350495762287E-002
 -4.464387957497706E-002
 -3.998122651668012E-002
 -4.909049130841048E-002
 -3.675102427031973E-002
 -2.884249897068880E-002
 -2.882698437693687E-002
 -3.674033854956882E-002
 -4.912248977050115E-002
 -4.008432918387506E-002
 -4.471757393851927E-002
  3.517678481634334E-002
 -3.363230581172250E-002
 -3.414263557813513E-002
 -4.432021088368465E-002
  7.117464257295758E-004
 -1.658260599561423E-003
 -3.859815149631540E-002
 -4.123392341411858E-002
 -5.136567977947593E-003
 -3.862100907921828E-003
 -4.271737828379596E-002
 -3.504962363368236E-002
 -3.502518855142522E-002
 -4.260699151536507E-002
 -4.385297843396252E-003
 -4.412559261308679E-003
 -4.265000432803134E-002
 -3.508153989033769E-002
 -3.497663234051984E-002
 -4.273415704629446E-002
 -3.748827321831349E-003
 -2.872941521801842E-003
 -4.778502043309896E-002
 -3.976064838152560E-002
  4.148556878229270E-002
  3.887349883988200E-002
  4.361748365004292E-002
  4.220066999226846E-002
  4.033288375227784E-002
  4.309221040540334E-002
  4.000022680709392E-002
  4.196467273894000E-002
  4.198732256171223E-002
  4.000380259033953E-002
  4.302439783388234E-002
  4.024952966502504E-002
  4.233770902655243E-002
  4.430668609094901E-002
  3.806519495036653E-002
  4.092937952046327E-002
  4.569762195584859E-002
  4.290544135984675E-002
  4.004213979686677E-002
  4.002537880246526E-002
  4.311031727212089E-002
  4.313789450623218E-002
  4.003695199610224E-002
  4.011077883586356E-002
  4.337027625881151E-002
  4.408669438222801E-002
  3.911633739768916E-002
