 -3.278953562289288E-002
 -2.871988500163614E-002
 -3.837589303345457E-002
  2.652674927778076E-002
  7.750724489997074E-002
 -0.222621898666390     
 -9.835101530963897E-005
 -2.630871376548782E-002
 -4.989874693766350E-002
 -4.221471249104347E-002
 -4.632734987407794E-002
  2.486526178801318E-002
 -9.154061231726729E-002
  6.305501716639927E-002
 -3.293530050034565E-002
 -3.069886546809464E-002
  1.244195299319628E-003
 -1.268156853072622E-002
 -2.232449572398210E-003
 -4.039304787058118E-002
 -3.337801012217412E-002
 -3.337338925110700E-002
 -4.037681638067436E-002
 -2.231015442611728E-003
 -1.267922288614276E-002
  1.235176212316613E-003
 -3.070151409120481E-002
 -3.295331660168088E-002
  6.305429719202493E-002
 -9.152835939286419E-002
  7.749767760802362E-002
  2.653342039297790E-002
 -2.108637411717584E-002
 -2.441675748455552E-002
 -3.279136006050276E-002
 -2.872003826697256E-002
 -3.838028887292477E-002
 -0.222610272061513     
 -9.572580253891516E-005
 -2.630632895796214E-002
 -4.989518953258099E-002
 -4.221166289418665E-002
 -4.632521262024891E-002
  2.487395344698484E-002
 -3.207356835009634E-002
 -3.060457137276096E-002
 -2.866977767287615E-003
 -4.105665602261599E-002
 -3.468629249395683E-002
 -3.468437144629455E-002
 -4.105102880286182E-002
 -2.863274517758363E-003
 -3.060208500928940E-002
 -3.206496015000759E-002
 -2.108532074424563E-002
 -2.442043447152464E-002
  4.086517786416388E-002
  4.045053399539866E-002
  4.207695771559805E-002
  4.486724926902885E-002
  4.146729265412397E-002
  4.285871109644579E-002
  3.968763740682579E-002
  4.393132040556103E-002
  4.519797234658185E-002
  4.175820836004462E-002
  4.126397359033207E-002
  4.126421607508279E-002
  4.174750588697351E-002
  4.519301561561284E-002
  4.392924189807645E-002
  4.625268050571285E-002
  4.243348244707956E-002
  4.086576712684920E-002
  4.044999670621574E-002
  4.207504848107912E-002
  4.486790112570749E-002
  4.146824659338355E-002
  4.285890197401010E-002
  3.969257619074484E-002
  4.384901253804541E-002
  4.528702255138850E-002
  4.181419676935272E-002
  4.072631967214602E-002
  4.072714036238256E-002
  4.180823483214502E-002
  4.529154974267124E-002
  4.384665123426268E-002
  4.625674952836378E-002
  4.243384081051771E-002
