           2           1  0.953233338056483     
           3           2  0.953444733578253     
           4           2  0.946985195582602     
           5           4   1.40222384942049     
           6           5   1.43133803330383     
           7           6   1.41581245687537     
           8           7   1.45087293577756     
           9           4   1.33207087385668     
           9           8   1.35637116928773     
          10           9   1.02892406033467     
          11          10  0.944820676779999     
          12          11   1.33502910356966     
          13          12   1.45979553253561     
          14          13   1.40115340819466     
          15          14   1.35158744149661     
          16          15   1.07931001980945     
          17          16  0.980566345415369     
          18          17   1.38360533028426     
          19          18   1.43619799835669     
          20          19   1.42435262316946     
          21          20   1.42947020785491     
          22          17   1.34335189160467     
          22          21   1.40120755695307     
          23          22  0.939596698584855     
          24          23  0.973648602638055     
          25          23  0.949968985234001     
          26          23  0.937952326191214     
          27          26   1.40707790808664     
          28          27   1.42442499924173     
          29          28   1.43057248896172     
          30          29   1.42883997969221     
          31          16  0.973844941345343     
          31          26   1.33856152949634     
          31          30   1.39355941862390     
          32          11   1.43754871544197     
          32          15   1.31591800223021     
          33          10   1.02948539181831     
          34          33   1.35616419045251     
          35          34   1.45097322457624     
          36          35   1.41571717336827     
          37          36   1.43128726331606     
          38           2  0.947013218011601     
          38          33   1.33186390559346     
          38          37   1.40233772059174     
          39           1  0.975981702293802     
          40           1  0.977539606740293     
          41           1  0.975840978685352     
          42           3  0.975805633574002     
          43           3  0.977574126632780     
          44           3  0.975942586705426     
          45           5  0.942351920567678     
          46           6  0.944794632085407     
          47           7  0.943867397767244     
          48           8  0.941132608567926     
          49          12  0.945449688322774     
          50          13  0.943365817150033     
          51          18  0.943850097758915     
          52          19  0.943740540494119     
          53          20  0.944321772604775     
          54          21  0.943022517351568     
          55          24  0.977468526468373     
          56          24  0.978459269205133     
          57          24  0.977318642682976     
          58          25  0.978060003164584     
          59          25  0.976029829587442     
          60          25  0.977997741788719     
          61          27  0.942906625283397     
          62          28  0.944222181784975     
          63          29  0.943686155465053     
          64          30  0.940853065542072     
          65          32  0.941778631493964     
          66          34  0.940793672222626     
          67          35  0.943873045809102     
          68          36  0.944788693196586     
          69          37  0.942346177609028     
