 -0.101918036844292     
  2.765937364786186E-002
 -0.102080352519809     
 -9.987133608755094E-002
 -2.229969715718294E-002
 -4.737595945918827E-002
 -4.430683298594307E-002
  3.336494323906081E-002
 -2.503121390272778E-002
 -4.482576697263063E-002
 -2.589460487556217E-002
 -4.531201182936950E-002
 -2.211793708601562E-002
  2.771950694179504E-002
 -0.100192122676868     
 -0.101902441252733     
 -0.101827769703593     
 -4.586238171632750E-002
 -4.239679796956075E-002
  3.413458472984177E-002
 -9.226978357043336E-002
  6.594927131395112E-002
 -3.296759492747103E-002
 -3.417910968362126E-002
 -1.512174826824175E-002
  0.141364497123132     
 -0.239593117481389     
 -1.659277836613438E-002
 -2.916188028040878E-002
 -2.666316014630254E-002
 -8.481705811479223E-003
  6.251826015761530E-002
 -1.048223725764785E-002
 -3.305151480834478E-002
 -3.549187277023425E-002
 -3.888746333346305E-002
 -3.520296736747852E-002
 -2.784812820282667E-002
 -2.338908747002844E-002
 -4.005357727087588E-002
 -2.162645345201053E-002
 -2.954427314700236E-002
  3.383563808176249E-002
  3.480176381535116E-002
  3.160464394899831E-002
  3.372138993287122E-002
  3.168208166974884E-002
  3.480313889810671E-002
  3.562787308956550E-002
  3.549409318317720E-002
  3.326054005609436E-002
  4.463362554536354E-002
  4.192280648986257E-002
  4.457875808884970E-002
  4.422741182733980E-002
  3.537957822124160E-002
  3.540968799380473E-002
  3.325471372645095E-002
  3.154252204986818E-002
  3.520107890037505E-002
  3.358386932230184E-002
  3.154855962943792E-002
  3.362959759275164E-002
  3.530771077307637E-002
  4.525931746268630E-002
  4.350237077441033E-002
  4.265739069562491E-002
  4.807102302706512E-002
  5.092667179841981E-002
  4.581240389903474E-002
  4.275109513557784E-002
  4.305963109594391E-002
  4.183464625602840E-002
  4.104857228437575E-002
  4.635505918682192E-002
  5.115126433903894E-002
  4.363275071000894E-002
