           2           1  0.951372719144590     
           3           2  0.973778936564590     
           4           2  0.937424629039267     
           5           4   1.40294157233524     
           6           5   1.42732457846006     
           7           6   1.42797566152857     
           8           7   1.43074606230956     
           9           4   1.34417813993114     
           9           8   1.38903232587688     
          10           9  0.969768210262081     
          11          10   1.07998610696172     
          12          11   1.31958550250234     
          13          12   1.49394084397656     
          14          13   1.32480481120444     
          15          14   1.03270890100511     
          16          15   1.78580258431297     
          17          15  0.955202312523000     
          18          17   1.36740217792553     
          19          18   1.43082988879425     
          20          19   1.37433961144198     
          21          20  0.955830302198249     
          22          21   1.83739829131350     
          23          21  0.986765741023986     
          24          23   1.35727956354447     
          25          24   1.45105446340211     
          26          25   1.37715051431871     
          27          26  0.962751538779479     
          28          27   1.02639047257659     
          29          28   1.35607966881711     
          30          29   1.45174232472904     
          31          30   1.41452316610771     
          32          31   1.43307841314614     
          33          28   1.33421189602868     
          33          32   1.40034168277407     
          34          33  0.947275994724000     
          35          34  0.953194178729497     
          36          34  0.953117307417762     
          37          34  0.947433268806481     
          38          37   1.39965567569000     
          39          38   1.43350067858395     
          40          39   1.41400947410137     
          41          40   1.45228023227749     
          42          27   1.02599900019773     
          42          37   1.33500655539367     
          42          41   1.35526681814604     
          43          26   1.37237400392127     
          44          23   1.35672697096380     
          44          43   1.45628482623740     
          45          20   1.34737214043619     
          46          17   1.34962485995084     
          46          45   1.45801770680088     
          47          14   1.32284483044415     
          48          11   1.32137599751144     
          48          47   1.49316432229269     
          49          10  0.969230285651559     
          50          49   1.39133676209680     
          51          50   1.42925438825926     
          52          51   1.42920309303870     
          53          52   1.42635864398649     
          54           2  0.937282746396706     
          54          49   1.34289383367004     
          54          53   1.40418224920804     
          55           1  0.978163394230166     
          56           1  0.975683381042040     
          57           1  0.978230998175513     
          58           3  0.978388371346286     
          59           3  0.977408325034924     
          60           3  0.977436001009622     
          61           5  0.942972725925262     
          62           6  0.944173173144327     
          63           7  0.943528339955398     
          64           8  0.944081634543507     
          65          12  0.939465597921104     
          66          13  0.939991850252397     
          67          18  0.943081286355366     
          68          19  0.944568408903846     
          69          24  0.943906033307762     
          70          25  0.944489443880168     
          71          29  0.940516740956805     
          72          30  0.943830344022590     
          73          31  0.944684525116032     
          74          32  0.942240397233824     
          75          35  0.977605716791897     
          76          35  0.975897789513870     
          77          35  0.975791127522777     
          78          36  0.975949311250193     
          79          36  0.977515048380693     
          80          36  0.975813467136037     
          81          38  0.942237732405856     
          82          39  0.944710940153178     
          83          40  0.943876941992953     
          84          41  0.940524135027350     
          85          43  0.944881249052341     
          86          44  0.942899867329172     
          87          46  0.945237001827532     
          88          47  0.942866184130364     
          89          48  0.939532943752279     
          90          50  0.943720722643429     
          91          51  0.943569667906105     
          92          52  0.944150964580567     
          93          53  0.942914965103540     
