 -0.198339724629699     
  0.101897350508070     
  3.537786973131540E-002
  0.101895991315722     
 -0.198337702201605     
  2.259829908285660E-002
 -1.905895505315236E-002
 -2.313045361933153E-002
 -3.311661909961217E-002
  9.746392831930795E-003
 -1.382321929361119E-002
 -3.639253676881538E-002
 -4.316660802190952E-002
  5.731942509670107E-002
 -0.122895253698565     
  5.351369697392760E-002
 -4.329234681123850E-002
 -3.329616441405481E-002
 -4.455268092042353E-002
 -3.333735257869463E-002
 -4.341508677519990E-002
  5.375046512845483E-002
 -4.331002325620759E-002
 -3.329908494805878E-002
 -4.517177655394455E-002
 -3.402254851715192E-002
 -4.413995646399993E-002
 -4.394775638065695E-002
 -3.795258509097454E-002
 -3.219609850065908E-002
 -1.266330041775188E-002
 -1.266342526094455E-002
 -3.219693436265114E-002
  9.749423921904476E-003
 -1.382844144958373E-002
 -3.639276056082252E-002
 -4.316670687935531E-002
  5.732217850221977E-002
 -0.122868221011283     
  5.375408231068457E-002
 -4.411177009714873E-002
 -3.401584159108939E-002
 -4.515506929270430E-002
 -3.329462923828075E-002
 -4.329739928579368E-002
  5.351397510768363E-002
 -4.330759717497568E-002
 -3.330214587497426E-002
 -4.456673613276152E-002
 -3.334317194915482E-002
 -4.344371557795235E-002
 -4.397151897207419E-002
 -3.795924663787265E-002
 -3.311494764337386E-002
 -2.312993935027663E-002
 -1.905945257401953E-002
  5.324876265385137E-002
  4.582681457474469E-002
  4.401685312213777E-002
  4.152259051692231E-002
  3.800917588068864E-002
  4.199323010175160E-002
  3.890656238511181E-002
  4.205988782499870E-002
  3.794375294193209E-002
  3.826500929626586E-002
  4.203139581297888E-002
  3.874287189279835E-002
  4.163671417018078E-002
  3.777259766387830E-002
  4.107552728530284E-002
  4.300812655205599E-002
  4.324124487055792E-002
  4.324053213849033E-002
  4.401305670830913E-002
  4.152383350940947E-002
  3.777267858207678E-002
  4.164041074987523E-002
  3.874500618934440E-002
  4.203231267996632E-002
  3.827108589124040E-002
  3.800858710914745E-002
  4.199184956950985E-002
  3.890480363195037E-002
  4.205894983557146E-002
  3.794770293109195E-002
  4.107601676657624E-002
  4.300726426772106E-002
  4.582530748626013E-002
  5.324783882827322E-002
