 -4.977050729956467E-002
 -4.507024073399890E-002
 -5.527494809565336E-002
  4.962451858686734E-002
  7.495381952347913E-002
 -4.787787802449817E-002
 -0.141848777322666     
  7.356522220212414E-002
 -4.899328508986045E-002
 -5.093247578482973E-002
 -4.424736910823324E-002
 -4.766174564569603E-002
  5.296026129681630E-002
 -0.122017041343850     
  6.252174355708329E-002
 -3.128278686157770E-002
 -2.441870504540411E-002
 -2.711594982842858E-002
  4.628895546194389E-002
 -0.187152827961267     
  4.986870556620771E-002
  7.369684109731267E-003
 -2.571837215487793E-002
 -2.747228993494222E-002
 -3.052722775413930E-002
 -3.680603853027176E-002
 -2.473097094155996E-003
 -2.997222636214047E-003
 -3.746009815939910E-002
 -3.050056883824492E-002
 -2.682110669828219E-002
 -2.408426784400497E-002
  7.463380258599717E-003
  5.181458979356490E-002
 -0.184354156775255     
  4.478076648808704E-002
  4.204891712815406E-002
  4.285863159937620E-002
  4.237884023538330E-002
  4.003481747671944E-002
  3.940631934850614E-002
  4.117962972503331E-002
  4.277671000966599E-002
  4.242972840403236E-002
  4.650786531682849E-002
  5.091967169927558E-002
  4.593575621467816E-002
  4.753590020443310E-002
  4.222381666704378E-002
  4.289941577526601E-002
  4.388084243987156E-002
  4.341501878038179E-002
  4.254024747161589E-002
  4.266599249772096E-002
  5.002921672680405E-002
