           2           1   1.44038825748654     
           3           2   1.41766403103247     
           4           3   1.39219272028496     
           5           4   1.30477574027229     
           6           1   1.41222732668462     
           6           5   1.41010072144230     
           7           5   1.00771854919401     
           8           7   1.00604904997202     
           9           8   1.40790128798172     
          10           9   1.41415593385989     
          11          10   1.43757764930402     
          12          11   1.42143699300770     
          13           8   1.30765959626979     
          13          12   1.38894866256540     
          14           4   1.00554744552206     
          14          13   1.00878184048635     
          15          14  0.967856168663528     
          16          15   1.50753044530560     
          17          16   1.30392233279190     
          18          17   1.55156479272753     
          19          18   1.25796461142907     
          20          19   1.27320650623927     
          21          20   1.43430334138833     
          22          21   1.09020311885216     
          23          22   1.33190036391588     
          24          23   1.47557848236513     
          25          24   1.38073069236210     
          26          25   1.47138644698504     
          27          22   1.28502935266771     
          27          26   1.34209926084037     
          28          27   1.07341449388863     
          29          28   1.34194003129708     
          30          29   1.47143159373524     
          31          30   1.38045663978750     
          32          31   1.47602002866007     
          33          28   1.28509040799235     
          33          32   1.33095593768847     
          34          21   1.16201417549148     
          34          33   1.09149717667031     
          35          34   1.43117067291757     
          36          15   1.20705105630250     
          36          19   1.17861012927162     
          36          35   1.28462969257709     
          37           1  0.944614855665748     
          38           2  0.943978002129798     
          39           3  0.941013511691113     
          40           6  0.945733358053539     
          41           9  0.945925430515471     
          42          10  0.944863105647153     
          43          11  0.944048518437729     
          44          12  0.942680237716568     
          45          16  0.944129410348887     
          46          17  0.942410566699526     
          47          18  0.941798548730885     
          48          23  0.943814124828608     
          49          24  0.945340161082145     
          50          25  0.945559860627349     
          51          26  0.942755371574088     
          52          29  0.942823844433339     
          53          30  0.945611634119145     
          54          31  0.945284394655040     
          55          32  0.942857211949894     
