           4           2  0.911633196790155     
           6           5  0.958738030953857     
           8           7   1.00356140500454     
           9           4  0.978916701547891     
           9           8   1.77720632339331     
          10           9   1.01323799815311     
          11          10   1.03626790964866     
          12          11   1.77939670253506     
          13          12   1.01089869175554     
          15          14  0.954315093544558     
          16           2  0.917896631177570     
          16          11  0.941127096378273     
          17           1   1.05207633289493     
          18           1  0.814674874705110     
          18           2  0.788575997340824     
          19          18   1.72139979607343     
          20           2  0.902649011594066     
          20           4  0.821763318126561     
          20           5  0.911306012798290     
          21           4  0.927304143346127     
          21           5  0.960423738638147     
          22           6  0.961503326618294     
          22           7  0.945059218939163     
          22          21  0.957628534812111     
          23           6  0.943683422677976     
          23           7  0.899291189514788     
          24          23  0.993989787867956     
          25          20  0.997937255678828     
          25          24   1.89561551157761     
          26           3  0.968896616635518     
          26          15  0.920240201529766     
          26          16  0.845386083938895     
          27          26  0.975444376527381     
          28          27   1.90600742791823     
          29          13  0.885266483517094     
          29          14  0.944556134855896     
          29          28   1.00988147791856     
          30          13  0.947819089094957     
          30          14  0.963932306343188     
          31          15  0.962109490493926     
          31          16  0.919660279602789     
          31          30  0.955285642361489     
          32          17  0.901973185608930     
          33           1  0.962585525091388     
          34           1  0.960370031399757     
          35           3  0.967220702916521     
          36           3  0.970692150654885     
          37           3  0.973323071493687     
          38           5  0.932748020949933     
          39           6  0.940766172037084     
          40           7  0.949761554476607     
          41           8  0.936620244311276     
          42          10  0.944327934356691     
          43          12  0.933474483577791     
          44          13  0.948265266840625     
          45          14  0.941552346786329     
          46          15  0.940073834643257     
          47          21  0.935882010906407     
          48          22  0.941098586490113     
          49          23  0.949649503691767     
          50          24  0.935416696237831     
          51          25  0.933278645908201     
          52          27  0.934478535187139     
          53          28  0.934002622554582     
          54          29  0.948556766972588     
          55          30  0.940559532072638     
          56          31  0.937625487480347     
