 -0.218192231633680     
  9.612389028671231E-002
  5.878419361356357E-003
 -4.552442443634952E-003
 -2.591894789208471E-002
  5.920358985217034E-002
  8.412326804366987E-003
 -3.405847625543146E-002
 -2.781202405562766E-002
  6.043966048579996E-002
 -0.127638710006909     
  4.677868998853940E-002
 -5.597493965333289E-002
 -4.384840459496786E-002
 -4.854294204790399E-002
 -4.616126763810424E-002
  7.333048530400399E-002
 -0.141474136750054     
  7.381899145791682E-002
 -4.606065756640731E-002
 -4.871014750276981E-002
 -4.457403565388418E-002
 -5.678718390910831E-002
  4.667783679524140E-002
 -2.596734484574093E-002
 -2.281757826362263E-002
 -0.198870528925152     
  6.103245345953034E-002
  8.263504139497169E-003
 -2.993127791425909E-002
 -2.515748606833945E-002
  6.058114830844863E-002
 -0.127876052016484     
  4.716540535326263E-002
 -5.627650926706274E-002
 -4.466440113391101E-002
 -4.950573945827319E-002
 -4.674818089377464E-002
  7.348944753416076E-002
 -0.142100866822203     
  7.272128228658525E-002
 -4.700340862525199E-002
 -4.924198002437929E-002
 -4.342418094602962E-002
 -5.510054247941820E-002
  4.670596209372224E-002
 -2.724409416092666E-002
 -2.453094697838321E-002
  5.192062042665702E-002
  4.636419076149556E-002
  4.545365184410821E-002
  4.337655508336202E-002
  4.316597374947839E-002
  4.375576005828807E-002
  4.276312516541925E-002
  4.099963314310251E-002
  4.114158055336059E-002
  4.275722919346725E-002
  4.329567485588537E-002
  4.210953111980742E-002
  4.386512637548745E-002
  4.989181301717005E-002
  4.889980614552702E-002
  4.458328661086552E-002
  4.297279306282420E-002
  4.334119886244214E-002
  4.242607062591397E-002
  4.081203302896874E-002
  4.059084005376024E-002
  4.245332845658234E-002
  4.415787078098665E-002
  4.362322680848807E-002
  4.330597874452435E-002
  4.811767438785297E-002
