 -3.052187377266069E-002
 -2.470221363495106E-002
 -2.576117496492181E-002
  2.626116218662267E-002
  0.112071475140953     
 -0.214157689949923     
  0.112076801582269     
  2.627033647487975E-002
 -2.515366496679050E-002
 -2.477056766974428E-002
 -3.051985898439469E-002
 -2.470783009438637E-002
 -2.576812995400068E-002
 -0.216917189008869     
  0.118506675520276     
  3.290704849618242E-002
 -2.552942483321452E-002
  7.097544648022502E-002
 -9.548026254828823E-002
  3.723791271682053E-002
 -4.209691830775775E-002
 -3.660365286846012E-002
 -4.662601498320917E-002
 -3.547490017685551E-002
 -2.567254110353900E-002
 -2.540683298251345E-002
 -3.598224091857638E-002
 -4.810604650922023E-002
 -3.969554339359416E-002
 -4.436292211041781E-002
  3.566419191570658E-002
  5.440182397158022E-002
 -9.391683027354336E-002
  3.835761334214638E-002
 -4.394205702477105E-002
 -3.826718674595142E-002
 -4.785619741060643E-002
 -3.576165547115995E-002
 -2.468376923772997E-002
 -2.468448677108537E-002
 -3.576147436664900E-002
 -4.784557443429804E-002
 -3.825845990280818E-002
 -4.395345077932333E-002
  3.832964870837108E-002
  7.094776068490827E-002
 -9.555570253626566E-002
  3.566572147827696E-002
 -4.434565360126808E-002
 -3.969201520763921E-002
 -4.809103215820265E-002
 -3.597201930216620E-002
 -2.537309269707588E-002
 -2.564374942556125E-002
 -3.545358505629093E-002
 -4.660295553795013E-002
 -3.659704922819262E-002
 -4.204407883141226E-002
  3.720886484778729E-002
 -2.546945414068080E-002
 -0.216901741564993     
 -2.515523499215444E-002
 -2.476335584038480E-002
  4.177066506216431E-002
  4.076913528126069E-002
  4.582548195013669E-002
  4.595085119623910E-002
  4.060631086790900E-002
  4.177255621577070E-002
  4.077042384596519E-002
  4.582527749815068E-002
  5.822641668905659E-002
  4.140823007925665E-002
  4.354537673074621E-002
  3.934038681016505E-002
  4.132935644857338E-002
  4.219246730952630E-002
  3.982108755089486E-002
  4.313015220759919E-002
  4.149606807487993E-002
  4.124979570926879E-002
  4.294755156441599E-002
  3.893938122719354E-002
  4.134316921781878E-002
  4.134217911631211E-002
  3.893509383848193E-002
  4.294923015141405E-002
  4.125119799005772E-002
  4.147387919812739E-002
  4.312857067835862E-002
  3.982362734124845E-002
  4.219188511140892E-002
  4.133178877759192E-002
  3.934125139466171E-002
  4.354487808360752E-002
  4.138554398534555E-002
  5.820422107205880E-002
  4.595467454434743E-002
  4.060870990737442E-002
