           2           1   2.82263759839575     
           3           2   1.05796969769989     
           4           3   1.33818374713873     
           5           4   1.45699518905411     
           6           5   1.37006280561188     
           7           6  0.976670255716796     
           8           7   1.30877786149811     
           9           8   1.21641571982356     
          10           9   1.59592516638926     
          11          10   1.26597972843897     
          12          11   1.59523713881174     
          13           8   1.17570473524037     
          13          12   1.21748002193666     
          14          13   1.30649088719640     
          15          14  0.983343227943165     
          16          15   1.37637556082978     
          17          16   1.43947522848995     
          18          17   1.37408696743910     
          19          18   1.30167094933209     
          20          15   1.35496232293849     
          20          19   1.43737227926367     
          21          19  0.924463671063965     
          22          21  0.920842890239476     
          23          22   1.39903204916078     
          24          23   1.43117764584043     
          25          24   1.43196699642974     
          26          25   1.42628910296049     
          27          22   1.39011510497134     
          27          26   1.43726048595896     
          28          21  0.925444442139363     
          29          28   1.39124537261835     
          30          29   1.43643727147481     
          31          30   1.42705730182158     
          32          31   1.43159514402894     
          33          28   1.39872118898252     
          33          32   1.43168339480823     
          34          21  0.926831850918604     
          35          34   1.43088369508837     
          36          35   1.41027397049192     
          37          36   1.43158143861666     
          38          37   1.43177392379002     
          39          18   1.03973081525582     
          39          34   1.30581166554257     
          39          38   1.37864183114716     
          40          14   1.30361137827346     
          41          40   1.21775338084649     
          42          41   1.59472684257215     
          43          42   1.26665731437017     
          44          43   1.59520825189476     
          45           7   1.30736679755690     
          45          40   1.17676387759031     
          45          44   1.21696359965437     
          46           6   1.37013271984995     
          47           3   1.33833040845355     
          47          46   1.45681526925632     
          48           4  0.944671865468486     
          49           5  0.944713859122779     
          50           9  0.940880275610952     
          51          10  0.945407697963118     
          52          11  0.945454983848492     
          53          12  0.940230107945921     
          54          16  0.943960107339294     
          55          17  0.943268912753334     
          56          20  0.942712482419975     
          57          23  0.944985166452511     
          58          24  0.946068549144742     
          59          25  0.946683793293191     
          60          26  0.946007210053100     
          61          27  0.945121605556206     
          62          29  0.945468259733619     
          63          30  0.946065168310815     
          64          31  0.946687554410390     
          65          32  0.946084515777865     
          66          33  0.945197260968935     
          67          35  0.944993025363237     
          68          36  0.945625333973552     
          69          37  0.945328753656530     
          70          38  0.945439644078839     
          71          41  0.939010848443360     
          72          42  0.945335068740436     
          73          43  0.945405776041776     
          74          44  0.940923158271549     
          75          46  0.944708604881994     
          76          47  0.944674250780658     
