           2           1   1.39885337898511     
           3           2   1.45465516184861     
           4           3   1.35832804238296     
           5           4   1.25682338726570     
           6           1   1.44620555296608     
           6           5   1.37209246302362     
           7           5   1.08534351441923     
           8           7   1.09380752329400     
           9           8   1.38593425671464     
          10           9   1.38593340425757     
          11          10   1.09380758171979     
          12          11   1.08534514197741     
          13          12   1.37209293744790     
          14          13   1.44620472158378     
          15          14   1.39885318410710     
          16          15   1.45465485275689     
          17          12   1.25682144308869     
          17          16   1.35832845215226     
          18          10   1.22869747641115     
          18          17   1.08754726410326     
          19          18   1.38194106000007     
          20           4   1.08754667184369     
          20           8   1.22869741082396     
          20          19   1.38194152973920     
          21           1  0.945160909051583     
          22           2  0.945293375435646     
          23           3  0.945297762523413     
          24           6  0.945753023266439     
          25           7  0.954845706185709     
          26           9  0.943555984266958     
          27          11  0.954845525314616     
          28          13  0.945752901207741     
          29          14  0.945161177848207     
          30          15  0.945293268838597     
          31          16  0.945297848510304     
          32          19  0.942064019528143     
