 -0.234112997124185     
  0.142516024805100     
 -1.248725880425461E-002
 -1.814917229809154E-002
 -1.723588526129127E-002
 -1.759930397867748E-002
 -1.831354461946777E-002
 -1.218615252894306E-002
  0.147279871036403     
 -0.229251770766433     
 -1.044890796281539E-002
 -2.548222653095600E-002
  7.580835069787195E-002
 -9.345060466381216E-002
  3.626247565114760E-002
 -4.191141309353874E-002
 -3.662679453485573E-002
 -4.577947968998863E-002
 -3.505404446954685E-002
 -2.648767578210265E-002
 -2.590061816143674E-002
 -3.474812476289557E-002
 -4.596176317803735E-002
 -3.793930200331808E-002
 -4.404514942216320E-002
  3.555574497415259E-002
 -2.197327991456532E-002
 -1.506046394788552E-002
 -1.837187198390033E-002
  4.908695867974189E-002
  4.501435141146648E-002
  4.502636640920421E-002
  4.889788951871987E-002
  5.206208442136095E-002
  4.225824690263313E-002
  4.425079046294755E-002
  4.064685521551226E-002
  4.250888281437648E-002
  4.282176074729238E-002
  4.076298185669414E-002
  4.386975941134952E-002
  4.089934634734693E-002
  4.777873507182218E-002
  5.527032904805074E-002
