 -0.207228944790595     
  0.100820097830037     
  1.932365601861452E-002
 -1.037491768976118E-002
  3.346302864779105E-002
  0.112291248357948     
 -0.216663758995131     
  0.112317743938133     
  2.608307400971910E-002
 -2.535928518786790E-002
 -2.476243924822086E-002
 -3.012580007690513E-002
 -2.408557586800075E-002
 -2.535239409051471E-002
 -0.212712108812743     
  0.111737723613887     
  2.632001090747638E-002
 -2.487057039580431E-002
 -2.440380576013546E-002
 -3.041695379922871E-002
 -2.495202263992802E-002
 -2.637132349676019E-002
 -0.217957720389871     
 -9.726403927424521E-003
 -1.667977814385146E-002
  7.228342018658118E-002
 -7.589908910252330E-002
  2.853754559996213E-002
 -3.895868300513339E-002
 -3.782401012546455E-002
 -4.271502527931670E-002
 -3.522456487023273E-002
 -1.827005955855832E-002
 -7.325713358938923E-002
 -1.560295288586122E-002
 -3.480771005590189E-002
 -4.087139003158047E-002
 -4.419236004656302E-002
 -3.701216443898758E-002
 -1.800124421983096E-002
  8.671605187494702E-002
  1.574855965396527E-003
  6.234857226292678E-002
  4.585399705697002E-002
  4.061166374144209E-002
  4.197133017302468E-002
  4.120539999226791E-002
  4.568210125065597E-002
  4.623987256627005E-002
  4.082597584292513E-002
  4.193653353270566E-002
  4.050847039710048E-002
  4.497689197216570E-002
  5.911012753505451E-002
  4.835496816564866E-002
  4.130362558112277E-002
  4.365561856762790E-002
  4.132585252219234E-002
  4.259688108383608E-002
  4.093843842222411E-002
  4.181575959520356E-002
  4.076530966967584E-002
  4.118434364056656E-002
