           2           1   1.40236767303698     
           3           2   1.45715021773158     
           4           3   1.35447388722059     
           5           4   1.27207809761394     
           6           1   1.44276998941247     
           6           5   1.38887889629336     
           7           5   1.04067157918802     
           8           7   1.03579559342876     
           9           4   1.08086701978748     
           9           8   1.28259361209013     
          10           9   1.32387630346439     
          11          10   1.48758725544735     
          12          11   1.32707584347041     
          13          12   1.08820630336455     
          14          13   1.35043253307463     
          15          14   1.46092926251674     
          16          15   1.39599353951984     
          17          16   1.44742950366787     
          18          13   1.26950659276873     
          18          17   1.37690511740808     
          19          18   1.03557680110701     
          20          19   1.02251110314413     
          21          20   1.34739936826766     
          22          21   1.44936838760072     
          23          22   1.34130751801267     
          24          23   1.02269544643192     
          25          24   1.03545591493511     
          26          25   1.37694257557846     
          27          26   1.44739736621392     
          28          27   1.39601895257314     
          29          28   1.46092161950936     
          30          25   1.26956769761472     
          30          29   1.35043180234115     
          31          30   1.08817775475278     
          32          31   1.32707661141343     
          33          32   1.48758091086182     
          34          33   1.32389557555695     
          35          34   1.08086720544317     
          36          35   1.35446926561052     
          37          36   1.45714993116968     
          38          37   1.40237355229436     
          39          38   1.44276502563869     
          40          35   1.27209046738991     
          40          39   1.38888382195652     
          41          40   1.04064992426506     
          42          34   1.28256628285667     
          42          41   1.03583119396273     
          43          24   1.04116539824181     
          43          31   1.27358734701735     
          43          42   1.34114038315288     
          44          23   1.34727278029925     
          45          20   1.34134101071767     
          45          44   1.44943610055224     
          46           8   1.34114494035027     
          46          12   1.27353611237818     
          46          19   1.04121832530757     
          47           1  0.945772779103699     
          48           2  0.945032213594830     
          49           3  0.945084579235276     
          50           6  0.945911568145153     
          51          10  0.941035848197642     
          52          11  0.940767929428765     
          53          14  0.944703964730455     
          54          15  0.944839053361074     
          55          16  0.944615387410218     
          56          17  0.941818703532576     
          57          21  0.944339487903840     
          58          26  0.941781777230836     
          59          27  0.944614343647199     
          60          28  0.944836464180161     
          61          29  0.944704797206126     
          62          32  0.940768506615253     
          63          33  0.941033939010666     
          64          36  0.945086968435608     
          65          37  0.945031638572981     
          66          38  0.945772623097776     
          67          39  0.945912156245268     
          68          44  0.944328692235562     
