 -8.801879869999762E-002
 -1.126781749996564E-002
 -5.194914086817803E-002
 -4.603039820496946E-002
 -2.554240163963328E-003
 -1.094329151189211E-002
 -1.288576195825275E-002
  3.323218133721717E-003
 -3.773304302627878E-002
 -3.553074270949885E-002
 -3.894907104054468E-002
 -3.580795653238766E-002
 -3.889727515709485E-002
 -1.336034624812754E-002
  8.378766017100414E-003
 -3.802015506290246E-002
 -3.537730367870040E-002
 -3.751068436922722E-002
 -3.371088374076958E-002
 -3.311505058474751E-002
 -6.356565732845709E-003
  3.085708175813684E-002
 -0.189118354551485     
 -8.957737351098771E-002
 -1.824344757715401E-002
 -5.111147106435787E-003
 -4.235374773298695E-002
 -4.182405126352773E-002
 -4.101347504433672E-002
 -4.373036466838531E-002
 -8.901945061180250E-003
  2.550921049898802E-002
 -0.182995474354107     
 -8.448905548697105E-002
 -1.418120400507306E-002
 -2.992946977233402E-003
 -5.186152646252218E-003
  2.418625765289395E-003
 -4.283003481593095E-002
 -5.020964040531073E-002
 -1.080106790449253E-002
 -8.783650065517357E-002
 -8.862641171996977E-003
 -8.775083281881990E-002
 -5.357884010184222E-002
 -5.340290492285771E-002
 -7.925543717360206E-003
 -8.759911510282148E-002
  4.116316177059665E-002
  4.101222482237610E-002
  3.757444046658298E-002
  3.659144853390606E-002
  3.924318237557323E-002
  3.737769611186337E-002
  3.779343917084665E-002
  3.673648842908261E-002
  3.776402720244643E-002
  3.687648673655675E-002
  3.791600422075203E-002
  3.861665004382631E-002
  3.775079767431222E-002
  3.879141669051822E-002
  3.886128287379143E-002
  0.122889271584210     
  0.115639656657986     
  3.823780830805723E-002
  4.216784715332123E-002
  3.926936752824484E-002
  3.860287562148557E-002
  4.054305078715159E-002
  0.116522208626449     
  0.118633411194879     
  4.164135000722569E-002
  3.970505209447261E-002
  3.723434062008568E-002
  4.115021270252095E-002
  3.799513785573339E-002
  4.078125077997596E-002
  3.845129508301315E-002
  4.035958309182663E-002
  4.112153167134758E-002
  3.656102534460726E-002
  3.635689883041682E-002
  3.868301602116075E-002
  4.046144200324520E-002
  4.097110552938299E-002
