 -0.343923576754261     
  0.421622160892748     
 -0.331469844622749     
 -5.867331893523620E-003
 -3.699003280323687E-003
 -2.463762099232714E-002
 -1.750757338991704E-002
 -2.758131488430582E-002
  6.823448437121638E-002
 -0.107236172468599     
  6.825609222284035E-002
 -2.764689226830530E-002
 -1.750014667103184E-002
 -2.466587136873155E-002
 -3.698063353121839E-003
 -5.878211414461099E-003
  0.421622255362989     
 -0.343948395840002     
 -0.331544669329625     
 -1.114547465196569E-002
  3.030936877666424E-003
 -1.530644275540283E-002
  3.009163807059956E-003
 -1.119223952778103E-002
  7.486073848775288E-002
  5.590002958021612E-002
  5.038039084396106E-002
  5.101225010759103E-002
  4.933470490513303E-002
  4.932688063597168E-002
  5.100951597004888E-002
  5.036355023968708E-002
  5.591201836626702E-002
  6.130450891799377E-002
  5.797926401445741E-002
  6.128989986288325E-002
