           2           1   1.75275469469638     
           3           2   1.77224411488540     
           4           2  0.761589310571724     
           5           4   1.40887970647356     
           6           5   1.42390448835800     
           7           6   1.41478414751762     
           8           7   1.45291850590387     
           9           4   1.36102022317618     
           9           8   1.35213378838297     
          10           9  0.996664180935023     
          11          10  0.996801624595924     
          12          11   1.35214575542365     
          13          12   1.45284620147590     
          14          13   1.41486898239397     
          15          14   1.42381347486022     
          16          11   1.36089070240480     
          16          15   1.40896722470062     
          17          16  0.761612552814738     
          18          17   1.75277198105239     
          19          17   1.77215292595537     
          20          17  0.752129360979246     
          21          20   1.42120796590646     
          22          21   1.41280466910719     
          23          22   1.41277042171136     
          24           2  0.752107849270529     
          24          23   1.42125654868501     
          25          10   1.01964410648066     
          25          20   1.33461129725602     
          25          24   1.33453122442717     
          26           5  0.941980841032564     
          27           6  0.940579051419611     
          28           7  0.939838471353064     
          29           8  0.940500419515629     
          30          12  0.940481621149842     
          31          13  0.939836445366963     
          32          14  0.940576743982261     
          33          15  0.941985092817409     
          34          21  0.937912389285243     
          35          22  0.934977320439523     
          36          23  0.937911680851392     
