           2           1  0.993074731086653     
           3           2   1.39491462927187     
           4           3   1.43902437028156     
           5           4   1.41980111372510     
           6           5   1.44099505659694     
           7           2   1.36030321935471     
           7           6   1.38162962425180     
           8           7  0.961720506366991     
           9           8   1.26318015185270     
          10           9  0.972361543357995     
          11          10   1.37485758559288     
          12          11   1.44782544704059     
          13          12   1.38421398457172     
          14          13  0.939027706539795     
          15          14  0.976613454670947     
          16          14  0.966182387118969     
          17          14  0.966311594581194     
          18          13   1.39664485329228     
          19          10   1.38510201899164     
          19          18   1.43581451766332     
          20           9   1.41497472679521     
          21          20  0.981158544279703     
          22          21   1.37377531569375     
          23          22   1.44124235162692     
          24          23   1.39269794215006     
          25          24  0.939274665130433     
          26          25  0.966240400636931     
          27          25  0.976687851561083     
          28          25  0.966005606910204     
          29          24   1.38459144036668     
          30          21   1.36747335403559     
          30          29   1.44793874391011     
          31          20   1.25332955090430     
          32          31   1.25426093726625     
          33          32   1.15181630888186     
          34          33   1.08339770246738     
          35          33   1.50218180647585     
          36          35   1.24420504352957     
          37          36   1.13948790091873     
          38          37   1.29818845534737     
          39          38   1.51631336113500     
          40          39   1.33951204975742     
          41          40   1.51877064624882     
          42          37   1.25193494365529     
          42          41   1.29298203165769     
          43          42   1.15089692125921     
          44          43   1.07129151311033     
          45          43   1.51365643910937     
          46          31   1.13588838154039     
          46          36   1.29527695563822     
          46          45   1.24223493153146     
          47           8   1.42779253314650     
          47          32   1.24280742918307     
          48          47  0.973259213765619     
          49          48   1.37492478860341     
          50          49   1.43582800229365     
          51          50   1.42474522453670     
          52          51   1.43074904194108     
          53          48   1.33663455446984     
          53          52   1.40370365735621     
          54          53  0.993959342740975     
          55           1  0.965868967553073     
          56           1  0.975746871743456     
          57           1  0.974692652807271     
          58           3  0.945231867536826     
          59           4  0.945909010335225     
          60           5  0.944916507191653     
          61           6  0.944522893158834     
          62          11  0.944525730949427     
          63          12  0.943775659203348     
          64          15  0.978405514042376     
          65          15  0.977551141530999     
          66          15  0.977694689060844     
          67          16  0.978269305112765     
          68          16  0.976301604326185     
          69          16  0.978205457758640     
          70          17  0.976218250336521     
          71          17  0.978168290723123     
          72          17  0.978333060666009     
          73          18  0.944026531422160     
          74          19  0.944150077056715     
          75          22  0.944846518806828     
          76          23  0.943821931352738     
          77          26  0.978260308557472     
          78          26  0.976287176130362     
          79          26  0.978210340874879     
          80          27  0.977614326181783     
          81          27  0.977565454634022     
          82          27  0.978446853473920     
          83          28  0.978270909361506     
          84          28  0.978148283155259     
          85          28  0.976276622529861     
          86          29  0.943764821895292     
          87          30  0.944165439463626     
          88          34  0.965760158494375     
          89          34  0.943757697369100     
          90          35  0.937388961803399     
          91          38  0.941949574935990     
          92          39  0.945731727248036     
          93          40  0.945846099182914     
          94          41  0.943262071483860     
          95          44  0.963644697350995     
          96          44  0.966989786995223     
          97          45  0.933163658878944     
          98          49  0.943373394159970     
          99          50  0.944845789183589     
         100          51  0.945953938867685     
         101          52  0.944805772971282     
         102          54  0.972993748623803     
         103          54  0.966466064409000     
         104          54  0.977064593834398     
