 -0.101569477647977     
  2.735944179533600E-002
 -0.101756571609685     
 -9.962812449275127E-002
 -1.488345688664072E-002
 -4.333508022854460E-002
 -3.503496023017227E-002
  4.457698862343484E-002
 -1.496444477056524E-002
 -5.091024315465731E-002
  2.384715275712379E-002
 -9.739465056149488E-002
 -9.550935442980446E-002
 -1.496874773845214E-002
 -5.091486257917932E-002
 -1.486705933574228E-002
  2.736764856508067E-002
 -0.101768848047335     
 -0.101555825658434     
 -9.962937716468545E-002
 -4.331193362869268E-002
 -3.499080875566740E-002
  4.459830876030146E-002
 -0.116700926419243     
  6.474484312680095E-002
 -4.921939404216591E-002
 -2.382359129302269E-002
  5.497198273203274E-003
  0.280703033901281     
 -0.134207117554999     
 -0.150257109701586     
 -0.138258230307841     
 -2.387669828102101E-002
 -4.942650716056995E-002
  3.378352655432104E-002
  3.532175678539895E-002
  3.169112661917883E-002
  3.360858221780261E-002
  3.527735156557132E-002
  3.176183600446048E-002
  3.381369287116709E-002
  3.536182260412790E-002
  3.557108428422784E-002
  4.595716416331841E-002
  4.391866493640628E-002
  4.529658882734211E-002
  3.219675045270698E-002
  3.847466801975130E-002
  3.222117877340125E-002
  3.663526191029376E-002
  3.763533217548198E-002
  3.762277689944016E-002
  4.528785975601912E-002
  3.529053368857649E-002
  3.177682890539690E-002
  3.362612741766935E-002
  3.167410478154276E-002
  3.529580509965247E-002
  3.377859970338981E-002
  3.559055716722703E-002
  3.380664836835068E-002
  3.534458996979195E-002
  4.596403473850874E-002
  4.396094760768277E-002
  4.542493122987612E-002
  4.774182490160972E-002
  4.788035452216222E-002
  4.547587235649431E-002
