           2           1   1.41681530779991     
           3           1  0.405282781349609     
           3           2   1.41695337420605     
           4           2  0.915311231071627     
           5           4   1.36109257271146     
           6           5   1.46490432657643     
           7           6   1.34481734103334     
           8           7   1.02586873267279     
           9           8   1.65256825118439     
          10           9   1.02500110959942     
          11          10   1.34511351252524     
          12          11   1.46476080701974     
          13          12   1.36117504302260     
          14          13  0.915138738030916     
          15          14   1.41706813205117     
          16          14   1.41694201855061     
          16          15  0.405370329283713     
          17          13   1.36346804816087     
          18          10   1.34638096919249     
          18          17   1.46250707700339     
          19           9  0.988603017473689     
          20          19   1.04130810464879     
          21          20   1.37424566247641     
          22          21   1.44731198989465     
          23          22   1.39836906600899     
          24          23   1.45767732156361     
          25          20   1.26918493589588     
          25          24   1.35559781654014     
          26          25   1.08229639715950     
          27          26   1.35470241625427     
          28          27   1.45872997474698     
          29          28   1.39732842711075     
          30          29   1.44808671588015     
          31          19   1.04152382641828     
          31          26   1.26972213161831     
          31          30   1.37389760102633     
          32           8  0.988002261978052     
          33          32   1.04145875164737     
          34          33   1.37417377924294     
          35          34   1.44736429455806     
          36          35   1.39832012457722     
          37          36   1.45771611035589     
          38          33   1.26910208928474     
          38          37   1.35556867658837     
          39          38   1.08235309391044     
          40          39   1.35464927346968     
          41          40   1.45878777903612     
          42          41   1.39725668716156     
          43          42   1.44817604834219     
          44          32   1.04175016692942     
          44          39   1.26969242164981     
          44          43   1.37378523827533     
          45           7   1.34593969014484     
          46           4   1.36326811760314     
          46          45   1.46280711278807     
          47           5  0.942011306019535     
          48           6  0.942018408065050     
          49          11  0.941998936727714     
          50          12  0.942012565542275     
          51          17  0.942390310307500     
          52          18  0.943021070050274     
          53          21  0.943557474571089     
          54          22  0.944448758912122     
          55          23  0.944808650124007     
          56          24  0.944539799055490     
          57          27  0.944456279176830     
          58          28  0.944657088018435     
          59          29  0.944393108339749     
          60          30  0.942901634807963     
          61          34  0.943594565046541     
          62          35  0.944452966494207     
          63          36  0.944810742930982     
          64          37  0.944538779503689     
          65          40  0.944457351361017     
          66          41  0.944659228191781     
          67          42  0.944396550220156     
          68          43  0.942930991011121     
          69          45  0.943019009539260     
          70          46  0.942390535456110     
