 -8.262113497090784E-002
  9.120425030536250E-002
 -0.202827852360563     
  0.124790184235850     
 -0.149748341480072     
  0.226447968925859     
 -0.308824780088326     
 -2.614384986047824E-003
 -2.878376892586054E-002
 -2.861072548150290E-002
 -3.016045981659587E-002
 -2.509715178183125E-002
 -2.784665136725994E-002
 -4.567187707705944E-002
 -3.532554598420301E-002
 -3.352026230715488E-002
  2.368623958059901E-002
 -6.083924968300014E-002
 -2.836777262512769E-002
 -4.194785820101288E-002
 -5.300058777492644E-002
 -4.806225900568339E-002
 -4.888520687819842E-002
  2.805318500377751E-002
 -7.845143402031773E-002
  7.517300173303143E-002
 -2.312977522833393E-002
 -1.223280462019272E-002
 -3.684552193499613E-003
  0.402009083639919     
 -0.345243808883595     
 -0.347826763857836     
  5.178146224955160E-003
 -7.889336650577228E-003
 -1.967480169463887E-002
 -2.155859221928758E-002
 -2.277873766978011E-002
 -1.588840693623172E-002
 -7.698544913482763E-003
 -2.448936084615561E-002
  4.216008976810681E-002
  3.527207842285740E-002
  3.639698258568114E-002
  5.097548688244313E-002
  5.734308874628391E-002
  4.455568945678423E-002
  3.789672308054348E-002
  4.010558951375554E-002
  3.922205146825297E-002
  4.462530279168253E-002
  5.005019799494148E-002
  4.410623246893930E-002
  5.111020224811913E-002
  4.885224567106561E-002
  4.419943162274376E-002
  3.829838318290091E-002
  4.055136319448061E-002
  3.856300492791642E-002
  5.798545871880378E-002
  5.236330730140470E-002
  5.088205817099567E-002
  4.797087367732078E-002
  4.501499147562338E-002
  4.638325496549334E-002
  4.618604566212825E-002
  5.573290834333366E-002
  4.995768853733151E-002
