 -8.615197290476129E-002
 -3.541329535540427E-003
 -5.327427299302201E-002
 -1.094269321743813E-002
 -7.904354288704951E-003
 -3.038384921675963E-003
 -3.667935340202000E-002
 -3.461870769511677E-002
 -3.304741680187107E-002
 -4.248020596722490E-002
 -3.086001540192562E-003
 -1.718605188472377E-002
  1.205542838854567E-002
 -2.637827181211616E-002
 -2.153657565815958E-002
  9.564200467339301E-003
  0.101840036602636     
 -0.219304011069823     
 -2.162733113154225E-002
 -2.659860187925744E-002
 -3.090895688319328E-003
 -4.256026078843522E-002
 -3.306054166603012E-002
 -3.466278276411039E-002
 -3.681163189200376E-002
 -3.040620338815359E-003
 -3.418074322960152E-003
 -8.464043901305018E-002
 -5.495130112417357E-002
 -1.568731907113285E-002
 -3.809456054933769E-003
 -3.410160426541964E-002
 -3.526238340333521E-002
  5.941883105074020E-002
 -9.396570309818397E-002
  3.536778388453277E-002
 -4.460818104050990E-002
 -3.994887727743723E-002
 -4.889472522266036E-002
 -3.658346208435237E-002
 -2.876032598610401E-002
 -2.865898354047403E-002
 -3.653311825900740E-002
 -4.889734938220425E-002
 -4.008977251999735E-002
 -4.488265261956759E-002
  3.525729268597688E-002
 -3.520179181021366E-002
 -3.491843452456767E-002
  4.243968058325398E-002
  3.991442738547468E-002
  4.218790007369078E-002
  3.746042259243276E-002
  4.290395945347070E-002
  4.127651063184512E-002
  4.117296328398634E-002
  4.090115036525122E-002
  4.289264028400686E-002
  4.847705138598390E-002
  4.844108671733893E-002
  4.271492307817470E-002
  4.090723993283518E-002
  4.116980254403135E-002
  4.127755309098546E-002
  4.295848747188524E-002
  4.310089042619258E-002
  4.325822093289944E-002
  3.826985142562678E-002
  3.784967746194912E-002
  4.377051476137950E-002
  4.207423557063461E-002
  4.039055210463594E-002
  4.301820104499510E-002
  4.001313683328878E-002
  4.202887051708448E-002
  4.206526652626019E-002
  4.002348137208123E-002
  4.296436956847693E-002
  4.016636415956032E-002
  4.197575812692933E-002
  4.286746167486244E-002
