 -8.215885014189617E-002
  6.422135513021399E-003
 -4.933224452891416E-002
  6.001491725035368E-002
 -9.368996696269782E-002
  3.519338571319031E-002
 -4.507939078530221E-002
 -4.037126073474084E-002
 -4.927243236690426E-002
 -3.671642078856152E-002
 -2.897981924036319E-002
 -2.899079816472128E-002
 -3.674963761693739E-002
 -4.923766986790934E-002
 -4.011897293192934E-002
 -4.480627364901135E-002
  3.529822245033420E-002
 -4.060248604952577E-002
 -3.518717444272657E-002
 -1.804207047438666E-002
 -1.534929007770014E-002
 -3.302975178818457E-002
 -3.978663335922050E-002
  5.918357991841372E-002
 -8.851946556560009E-002
  3.684895654523324E-002
 -4.144983952118508E-002
 -3.696988033676529E-002
 -4.581552502650243E-002
 -3.488617453499288E-002
 -2.890589853970926E-002
 -2.434635382846473E-002
 -3.909375392670444E-002
 -2.234068903789854E-002
  0.139517849209200     
 -0.246157346431858     
 -1.316263834356679E-002
 -2.431346269366141E-002
 -2.627663399720781E-002
  5.892766748852729E-002
 -0.128655030397352     
  4.669751548516388E-002
 -5.511631231717473E-002
 -4.350427359973708E-002
 -4.892323378193897E-002
 -4.662629546183705E-002
  7.288243852833975E-002
 -0.141795507941575     
  7.386619337379408E-002
 -4.633624833929240E-002
 -4.913483273930197E-002
 -4.479938770803660E-002
 -5.696197047521245E-002
  4.705431130737026E-002
 -2.912958458629511E-002
 -3.528778498173324E-002
 -2.832030437934741E-002
 -3.483368964345779E-002
  4.288254808286895E-002
 -4.897650293776667E-002
  7.653060631021891E-003
 -8.161856649857580E-002
  4.390012006952437E-002
  3.967187682704421E-002
  4.379413072733962E-002
  3.894332983257587E-002
  4.003852578125333E-002
  4.292573266625510E-002
  4.000333557077240E-002
  4.200658762615483E-002
  4.198961838308313E-002
  4.002434972592850E-002
  4.300031253468206E-002
  4.009045026731539E-002
  4.290481453346684E-002
  4.495748349765138E-002
  4.616156073178457E-002
  4.287807178878500E-002
  4.152899893424133E-002
  4.418084167622460E-002
  4.107054921667419E-002
  4.256936105567033E-002
  4.856121120354540E-002
  4.986878240158354E-002
  4.277272939518695E-002
  4.360136250399504E-002
  4.397633093737907E-002
  4.263726934231404E-002
  4.078854510334362E-002
  4.106189346388256E-002
  4.261466337493225E-002
  4.308208876662667E-002
  4.217993295447675E-002
  4.187470466026832E-002
  4.724327307750897E-002
  5.305506029073848E-002
  4.432496137975939E-002
  3.894358454646385E-002
  3.931850571697892E-002
  4.460321465999040E-002
  4.416738482209026E-002
