 -0.391205043438973     
  0.353812535795030     
 -4.857132477912618E-002
 -3.968639251920614E-002
 -2.956169519179852E-002
 -3.037300180155000E-002
 -2.570835970618379E-002
 -2.584541660238049E-002
 -4.791910918146769E-002
 -2.453251057528938E-002
 -2.554049830250182E-002
 -3.029143648458366E-002
 -2.975177025464681E-002
 -3.998007864675390E-002
 -4.960375297147479E-002
 -3.524276979267693E-002
 -3.146659677339514E-002
  6.091983780013965E-003
 -1.333614920288984E-002
 -2.251037015498447E-003
 -3.863180371221819E-002
 -3.335367733862160E-002
 -3.440748971197483E-002
 -4.135981113213827E-002
 -2.895621693310702E-003
 -1.207462364497047E-002
  1.411086010927320E-005
 -3.033436141794521E-002
 -2.735581197132220E-002
  6.404685776863817E-002
 -7.862070685359956E-002
  4.181526113053868E-002
 -2.368779430436696E-002
 -3.119317940092792E-002
  9.808997931966434E-003
 -0.184932760245296     
  2.163635775814887E-002
 -9.003575788480767E-003
 -7.588151195018433E-003
 -3.835920116575409E-002
  1.564579107774433E-002
 -0.199641366106408     
  9.044211533785118E-002
 -3.728139431924937E-002
 -3.303757299475052E-002
 -2.546477299965488E-003
 -3.878574455876471E-002
 -3.483318079952458E-002
 -3.513745873377516E-002
 -4.154831667913239E-002
 -3.549136151900001E-003
 -2.994381787731992E-002
 -3.099181878118973E-002
  4.046655485031647E-002
  4.133671003174877E-002
  4.149832042498358E-002
  4.231221180187905E-002
  4.836159478601687E-002
  4.954577145221839E-002
  4.260974667277917E-002
  4.157456958165695E-002
  4.133386173612008E-002
  4.030897078667284E-002
  4.445337646105507E-002
  4.201718240616403E-002
  4.328976732537226E-002
  4.173783220458782E-002
  4.057651808195939E-002
  4.119195640407702E-002
  4.440464363641816E-002
  4.536630056099045E-002
  4.330132010921206E-002
  4.398590138185110E-002
  5.195668680324417E-002
  5.009105330092278E-002
  4.227885634418072E-002
  5.529084097880377E-002
  4.128490785238759E-002
  4.361784686452863E-002
  4.351404112549506E-002
  4.121233596430618E-002
  4.027927560653888E-002
  4.055439106039527E-002
  4.210748726060187E-002
  4.678695182083237E-002
