           2           1   1.70789568291709     
           3           2  0.810888863518978     
           4           3   1.41080477088792     
           5           4   1.42485298035632     
           6           5   1.42892962688670     
           7           6   1.43159673290793     
           8           3   1.41359730274844     
           8           7   1.42318725290270     
           9           2  0.813633170335741     
          10           9   1.41539440560387     
          11          10   1.42073193874680     
          12          11   1.43414383847411     
          13          12   1.42594654956712     
          14           9   1.40669954509839     
          14          13   1.42849700569002     
          15           2  0.806526860330695     
          16          15   1.41433992414190     
          17          16   1.42473334885781     
          18          17   1.38517714837335     
          19          18  0.966544051987088     
          20          19   1.31179509349556     
          21          20   1.21552059816246     
          22          21   1.59698079945297     
          23          22   1.26516676525944     
          24          23   1.59643530975702     
          25          20   1.17460107228403     
          25          24   1.21634644781360     
          26          25   1.31005945065097     
          27          26  0.973347307714110     
          28          27   1.37704236832782     
          29          28   1.44289933651892     
          30          29   1.38301127119960     
          31          30  0.966421014777720     
          32          31   1.05419539438875     
          33          32   1.37880175995787     
          34          33   1.42744429280724     
          35          34   1.40806618253957     
          36          35   1.43674258135541     
          37          32   1.23773036661484     
          37          36   1.35216053874087     
          38          37   1.10367213185432     
          39          38   1.36377593597708     
          40          39   1.42938475118757     
          41          40   1.41809293070876     
          42          41   1.41417620558720     
          43          31   1.09782848212152     
          43          38   1.22852284179105     
          43          42   1.36110832811282     
          44          30   1.38237745559014     
          45          27   1.37798338075953     
          45          44   1.44209845680639     
          46          26   1.31002981734481     
          47          46   1.21627091035871     
          48          47   1.59643470157443     
          49          48   1.26526551073481     
          50          49   1.59675405698842     
          51          19   1.31162023876883     
          51          46   1.17461343586696     
          51          50   1.21584792564415     
          52          18   1.37811477951567     
          53          15   1.40487712021866     
          53          52   1.43344964005706     
          54           4  0.945085880978815     
          55           5  0.943792763326828     
          56           6  0.944285747889663     
          57           7  0.943938317329810     
          58           8  0.945748581976663     
          59          10  0.945305088802351     
          60          11  0.943878509293605     
          61          12  0.944328852105331     
          62          13  0.943834461542745     
          63          14  0.945936320999819     
          64          16  0.942403511369159     
          65          17  0.942686626198287     
          66          21  0.940901725721196     
          67          22  0.945380410636147     
          68          23  0.945537404025454     
          69          24  0.940910675498128     
          70          28  0.943943613052166     
          71          29  0.944092629420024     
          72          33  0.941180381735436     
          73          34  0.944869758505181     
          74          35  0.947333451337365     
          75          39  0.942149862112749     
          76          40  0.945282451401513     
          77          41  0.947363938642558     
          78          44  0.944434295182318     
          79          45  0.944015657819049     
          80          47  0.940570299648672     
          81          48  0.945474647433027     
          82          49  0.945558981931509     
          83          50  0.941272990329062     
          84          52  0.942931133679568     
          85          53  0.943753203976787     
