 -4.873581056006060E-002
 -4.432456466432733E-002
 -5.604288452542150E-002
  4.648656416228469E-002
  7.442870755601305E-002
 -4.676190737850661E-002
 -0.138995144750890     
  7.391372542570451E-002
 -4.683119985717621E-002
 -4.846871807123243E-002
 -4.344127194483693E-002
 -5.500964278325071E-002
  4.632181133944169E-002
 -0.126914435511952     
  5.925073630914213E-002
 -2.421717416200408E-002
 -1.781542223949462E-002
  2.162346970835882E-002
  9.711102153370099E-002
 -0.128958719235376     
 -0.116334892205356     
  4.067714720990967E-002
  9.972814088794468E-003
 -2.285218242038844E-002
 -2.439270774666280E-002
  5.597115054035884E-002
 -0.130373901252492     
  4.639398559847807E-002
 -5.560739065240927E-002
 -4.310120529364614E-002
 -4.852881317391944E-002
 -4.645643065249949E-002
  7.334967979202922E-002
 -0.139465602071955     
  7.430585960986713E-002
 -4.654923385345366E-002
 -4.826556099029666E-002
 -4.403558703453392E-002
 -5.864490082615958E-002
  4.512956949520097E-002
 -2.843085643724130E-002
 -3.797226446295632E-002
  5.295869685006771E-002
  9.461045197246332E-003
 -3.322799056860504E-002
 -2.446535985756704E-002
  5.748656087570625E-002
 -0.130346577173982     
  4.452696472093987E-002
 -5.821057824458098E-002
 -4.303704401021591E-002
 -4.718043760843216E-002
 -4.591488861749760E-002
  7.445605833977265E-002
 -0.138768231431190     
  7.415972193652509E-002
 -4.573975944605291E-002
 -4.781611570904865E-002
 -4.326263068455827E-002
 -5.641898704065529E-002
  4.605938851983149E-002
 -2.342513429474913E-002
 -2.711268042626536E-002
 -0.183794720742865     
 -2.703874855857791E-002
 -2.660250882809656E-002
  4.255537210075933E-002
  4.342414194345623E-002
  4.314209292629478E-002
  4.084725462333305E-002
  4.071040211091370E-002
  4.260378303420620E-002
  4.393988667712334E-002
  4.383780638418888E-002
  4.440242365570080E-002
  5.418595772040913E-002
  5.264458232818814E-002
  4.520003454002308E-002
  4.305333737442529E-002
  4.409195153420886E-002
  4.277612534742137E-002
  4.084869924191270E-002
  4.101425462769570E-002
  4.309959409234820E-002
  4.493555984934328E-002
  4.146621175220166E-002
  4.378812861249071E-002
  4.689932227051830E-002
  5.065594887128022E-002
  4.527395688711355E-002
  4.154923322003234E-002
  4.545937106826414E-002
  4.344570650071544E-002
  4.119580418283897E-002
  4.119426472345167E-002
  4.304076416301339E-002
  4.397253902280873E-002
  4.240797863391699E-002
  4.507283162838138E-002
  5.098722111412213E-002
  4.906301397906365E-002
  4.306058244979694E-002
