 -8.843008586577028E-002
 -5.171775626796560E-002
 -4.916430742575795E-002
  2.670438452706225E-002
 -7.124555346442296E-002
  4.335655084677237E-002
 -2.977492781840141E-002
 -3.360083432850036E-002
 -1.152440074227101E-003
 -1.977429467788561E-003
  2.482537671349450E-002
  0.100628567034616     
 -0.203740402777972     
  9.989436986823197E-002
 -0.208482422735500     
 -2.757311073635549E-002
 -1.779439943182304E-002
 -1.693795386987240E-002
 -3.033077414849661E-002
 -2.944957669219761E-003
 -4.158576300026695E-003
  2.495993129523510E-002
  0.100186289559220     
 -0.204159331665082     
  9.949727817049014E-002
 -0.207174045266284     
 -3.479668756626264E-002
 -3.113510531879893E-002
  4.574346922173467E-002
  3.717742908611255E-002
  2.822736726181541E-002
  2.927330663352568E-002
  2.818597469851403E-002
  2.483071816260218E-002
  2.972034426067349E-002
  3.814914186699436E-002
  4.985709258393323E-002
  5.605680457836770E-002
  4.751950080824763E-002
  5.780398051580515E-002
  6.199192716652857E-002
  4.914581322442735E-002
  5.639352788928809E-002
  6.131822291309796E-002
  4.809881627210721E-002
  4.674491703964434E-002
