           2           1   1.42031138416654     
           3           2   1.45100667826532     
           4           3   1.35524939263080     
           5           4   1.04576522228087     
           6           5   1.34606115859426     
           7           6   1.34602890394886     
           8           7   1.04578966132563     
           9           8   1.35521057570459     
          10           9   1.45102993871336     
          11          10   1.42029882858247     
          12          11   1.42028671588126     
          13           8   1.35502995169245     
          13          12   1.45114837568283     
          14           7   1.33757266236459     
          15          14   1.34956913975493     
          16          15   1.03252117354999     
          17          16   1.36147616585241     
          18          17   1.39476672971741     
          19          18  0.980129373716791     
          20          19   1.05194539763671     
          21          20   1.37069119306018     
          22          21   1.45091434043916     
          23          22   1.39500807246298     
          24          23   1.46003756386148     
          25          20   1.26659142415397     
          25          24   1.35362381533262     
          26          25   1.08641540972397     
          27          26   1.35385643419136     
          28          27   1.45980627100244     
          29          28   1.39533776254015     
          30          29   1.45051160885437     
          31          19   1.05191475254699     
          31          26   1.26627542453111     
          31          30   1.37105492433801     
          32          18   1.37950493871567     
          33          32   1.37939714206010     
          34          33  0.980130289323335     
          35          34   1.05195237978735     
          36          35   1.37070804402241     
          37          36   1.45090089356834     
          38          37   1.39501289197381     
          39          38   1.46003687388754     
          40          35   1.26657069866164     
          40          39   1.35362682921683     
          41          40   1.08641852174516     
          42          41   1.35382490121248     
          43          42   1.45983587636769     
          44          43   1.39530651839263     
          45          44   1.45054660052406     
          46          34   1.05191198973301     
          46          41   1.26630816947047     
          46          45   1.37102132134579     
          47          16   1.36137556057330     
          47          33   1.39488066753500     
          48           5   1.33758088616763     
          48          15   1.34957182163180     
          49           4   1.35501698670992     
          50           1   1.42028084983168     
          50          49   1.45116034245467     
          51           1  0.947312169110229     
          52           2  0.946501119263252     
          53           3  0.945888967261659     
          54           9  0.945884529968234     
          55          10  0.946500357551060     
          56          11  0.947311673227799     
          57          12  0.946486282402589     
          58          13  0.945900882883731     
          59          17  0.942366014711402     
          60          21  0.943308842800189     
          61          22  0.944725386408938     
          62          23  0.945056967554343     
          63          24  0.944754358095724     
          64          27  0.944736531214736     
          65          28  0.945013565464346     
          66          29  0.944685434664864     
          67          30  0.943541257044844     
          68          32  0.943156593761022     
          69          36  0.943316444167725     
          70          37  0.944726302363903     
          71          38  0.945056315576742     
          72          39  0.944753684342491     
          73          42  0.944737763577995     
          74          43  0.945014739780355     
          75          44  0.944686073925890     
          76          45  0.943533681291718     
          77          47  0.942363465520786     
          78          49  0.945895729850967     
          79          50  0.946484734754684     
