           2           1  0.994067582623976     
           3           2   1.42985160377992     
           4           3   1.33908386031431     
           5           4   1.06576531708872     
           6           5   1.31897819560898     
           7           6   1.35277985323017     
           8           7   1.35283567166098     
           9           8   1.31871148982586     
          10           9   1.06576383743859     
          11          10   1.34650290693708     
          12          11   1.45097779420177     
          13          12   1.38926690088339     
          14          13  0.970769252125229     
          15          13   1.33615647427550     
          16          15  0.994068570986378     
          17          10   1.33912021263614     
          17          15   1.42982653089867     
          18           9   1.31900798943690     
          19          18   1.35275225924435     
          20          19   1.35281972740934     
          21          20   1.31872680153936     
          22          21   1.06576649748499     
          23          22   1.34654445348332     
          24          23   1.45095067281959     
          25          24   1.38927959167851     
          26          25  0.970771549842398     
          27          25   1.33614033245861     
          28          27  0.994067425221457     
          29          22   1.33907559133486     
          29          27   1.42985717083449     
          30          21   1.31898397552547     
          31          30   1.35279725091137     
          32           5   1.31874590438650     
          32          31   1.35279152852789     
          33           7   1.03914880384629     
          33          19   1.03916059597599     
          33          31   1.03916254461146     
          34           4   1.34654175609686     
          35          34   1.45095229477447     
          36           2   1.33614381128164     
          36          35   1.38927731142888     
          37          36  0.970769917048989     
          38           1  0.971246236145187     
          39           1  0.971474596235711     
          40           1  0.978968687841985     
          41           3  0.940728774474379     
          42          11  0.941212663410747     
          43          12  0.943786535361252     
          44          16  0.971302830376770     
          45          16  0.978971804174184     
          46          16  0.971416053298284     
          47          17  0.940743183141131     
          48          23  0.941225686353213     
          49          24  0.943788196972701     
          50          28  0.978968990581215     
          51          28  0.971240325521584     
          52          28  0.971480222115521     
          53          29  0.940728931906742     
          54          34  0.941224528801085     
          55          35  0.943788292945184     
