 -0.241253632106726     
  0.146060575572340     
 -1.535485421347094E-002
 -3.456919097292932E-002
 -2.932663384426970E-002
  5.945255965393237E-002
 -0.128475790919437     
  4.644448188400085E-002
 -5.506964579240936E-002
 -4.358058572432189E-002
 -4.881612780270750E-002
 -4.694099542071317E-002
  7.360980984665444E-002
 -0.139283443837141     
  7.442599683265572E-002
 -4.688810572867474E-002
 -4.917124066021827E-002
 -4.497922912800867E-002
 -5.711090127010188E-002
  4.668242356642160E-002
 -2.676448543169574E-002
 -2.462589428077422E-002
 -2.428690077481388E-002
 -2.876675990003719E-002
 -3.593070577992385E-002
  4.253317694522796E-002
 -2.377571152741709E-002
 -3.833008012983719E-002
 -2.809479575622920E-002
 -3.450416786088173E-002
 -4.536997552309607E-002
 -3.665679132919131E-002
 -4.182682058833009E-002
  3.701000002382404E-002
 -8.934186254105381E-002
  6.538334204532026E-002
 -3.838414544442870E-002
 -2.333180506562549E-002
 -3.745325145893386E-002
  6.747475934787062E-002
 -9.394176960218115E-002
  3.496760901937801E-002
 -4.583661025762709E-002
 -3.834553951130371E-002
 -4.728314721552174E-002
 -3.593865986725753E-002
 -2.802346353553453E-002
 -2.740372934465451E-002
 -3.572771544569697E-002
 -4.779757934271611E-002
 -3.959291570228274E-002
 -4.494027362944752E-002
  3.530507674749650E-002
 -3.766703621865553E-002
  4.729596097948863E-002
  4.191834815540496E-002
  4.370236141049089E-002
  4.389384950273634E-002
  4.254749744959230E-002
  4.066753799915657E-002
  4.086588053134554E-002
  4.248729981784982E-002
  4.297598128503166E-002
  4.220578255352969E-002
  4.257906474215090E-002
  4.968005222511673E-002
  5.261169624317785E-002
  4.532803209217129E-002
  4.817084037376740E-002
  4.262193588057961E-002
  4.109652877471703E-002
  4.418980122961269E-002
  4.124427853620682E-002
  4.351051004854378E-002
  5.150503869834933E-002
  4.414138591976691E-002
  4.113028711608668E-002
  4.405533286908192E-002
  4.046478613244686E-002
  4.222100975255283E-002
  4.246550421203532E-002
  4.029999359873360E-002
  4.315441136510312E-002
  4.013426195776926E-002
  4.224790754855801E-002
