           2           1   1.42286582907819     
           3           2   1.44644561009967     
           4           3   1.36178909504625     
           5           4   1.02948188295946     
           6           5   1.18259724592445     
           7           6   1.54329266752736     
           8           7   1.03048116956981     
           9           8   1.35663134044203     
          10           9   1.44791257444922     
          11          10   1.42102079009950     
          12          11   1.42420474560865     
          13           8   1.36272429428129     
          13          12   1.44426625953480     
          14           7   1.13122605612235     
          15          14  0.955317144544271     
          16          15   1.38343004666654     
          17          16   1.44179994341520     
          18          17   1.37782430704120     
          19          18  0.973333209789356     
          20          19   1.31001271536171     
          21          20   1.21668058989476     
          22          21   1.59605105162757     
          23          22   1.26566528013844     
          24          23   1.59620736287231     
          25          20   1.17469546458956     
          25          24   1.21639340754881     
          26          25   1.31020285754897     
          27          26  0.974080198412331     
          28          27   1.37235657430664     
          29          28   1.45113097032648     
          30          29   1.36074227961345     
          31          30   1.02334730235155     
          32          31   1.55575677430065     
          33          32   1.17174086784659     
          34          33   1.13238602782355     
          35          34   1.30900790400804     
          36          35   1.49937621328986     
          37          36   1.35796199936207     
          38          37   1.49596905162711     
          39          34   1.26566098634175     
          39          38   1.31898316008190     
          40          39   1.10840453531074     
          41          40   1.32517251406182     
          42          41   1.49100650270379     
          43          42   1.35982572077203     
          44          43   1.49789404098652     
          45          40   1.24941453469729     
          45          44   1.30450022194080     
          46          33   1.38659753204905     
          46          45   1.15304904766433     
          47          31   1.12090521229016     
          47          46   1.08292885397361     
          48          47  0.949878797438886     
          49          48   1.39301797622282     
          50          49   1.43181252538725     
          51          50   1.43159315167577     
          52          51   1.42711250166110     
          53          48   1.38259169811152     
          53          52   1.43567185905082     
          54          30   1.35605372313417     
          55          27   1.37151251881359     
          55          54   1.45277073140828     
          56          26   1.30855420676752     
          57          56   1.21677149607661     
          58          57   1.59582166332790     
          59          58   1.26601466801811     
          60          59   1.59580266882528     
          61          19   1.30902886146479     
          61          56   1.17585595083107     
          61          60   1.21674280120811     
          62          18   1.37763100565607     
          63          15   1.38390787831386     
          63          62   1.44163100697633     
          64           5   1.50075112023546     
          64          14   1.09165603673899     
          65          64   1.01239995750035     
          66          65   1.36885530017289     
          67          66   1.43988134725199     
          68          67   1.42706733054849     
          69          68   1.42215276802199     
          70          65   1.36334140875016     
          70          69   1.44487794465840     
          71           4   1.36374553303098     
          72           1   1.42286633490365     
          72          71   1.44609589294275     
          73           1  0.947451050223714     
          74           2  0.946332854277636     
          75           3  0.946980723482709     
          76           9  0.946521144686173     
          77          10  0.945671134400417     
          78          11  0.946973235121262     
          79          12  0.946066842870973     
          80          13  0.944576453388714     
          81          16  0.944611173798677     
          82          17  0.943664840286076     
          83          21  0.940655830781197     
          84          22  0.945474774486119     
          85          23  0.945360168052665     
          86          24  0.940591592310078     
          87          28  0.944739792899951     
          88          29  0.942104698366403     
          89          35  0.944928377192294     
          90          36  0.945382106704374     
          91          37  0.945692598589284     
          92          38  0.942176976239166     
          93          41  0.941157924424902     
          94          42  0.945423263467213     
          95          43  0.945160963704994     
          96          44  0.938579159675059     
          97          49  0.946906361746138     
          98          50  0.944912743460384     
          99          51  0.945914644029685     
         100          52  0.944763038081099     
         101          53  0.946989268427801     
         102          54  0.944381856872867     
         103          55  0.944332851450784     
         104          57  0.940664633159037     
         105          58  0.945520379856899     
         106          59  0.945496991729538     
         107          60  0.940652999673698     
         108          62  0.943650309750132     
         109          63  0.944146343767325     
         110          66  0.946032978717358     
         111          67  0.945925253843457     
         112          68  0.947157728217929     
         113          69  0.945663040724141     
         114          70  0.946504638929238     
         115          71  0.945213684077479     
         116          72  0.946487222900320     
