 -3.468916759039420E-002
 -3.468430270295997E-002
 -3.887393771239989E-002
 -2.041624300264999E-003
 -4.395259796682982E-002
  3.177958574258621E-003
 -1.211994740954925E-002
 -2.993236609707850E-003
 -3.954447344027745E-002
 -3.522627922687427E-002
 -3.524947522907507E-002
 -3.961648305963639E-002
 -2.989483064746778E-003
 -1.210280863906377E-002
  3.168914070884377E-003
 -3.594420541317334E-002
 -3.972495651470442E-002
 -4.537711322628368E-003
 -3.976364278117561E-002
 -3.467674966458745E-002
 -3.467516719512087E-002
 -3.886142103309531E-002
 -2.050967030828410E-003
 -4.396026638369221E-002
 -2.680240853794480E-003
 -3.985886595229005E-002
 -3.531406817936489E-002
 -3.527152754583973E-002
 -3.982055326682055E-002
 -2.692387068061741E-003
 -3.601290360127507E-002
 -3.971697167451804E-002
 -4.538226702324621E-003
 -3.976863612415915E-002
  3.996673443178578E-002
  4.016627045609200E-002
  3.755433180919188E-002
  3.739680023505143E-002
  4.216328800911018E-002
  4.068580817464518E-002
  4.067775966968246E-002
  4.219634825836782E-002
  4.087420259223762E-002
  3.975530035924191E-002
  3.736936625583009E-002
  3.996594969278944E-002
  4.016844291282695E-002
  3.756094818769673E-002
  3.742180556864527E-002
  4.217010140498201E-002
  4.070599300848188E-002
  4.070991428359694E-002
  4.214287288225826E-002
  4.083158959063349E-002
  3.974512888707482E-002
  3.737745594385955E-002
