 -4.983593559102761E-002
 -4.046922911230144E-002
 -4.504151035437065E-002
  3.498618655938346E-002
 -2.956982883227521E-002
 -3.714621087083270E-002
 -2.952292799064615E-002
 -3.712676043521679E-002
 -4.989156428585328E-002
 -4.060134756987477E-002
 -4.517745675351392E-002
  3.489984273781710E-002
 -9.459611532046264E-002
  4.372310083647735E-002
 -3.414524686436149E-002
 -5.261785403494645E-002
  4.983662749595252E-002
 -0.135765760600514     
  4.979473780319887E-002
 -5.246199248724537E-002
 -3.410590570218730E-002
  4.395509224006000E-002
 -9.455503815852140E-002
  3.502901853234963E-002
 -4.501970197867067E-002
 -4.046092326733053E-002
 -4.981172500865849E-002
 -3.712632222969514E-002
 -2.956488996110096E-002
 -2.948955264039377E-002
 -3.711047922002120E-002
 -4.984982103282487E-002
 -4.058044788843951E-002
 -4.519625438384800E-002
  3.487771211302571E-002
 -3.477533211107353E-002
 -4.722742819662695E-002
 -4.760524646590003E-002
 -3.471753328980398E-002
  3.982804216668534E-002
  4.291523410635067E-002
  4.016699272547086E-002
  4.181170661606048E-002
  4.182865101476307E-002
  3.981367072146991E-002
  4.284562789718360E-002
  3.992762398898453E-002
  4.450935679812096E-002
  3.848814733347627E-002
  0.138760162092797     
  3.852010192889710E-002
  4.452019272143515E-002
  4.015459114966713E-002
  4.292153538266397E-002
  3.983593764159299E-002
  4.180976024869210E-002
  4.182906884281834E-002
  3.982879314925603E-002
  4.284748111417880E-002
  3.994489623454778E-002
  4.491823504927406E-002
  4.557015893584759E-002
  4.556780074059352E-002
  4.490025571942491E-002
