           2           1   1.39244041068831     
           3           2   1.45395298707499     
           4           3   1.36717550463300     
           5           4   1.26259538463899     
           6           1   1.46146057867777     
           6           5   1.35268556918594     
           7           5   1.08984437388969     
           8           7   1.35273579976218     
           9           8   1.46142408494936     
          10           9   1.39244067194331     
          11          10   1.45396083707377     
          12           7   1.26256737443934     
          12          11   1.36717821559136     
          13           4   1.06066011061537     
          13          12   1.06082485293000     
          14          13  0.967752048314334     
          15          14   1.37639365018839     
          16          15   1.45525752384238     
          17          16   1.35481212152250     
          18          17   1.04831527581350     
          19          18   1.04765498722959     
          20          19   1.35528687107140     
          21          20   1.45488379422662     
          22          21   1.37660069108246     
          23          22  0.967963150171185     
          24          23   1.06071152110389     
          25          24   1.36718563446618     
          26          25   1.45392845069779     
          27          26   1.39244161939749     
          28          27   1.46146760902185     
          29          24   1.26260627704318     
          29          28   1.35270319438902     
          30          29   1.08983645085669     
          31          30   1.35268636271915     
          32          31   1.46145085663345     
          33          32   1.39245224831693     
          34          33   1.45395818902504     
          35          23   1.06058718370735     
          35          30   1.26267632744821     
          35          34   1.36720227021903     
          36          22   1.38030024403772     
          37          19   1.35675680991408     
          37          36   1.45014671145177     
          38          17   1.35656245812767     
          39          14   1.38052672800156     
          39          38   1.45003951005452     
          40           1  0.945147797548008     
          41           2  0.944808798839129     
          42           3  0.944007978932536     
          43           6  0.944712180557057     
          44           8  0.944708452437042     
          45           9  0.945155983500344     
          46          10  0.944825955708732     
          47          11  0.944075570241242     
          48          15  0.944215795302060     
          49          16  0.944454950263576     
          50          18  0.948900210799077     
          51          20  0.944421465504708     
          52          21  0.944212174898883     
          53          25  0.944027835880593     
          54          26  0.944812152112948     
          55          27  0.945145113954813     
          56          28  0.944707411837611     
          57          31  0.944709296584810     
          58          32  0.945151752977794     
          59          33  0.944817500003867     
          60          34  0.944028749046533     
          61          36  0.944024823816608     
          62          37  0.941877730251208     
          63          38  0.941793912451935     
          64          39  0.944046403058371     
