 -4.196634745386429E-002
  4.100297516015772E-002
  0.113566359347461     
 -7.896128990656859E-002
  4.365841218545352E-002
 -3.559163991180014E-002
 -3.630746908943383E-002
 -4.507246829730605E-002
 -3.542455177338777E-002
 -2.500481415995903E-002
 -2.303568236898013E-002
 -3.458888345216593E-002
 -4.465888681812658E-002
 -3.769701248201773E-002
 -4.458147306690829E-002
  3.760137288298093E-002
 -0.184560956088446     
  0.113574140199487     
 -7.895923763856327E-002
  3.761075244045120E-002
 -4.451235794003061E-002
 -3.768388157875258E-002
 -4.465792423020254E-002
 -3.458303925536388E-002
 -2.304004123631564E-002
 -2.499707925293393E-002
 -3.542260162181599E-002
 -4.506851502173337E-002
 -3.630553444621309E-002
 -3.560091765930107E-002
  4.364474739895607E-002
  4.099499606910051E-002
 -4.196434891297240E-002
  6.250401667875316E-002
 -0.102776513460404     
  3.587749251707972E-002
 -4.461203587788098E-002
 -3.655862029873269E-002
 -4.490127611731065E-002
 -3.365079904095758E-002
 -2.401916939158344E-002
 -2.402250860791266E-002
 -3.364870235047768E-002
 -4.490242304685843E-002
 -3.655495255719199E-002
 -4.457251218067171E-002
  3.590457672339520E-002
  4.443764669261940E-002
  4.417791653973413E-002
  4.041272827389830E-002
  4.225203031883917E-002
  4.300973511124073E-002
  4.068855824623174E-002
  4.382002256857775E-002
  4.096619473737473E-002
  4.091248636137190E-002
  4.382433011999043E-002
  4.068765612546144E-002
  4.301271527451056E-002
  4.225303426519467E-002
  4.041160141507916E-002
  4.418054545941719E-002
  4.446082057360390E-002
  3.980620952079550E-002
  4.396917713959148E-002
  4.080167716655247E-002
  4.295150736743980E-002
  4.295168608117417E-002
  4.080177939815322E-002
  4.396709361424811E-002
  3.976947261879427E-002
