           2           1   1.00395909925494     
           3           2   1.31624053349577     
           4           3   1.02194902193124     
           5           4   1.02987556344270     
           6           5   1.38084568998473     
           7           6   1.44351114863091     
           8           7   1.40101566957075     
           9           8   1.45627584448474     
          10           5   1.27374088230502     
          10           9   1.35634454782423     
          11          10   1.07932002044614     
          12          11   1.35813496686696     
          13          12   1.45453022859592     
          14          13   1.40176053895124     
          15          14   1.44310583232203     
          16           4   1.03837676775009     
          16          11   1.27105576469345     
          16          15   1.37778976031869     
          17           3   1.36705838049220     
          18          17   1.36718109585606     
          19          18   1.02198538882447     
          20          19   1.03842429217985     
          21          20   1.37777903336612     
          22          21   1.44310869430703     
          23          22   1.40175696675758     
          24          23   1.45453110942047     
          25          20   1.27105793628709     
          25          24   1.35813985079521     
          26          25   1.07930378608913     
          27          26   1.35635426591694     
          28          27   1.45626137220760     
          29          28   1.40103090825459     
          30          29   1.44349531544665     
          31          19   1.02979268217700     
          31          26   1.27375835407939     
          31          30   1.38086647551803     
          32          18   1.31605896270162     
          33          32   1.00396007834671     
          34           2   1.33905473673954     
          34          32   1.33927074560606     
          35          34  0.981011945043756     
          36          35   1.04210919717115     
          37          36   1.37538981573786     
          38          37   1.44671464570004     
          39          38   1.39864141353338     
          40          39   1.45751721662786     
          41          36   1.26879855034631     
          41          40   1.35561563306979     
          42          41   1.08255093465702     
          43          42   1.35563008202602     
          44          43   1.45750807102515     
          45          44   1.39865486736699     
          46          45   1.44669316253726     
          47          35   1.04212481705080     
          47          42   1.26877517187741     
          47          46   1.37540397868539     
          48           6  0.943012126461667     
          49           7  0.944617615649996     
          50           8  0.944860818967754     
          51           9  0.944791416310018     
          52          12  0.944714627171765     
          53          13  0.944822152101715     
          54          14  0.944555907913877     
          55          15  0.941862867872961     
          56          21  0.941943525025057     
          57          22  0.944556733437969     
          58          23  0.944821924004358     
          59          24  0.944713685415281     
          60          27  0.944790794220808     
          61          28  0.944861456540177     
          62          29  0.944615392186643     
          63          30  0.942985943977596     
          64          37  0.943019975617271     
          65          38  0.944660685283667     
          66          39  0.944915909563404     
          67          40  0.944693471771892     
          68          43  0.944690925123046     
          69          44  0.944914598211406     
          70          45  0.944660673572014     
          71          46  0.943081083623832     
