           2           1  0.953803395553148     
           3           2  0.953980092222592     
           4           2  0.944434126075047     
           5           4   1.41799849520605     
           6           5   1.36647911408560     
           7           6   1.01204168578492     
           8           7   1.36872316970793     
           9           8   1.44435372104216     
          10           9   1.42477183984603     
          11          10   1.42357079857227     
          12           7   1.36827733317966     
          12          11   1.44483173470047     
          13           6   1.35387348372690     
          14          13   1.46367424607911     
          15           4   1.32352647237081     
          15          14   1.34841183207568     
          16          15   1.03266536571453     
          17          16  0.946160689258311     
          18          17   1.39327852980331     
          19          18   1.42033525241278     
          20          19   1.41115147172601     
          21          20  0.749091968563146     
          22          21   1.77395485100216     
          23          21   1.77388491493384     
          24          21  0.748960852412986     
          25          24   1.40381039838994     
          26          25   1.42922774714581     
          27          26   1.38441056179876     
          28          27  0.951382356643883     
          29          28   1.03043127487107     
          30          29   1.34937453988024     
          31          30   1.46442302037367     
          32          31   1.35653891691395     
          33          32   1.00486938985035     
          34          33   1.37188357991432     
          35          34   1.44306448446772     
          36          35   1.42549213285880     
          37          36   1.42515854546093     
          38          33   1.37157682986620     
          38          37   1.44334169017336     
          39          32   1.37142163140249     
          40          29   1.32634390189783     
          40          39   1.41443228895245     
          41          40  0.944763354587754     
          42          41  0.953989242110254     
          43          41  0.953495101536745     
          44          41  0.944664256356341     
          45          44   1.41727724250679     
          46          45   1.36716504852558     
          47          46   1.01078306700140     
          48          47   1.36907782404803     
          49          48   1.44445109922662     
          50          49   1.42369697239952     
          51          50   1.42458436701070     
          52          47   1.36898835935377     
          52          51   1.44423565403678     
          53          46   1.35496704019057     
          54          53   1.46317385385039     
          55          28   1.03109268444531     
          55          44   1.32421741299922     
          55          54   1.34922508367273     
          56          27   1.39167744873677     
          57          24   1.41151326872496     
          57          56   1.42054578509610     
          58          20   1.40428724844313     
          59          17   1.38635863670447     
          59          58   1.42854411715279     
          60          16   1.03264176684398     
          61          60   1.34963516790148     
          62          61   1.46383475673302     
          63          62   1.35723132497062     
          64          63   1.00482320038878     
          65          64   1.37183764414307     
          66          65   1.44309339949190     
          67          66   1.42546024880536     
          68          67   1.42520315583975     
          69          64   1.37168110631595     
          69          68   1.44327454832374     
          70          63   1.37047526162592     
          71           2  0.944496294492156     
          71          60   1.32488312107793     
          71          70   1.41568836340947     
          72           1  0.977590809059030     
          73           1  0.975743806136132     
          74           1  0.975812404119350     
          75           3  0.975747550011930     
          76           3  0.977571081998395     
          77           3  0.975616444809307     
          78           5  0.939987221626457     
          79           8  0.946582295101099     
          80           9  0.946598604404366     
          81          10  0.947503448303035     
          82          11  0.946065612548898     
          83          12  0.946411000023403     
          84          13  0.939664279197192     
          85          14  0.939965268619143     
          86          18  0.941544816746252     
          87          19  0.942027029564793     
          88          25  0.943123698773249     
          89          26  0.941768394106304     
          90          30  0.939657373373982     
          91          31  0.942644485270187     
          92          34  0.946934425228672     
          93          35  0.946640135604634     
          94          36  0.947585529625804     
          95          37  0.946578451974389     
          96          38  0.946992985096068     
          97          39  0.940409245099405     
          98          42  0.975765844643246     
          99          42  0.977596981195102     
         100          42  0.975882488274379     
         101          43  0.977562614331178     
         102          43  0.975636534752278     
         103          43  0.975563103384275     
         104          45  0.939993700846781     
         105          48  0.946593784038724     
         106          49  0.946384669451161     
         107          50  0.947468991427892     
         108          51  0.946576600777374     
         109          52  0.946614148723127     
         110          53  0.939177111115623     
         111          54  0.939822282112041     
         112          56  0.941468900634490     
         113          57  0.942089972769132     
         114          58  0.943129297049629     
         115          59  0.941790703504395     
         116          61  0.940045402095715     
         117          62  0.942645553203615     
         118          65  0.946933806152647     
         119          66  0.946636695330619     
         120          67  0.947583036565455     
         121          68  0.946575776445652     
         122          69  0.946992640426549     
         123          70  0.940560647746660     
