 -3.801238410592322E-002
 -2.997132869719810E-002
 -3.532598784837315E-002
  6.109348354681998E-002
 -9.442907248128840E-002
  3.539382273965774E-002
 -4.474637508599955E-002
 -4.036173484088668E-002
 -4.910765086369562E-002
 -3.641263591138699E-002
 -2.741728999170867E-002
 -2.747067274095194E-002
 -4.120232355511444E-002
 -1.286813575486523E-002
 -1.291622805360237E-002
 -4.430786062875924E-002
 -4.334021162441903E-002
  3.403988054994223E-002
 -2.753049662289975E-002
 -4.126833824176313E-002
 -2.740019588902509E-002
 -3.642186644494672E-002
 -4.911374409328140E-002
 -4.036032812955970E-002
 -4.475944205903737E-002
  3.534936013282275E-002
 -9.434265780528239E-002
  6.115609312278281E-002
 -3.548530287658203E-002
 -3.002478774963269E-002
 -3.800010691593148E-002
 -2.996175172178894E-002
 -3.526835148309004E-002
 -4.437374621395751E-002
 -4.339576328698236E-002
  3.402148903814206E-002
 -3.534158412586397E-002
 -3.003250002547109E-002
  3.980230517294292E-002
  4.275213433876623E-002
  3.980318064825450E-002
  4.032874412624377E-002
  4.300848423683845E-002
  4.005530749005415E-002
  4.229314006074869E-002
  4.268181541512728E-002
  4.403332520401770E-002
  4.287500490944962E-002
  4.265633759131404E-002
  4.228699653529633E-002
  4.004740100070847E-002
  4.301755150727182E-002
  4.033393595174206E-002
  3.966839514852016E-002
  4.270198101196365E-002
  3.979749798597920E-002
  4.275744822584238E-002
  3.977676920655748E-002
  4.388892551029200E-002
  4.285239708524635E-002
  3.976595708598585E-002
  4.273169128993315E-002
