 -8.942368961054914E-002
 -7.421424160600765E-004
 -4.892441330504127E-002
 -4.128037468745482E-002
 -3.748016472725713E-002
 -2.158527792037734E-002
 -2.072452016316984E-002
 -3.256419678198963E-002
 -4.374097061053916E-002
 -3.763860748304992E-002
 -4.759417903458107E-002
  3.320481413397181E-002
 -0.100863349300297     
  8.176682283663883E-002
 -1.684196701177942E-002
  8.177362245988329E-002
 -0.100844338577402     
  3.320555595392216E-002
 -4.760078584042482E-002
 -3.763970058553934E-002
 -4.374692645701028E-002
 -3.256651861176252E-002
 -2.073566293754503E-002
 -2.159447272255299E-002
 -3.748674269494501E-002
 -4.128928037080648E-002
 -4.893256069829999E-002
 -7.463255608799457E-004
 -8.943043972157305E-002
  2.494089396944332E-002
  1.614250306104070E-002
  0.100107958369335     
 -0.201593624284243     
 -8.517656216712410E-003
  1.613912470770540E-002
  0.100098566745849     
 -0.201602339098442     
  2.492806640775891E-002
  3.871886783953682E-002
  4.363356896583170E-002
  4.223185838549037E-002
  4.054501116109677E-002
  4.298084851578021E-002
  4.421618795894389E-002
  4.378950190859310E-002
  4.142667212167750E-002
  4.394938216134880E-002
  3.921839952395878E-002
  5.179066527937803E-002
  3.921667222467429E-002
  4.394944464808159E-002
  4.142576420021005E-002
  4.378951197642889E-002
  4.421637838662629E-002
  4.298078527088367E-002
  4.054540196853107E-002
  4.364664473279267E-002
  4.223282786195304E-002
  3.871324960506795E-002
  6.820565408779711E-002
