 -3.335705728309168E-002
 -2.791975598212471E-002
 -2.646460957041974E-002
  1.262448053689624E-002
  6.309462951190792E-002
 -3.908989836211152E-002
  6.394153038222727E-002
  8.936692421799730E-003
 -3.283870397750910E-002
 -3.071406249250064E-002
  6.282909694269678E-002
 -8.962195877975709E-002
  3.612736648247772E-002
 -4.303074190932676E-002
 -3.896615641445855E-002
 -4.722633788258879E-002
 -3.618983285908239E-002
 -2.575708697399115E-002
 -2.655597106271834E-002
 -3.485257711621870E-002
 -2.398953459574127E-002
 -1.325965416563868E-002
 -4.172443620642596E-002
  3.802455950184980E-002
  1.298131843214634E-002
 -1.170871585623878E-002
 -3.298415279853995E-002
 -3.491102409892743E-002
 -3.591597795218071E-002
 -3.619986592488722E-002
 -1.439190709289129E-002
 -1.448942339221926E-002
 -3.568615701648703E-002
 -3.504212807964713E-002
 -3.398633223397418E-002
 -3.234506141022120E-002
 -1.125470172271292E-002
 -1.146106384850398E-002
 -3.438499333160472E-002
 -3.673452756236717E-002
 -3.607473152562246E-002
 -3.696358950696954E-002
 -1.118146112858476E-002
 -2.966233758270853E-002
 -2.159658079043414E-002
 -0.214711449425458     
  9.271131688217871E-002
  2.525220957329211E-002
 -2.854391182591876E-002
 -2.818667775782302E-002
 -3.449416367098390E-002
 -2.833583998430367E-002
 -2.897832081324392E-002
 -0.213281359533972     
 -3.896229277698016E-002
 -2.993739336957102E-002
  4.002667746025512E-002
  4.009360317735733E-002
  4.445773518465812E-002
  4.396827743131426E-002
  4.600535319636345E-002
  4.410126767956668E-002
  4.181679965651619E-002
  4.372467774881095E-002
  4.055806610838131E-002
  4.228364038456811E-002
  4.681750461332967E-002
  4.503481396162956E-002
  4.088601999856945E-002
  4.122555718402054E-002
  4.078888041644491E-002
  3.966197669624216E-002
  3.959716385684886E-002
  4.108629802608910E-002
  4.140220480963175E-002
  4.087938014877024E-002
  4.020385113733882E-002
  4.069759146810803E-002
  4.082646606957974E-002
  3.944224669883400E-002
  4.361593958624788E-002
  5.073357903164044E-002
  4.462877900364837E-002
  3.972250794004650E-002
  4.030757316351086E-002
  3.962726135421624E-002
  4.430160853837617E-002
  3.946891079909565E-002
  3.944910445019145E-002
