           2           1   1.83607555209291     
           3           2  0.975029316434019     
           4           3   1.34962942852262     
           5           4   1.44412470082583     
           6           5   1.42578170854648     
           7           6   1.40536160072025     
           8           3   1.34865785409240     
           8           7   1.42867823109099     
           9           8  0.753717796765050     
          10           9   1.75780171368401     
          11           9   1.74797447334104     
          12           9  0.758687919629693     
          13          12   1.41899356597871     
          14          13   1.42124674436963     
          15          14   1.36254878630762     
          16          15   1.00732660846462     
          17          16   1.36140419592168     
          18          17   1.45856577002803     
          19          18   1.36312781164023     
          20          19  0.999557846216962     
          21          20   1.00042564687325     
          22          21   1.36678246230981     
          23          22   1.44869767732172     
          24          23   1.39003318522691     
          25          24  0.995635073398705     
          26          24   1.39022104310896     
          27          21   1.36695792305782     
          27          26   1.44841975232463     
          28          20  0.999219299472647     
          29          28   1.36737586572459     
          30          29   1.44845638637845     
          31          30   1.39018865158616     
          32          31  0.995769492150183     
          33          31   1.39021599859657     
          34          28   1.36732585959415     
          34          33   1.44828032016927     
          35          19   1.36284300243890     
          36          16   1.36105120253895     
          36          35   1.45922110766444     
          37          15   1.37791743696639     
          38           2  0.973281892591351     
          38          12   1.33955771929067     
          38          37   1.36459262103650     
          39           4  0.940736609020642     
          40           5  0.940789899077339     
          41           6  0.941676667088692     
          42           7  0.943544526365834     
          43          13  0.941817754715752     
          44          14  0.940340886688413     
          45          17  0.943922099761482     
          46          18  0.944411959369890     
          47          22  0.944347323885401     
          48          23  0.941641874450557     
          49          26  0.941640179827282     
          50          27  0.944457206973724     
          51          29  0.944491132821566     
          52          30  0.941646797914849     
          53          33  0.941623935656534     
          54          34  0.944454583264071     
          55          35  0.944357289793942     
          56          36  0.943591885004193     
          57          37  0.939393985358157     
