           2           1   1.44036652082851     
           3           2   1.41805511233804     
           4           3   1.39036978884763     
           5           4   1.30532298891230     
           6           1   1.41175663530639     
           6           5   1.41068684239078     
           7           5   1.00684389742976     
           8           7   1.00657634063333     
           9           8   1.41069442716741     
          10           9   1.41178451271573     
          11          10   1.44039385907154     
          12          11   1.41805256615695     
          13           8   1.30550903515582     
          13          12   1.39046779069204     
          14           4   1.00811448292199     
          14          13   1.00771798185124     
          15          14  0.972785455489707     
          16          15   1.37053374071772     
          17          16   1.46104014931538     
          18          17   1.34379653457926     
          19          18   1.07882854492827     
          20          19   1.62187015720206     
          21          20   1.15003934721448     
          22          21   1.33460208508788     
          23          22   1.47673506805823     
          24          23   1.38526862071768     
          25          24   1.45762536641626     
          26          21   1.25222875207130     
          26          25   1.37499774546824     
          27          19   1.04667838956240     
          27          26   1.08982748309232     
          28          18   1.33282062747642     
          29          15   1.36709615052111     
          29          28   1.46551021979351     
          30           1  0.944534414404946     
          31           2  0.943825671528061     
          32           3  0.941455753150155     
          33           6  0.945682061565790     
          34           9  0.945687186544239     
          35          10  0.944526486749565     
          36          11  0.943791667228820     
          37          12  0.941359612715244     
          38          16  0.944709254423901     
          39          17  0.940981877988784     
          40          22  0.945891787958836     
          41          23  0.945433533186338     
          42          24  0.945644495557659     
          43          25  0.945813446962033     
          44          28  0.942945240188157     
          45          29  0.944135676307815     
