 -0.101975729166117     
  2.111122874066806E-002
 -2.116083990437367E-002
 -4.354627282298473E-002
 -5.050902116945455E-002
 -3.864558915472482E-002
 -6.009702378639670E-002
  4.934452700434466E-002
 -0.120392363592127     
  4.972074442539931E-002
 -5.726211649996316E-002
 -3.585650621460523E-002
 -5.002004350410516E-002
 -4.375358113206751E-002
 -2.182570951769058E-002
  7.092944837007531E-002
 -1.950020841989542E-002
 -1.354056137495974E-002
 -5.062946424651216E-003
 -8.832429631580929E-003
 -1.780123355616769E-002
  0.422427946843820     
 -0.332818896075735     
 -0.332898959818086     
 -5.312413605674138E-003
 -1.281393204013792E-002
 -1.952157698650048E-002
  7.066199444283372E-002
 -1.823456087899622E-002
 -9.522474018528015E-003
 -0.120047210274076     
  4.955060747414786E-002
 -5.990053599497447E-002
 -3.745186710156823E-002
 -5.023086249511177E-002
 -4.339988234368786E-002
 -2.092225017785498E-002
  2.111119530051742E-002
 -2.174362666804441E-002
 -4.365397533652438E-002
 -4.985011499077352E-002
 -3.583098337377599E-002
 -5.715578755617035E-002
  4.964296772514709E-002
 -0.101989990907267     
 -0.102104688634742     
 -0.102204839107200     
  3.397710381135521E-002
  3.361812878207049E-002
  3.390924441832577E-002
  4.361159877973153E-002
  3.948685662307116E-002
  4.480727328719680E-002
  3.748202200100814E-002
  3.891668755747424E-002
  4.309477224519731E-002
  3.953845451327387E-002
  4.344916531503329E-002
  4.917076088321726E-002
  5.285202310141746E-002
  5.531873762582873E-002
  4.993248786367166E-002
  5.319400057365731E-002
  4.942116600979796E-002
  4.992269904191238E-002
  5.534871990685886E-002
  3.782791838153032E-002
  4.382398300694279E-002
  3.966345421905515E-002
  4.379357399751149E-002
  4.350782858384916E-002
  3.959443961208897E-002
  4.312631035566850E-002
  3.897415160623474E-002
  3.421158617314635E-002
  3.366453788562518E-002
  3.392475969866071E-002
  3.377591060283391E-002
  3.388264528438045E-002
  3.414465744064898E-002
  3.408797703209521E-002
  3.405622043187728E-002
  3.377908727808254E-002
