 -4.554600126189090E-002
 -3.607105666013144E-002
 -4.029514836008197E-002
  3.954555611973820E-002
 -2.860803123719258E-002
 -3.431685838969223E-002
 -2.257743374764143E-002
 -1.804838145440346E-002
 -4.340844313887260E-002
  1.322282566019961E-002
 -0.201171016692935     
  8.918635454538082E-002
 -7.601773706720394E-002
  6.111964386647184E-002
 -4.108114622057890E-002
 -3.078471345073108E-002
 -1.485762101421884E-002
  5.290345407421526E-002
 -1.457133710095704E-002
 -2.864910842148305E-002
 -3.124318507660018E-002
  6.214875598745184E-002
 -7.541228827158886E-002
  3.965666307957161E-002
 -3.894330246213773E-002
 -3.590568192581767E-002
 -4.619283981505529E-002
 -3.511515986206604E-002
 -2.907227910019028E-002
 -2.284663720813906E-002
 -1.861805844040010E-002
 -4.392832797441493E-002
  1.315415951485743E-002
 -0.201141047328590     
  8.934741453303330E-002
 -3.975294232822346E-002
 -1.918003074195784E-002
 -1.800156660726149E-002
 -3.224470698709947E-002
  4.105765143862272E-002
  4.426640161265194E-002
  4.289383471145580E-002
  4.245580957463113E-002
  4.401801918416193E-002
  4.077147369146594E-002
  5.320066093981279E-002
  4.554344881108674E-002
  4.861197245336124E-002
  4.909953861392236E-002
  4.919005288799783E-002
  4.468117705105845E-002
  4.415674839833572E-002
  4.055628761991292E-002
  4.203153393523185E-002
  4.382198337482912E-002
  4.063090159041338E-002
  5.342746315223790E-002
  4.546370585460358E-002
  4.743859607091971E-002
