           2           1   1.43883535148136     
           3           2   1.36756557400778     
           4           3   1.00102963145834     
           5           4   1.36327674614153     
           6           5   1.43282981884941     
           7           6   1.43183813638204     
           8           7   1.36822256308404     
           9           8  0.978178449735960     
          10           9   1.05108561546279     
          11          10   1.37104425720604     
          12          11   1.45056145669644     
          13          12   1.39532805918850     
          14          13   1.45977454041594     
          15          10   1.26634906051114     
          15          14   1.35383299570857     
          16          15   1.08644581054974     
          17          16   1.35370902816968     
          18          17   1.46002893685589     
          19          18   1.39521527132214     
          20          19   1.45062038647851     
          21           9   1.05103299699733     
          21          16   1.26649598743094     
          21          20   1.37129936783837     
          22           4   1.36864967062243     
          22           8   1.38340929850551     
          23           3   1.37701696740046     
          24          23   1.39535774359903     
          25          24  0.973658737970100     
          26          25   1.05630363494558     
          27          26   1.36907363541179     
          28          27   1.45230193436284     
          29          28   1.39385861048863     
          30          29   1.46075227289205     
          31          26   1.26480684054428     
          31          30   1.35315672730723     
          32          31   1.08809982186819     
          33          32   1.35332536549005     
          34          33   1.46059958240247     
          35          34   1.39395628730809     
          36          35   1.45215324377019     
          37          25   1.05639712839088     
          37          32   1.26453493791960     
          37          36   1.36920474626583     
          38           1   1.43087525213167     
          38          24   1.37908130393079     
          39           1  0.942969692850498     
          40           2  0.945138004923325     
          41           5  0.946770647525296     
          42           7  0.946839552983917     
          43          11  0.943710497618934     
          44          12  0.944724252127683     
          45          13  0.945009235863305     
          46          14  0.944715749027772     
          47          17  0.944715309204027     
          48          18  0.944983943245869     
          49          19  0.944652275383849     
          50          20  0.943611856207145     
          51          22  0.942591997444461     
          52          23  0.945081166150664     
          53          27  0.943718974965058     
          54          28  0.944724689873405     
          55          29  0.945059232779950     
          56          30  0.944739962481366     
          57          33  0.944711999028526     
          58          34  0.945067638203637     
          59          35  0.944773357020680     
          60          36  0.943867227722338     
          61          38  0.945754790120204     
