 -0.382083641526012     
  0.356369143490703     
 -4.659718042604943E-002
 -3.897529676884393E-002
 -2.946512628953624E-002
 -3.161599200865961E-002
 -2.690517297452111E-002
 -2.714116076388251E-002
 -4.448102992895198E-002
 -2.493157434658411E-002
 -2.533974683877283E-002
 -3.040779015588591E-002
 -2.900246326879241E-002
 -3.694325898818640E-002
 -4.771289721331051E-002
 -2.705870796027465E-002
  4.975272770929351E-002
 -0.184516130335520     
  5.033433532727383E-002
  5.011547099591596E-002
 -0.184353532231108     
  4.738904163869062E-002
 -2.728070310555530E-002
  7.196173252842719E-003
 -1.348432454115844E-002
 -3.991507524916305E-002
 -4.723913901359555E-002
  5.428426703501854E-002
 -0.125310164346526     
  5.418602708465414E-002
 -4.383631237863295E-002
 -3.414044093791091E-002
 -4.670423735862883E-002
 -3.577374638000119E-002
 -4.704717525868762E-002
  5.430273871019109E-002
 -4.170818205681925E-002
 -3.277479954462237E-002
 -4.502510099278911E-002
 -3.416485987007611E-002
 -4.386567990887080E-002
 -4.193782336820817E-002
 -3.272102142410915E-002
 -2.352469747849639E-002
  0.137758310030703     
 -6.035800273688707E-002
 -6.417426024494599E-002
 -4.107303527830375E-002
 -4.084834451301145E-002
 -6.450283441514681E-002
 -5.975916149933980E-002
  0.138199895987134     
 -2.382450935358804E-002
  4.048899980960641E-002
  4.100136363467899E-002
  4.064299657648029E-002
  4.152693208724412E-002
  4.850208384403532E-002
  4.869070474977799E-002
  4.247470594503611E-002
  4.160397052942744E-002
  4.113952401313614E-002
  4.122805864915258E-002
  5.189296695214007E-002
  4.758862947112330E-002
  4.189825327570029E-002
  3.990894872647255E-002
  3.828971091031075E-002
  4.159075770053933E-002
  3.820398243495660E-002
  4.063180852781922E-002
  4.000109964603271E-002
  3.865601899137028E-002
  4.206866317774027E-002
  3.846177832471309E-002
  4.130806980840507E-002
  3.728054665204605E-002
  4.232096223379611E-002
  5.331080154640833E-002
  6.200539417019491E-002
  5.204146026708700E-002
  5.196101020511679E-002
  6.191599915693025E-002
