 -2.667325053324454E-002
 -1.013510653222660E-002
 -1.830014384431955E-002
  6.942969303853408E-002
  8.582221494043862E-002
 -0.190989851186900     
  5.033760007617394E-002
 -1.066592517758824E-002
  6.305877634635193E-002
 -0.130298344180451     
  4.520115144623116E-002
 -5.365022773727723E-002
 -4.196263852413473E-002
 -4.652553296653483E-002
 -4.555476681206461E-002
  7.528321643346247E-002
 -0.137500172472797     
  7.493027329238178E-002
 -4.580339711286463E-002
 -4.673566615785330E-002
 -4.230436058963427E-002
 -5.386355524298114E-002
  4.612949458545357E-002
  3.895182410991005E-002
 -0.158577249205313     
  8.836586368715471E-002
 -0.166248295454415     
  8.225784893578858E-002
  7.081841446828951E-002
 -1.574002708314470E-002
 -8.961968732633885E-003
 -2.652296477019078E-002
  2.664563933584896E-002
 -0.191235257848781     
 -0.189073971423944     
  2.716553607387651E-002
  4.078323501723868E-002
  4.166342049110883E-002
  4.446787384651174E-002
  4.567397013390995E-002
  4.469613976148912E-002
  4.483646843613232E-002
  4.321635724243411E-002
  4.128191853433782E-002
  4.107893950439057E-002
  4.308281152601501E-002
  4.450762743959435E-002
  4.435264682992068E-002
  6.250999285803183E-002
  4.727463004710197E-002
  4.212276391431402E-002
  4.100383306209510E-002
  5.003984527291971E-002
  5.033265290187083E-002
