           2           1   1.41740674522051     
           3           2   1.43197207622945     
           4           3   1.37172713977742     
           5           4   1.01281640865110     
           6           5   1.50363469084473     
           7           6   1.23575789490819     
           8           7   1.27659666324749     
           9           8   1.47226197226356     
          10           9  0.980621295105162     
          11          10   1.00354202529260     
          12          11   1.39039844698949     
          13          12   1.41917651607944     
          14          13   1.43868314575450     
          15          14   1.41447190860033     
          16          11   1.30699665825189     
          16          15   1.40735160388016     
          17          16   1.00940804373119     
          18          17   1.00890798605443     
          19          18   1.40759590047537     
          20          19   1.41449047136705     
          21          20   1.43906705899681     
          22          21   1.41840921154337     
          23          10   1.00126945633606     
          23          18   1.30670402498403     
          23          22   1.39220181371514     
          24           9   1.24747646616181     
          25          24   1.55501165600930     
          26           7   1.18094180983377     
          26          25   1.25461037080568     
          27          26   1.26893101021420     
          28           5   1.15963636281790     
          28          27   1.48618683073595     
          29          28   1.02350042439044     
          30          29   1.36685762428633     
          31          30   1.43382626851323     
          32          31   1.41577020595172     
          33          32   1.42281941007285     
          34          29   1.35452770177224     
          34          33   1.43798946269261     
          35           4   1.35849166122964     
          36           1   1.42321268636117     
          36          35   1.43733895030628     
          37           1  0.947050760822025     
          38           2  0.944507022980811     
          39           3  0.946598914317644     
          40           8  0.939029104902017     
          41          12  0.940577223475060     
          42          13  0.943697085867328     
          43          14  0.944441139994623     
          44          15  0.945654814314751     
          45          19  0.945617722421141     
          46          20  0.944373331876789     
          47          21  0.943697882010279     
          48          22  0.940329937448301     
          49          24  0.944669472337845     
          50          30  0.946158953103006     
          51          31  0.944529650669244     
          52          32  0.947043678094992     
          53          33  0.948451558956334     
          54          36  0.948388221475522     
