           2           1  0.953220115731787     
           3           2  0.953440914039805     
           4           2  0.947062916363611     
           5           4   1.40218117258662     
           6           5   1.43139526731344     
           7           6   1.41573495229572     
           8           7   1.45088463326648     
           9           4   1.33214795083690     
           9           8   1.35601589192256     
          10           9   1.02945493360657     
          11          10  0.951282399420452     
          12          11   1.39912521066045     
          13          12   1.36808983243057     
          14          13   1.01212963590630     
          15          14   1.37566055470046     
          16          15   1.35887731458817     
          17          16   1.02763048539818     
          18          17   1.35726869320395     
          19          18   1.45986457998015     
          20          19   1.36416954565870     
          21          20   1.00484677875237     
          22          21   1.37250563461567     
          23          22   1.44279000450283     
          24          23   1.42559537863420     
          25          24   1.42557361493834     
          26          21   1.37267104664836     
          26          25   1.44275744788801     
          27          20   1.36203476541397     
          28          17   1.35343465822953     
          28          27   1.46236695662754     
          29          16   1.34267541179153     
          30          29   1.36047158910505     
          31          30   1.03853928868118     
          32          31   1.35953456392053     
          33          32   1.44953743829191     
          34          33   1.42144751468766     
          35          34   1.42168225663280     
          36          31   1.36010735098074     
          36          35   1.44909810455323     
          37          14   1.34197335422071     
          37          30   1.35673843951934     
          38          13   1.36453484203954     
          39          38   1.40088403461503     
          40          39  0.954158771006959     
          41          40   1.02862547400896     
          42          41   1.35626051094598     
          43          42   1.45107289642801     
          44          43   1.41543095879944     
          45          44   1.43186068952249     
          46          41   1.33271007874568     
          46          45   1.40164745442718     
          47          46  0.947174484243547     
          48          47  0.953369579376549     
          49          47  0.953200843389554     
          50          47  0.947158505248224     
          51          50   1.40107983882569     
          52          51   1.43231330401492     
          53          52   1.41517904551781     
          54          53   1.45125259683394     
          55          40   1.02711121729105     
          55          50   1.33356313361513     
          55          54   1.35636064896504     
          56          11   1.38627799353054     
          56          39   1.38193984342928     
          57          10   1.02775287549514     
          58          57   1.35671816806476     
          59          58   1.45086607628295     
          60          59   1.41561382915007     
          61          60   1.43188378186587     
          62           2  0.947020109081535     
          62          57   1.33295986843051     
          62          61   1.40159603052914     
          63           1  0.977523497250879     
          64           1  0.975982250506312     
          65           1  0.975838928427070     
          66           3  0.975819480495410     
          67           3  0.975886850287340     
          68           3  0.977591038206561     
          69           5  0.942270905711358     
          70           6  0.944738634214415     
          71           7  0.943909368626005     
          72           8  0.941083212363404     
          73          12  0.943777996537725     
          74          15  0.943177490697644     
          75          18  0.944543228659805     
          76          19  0.945014800820728     
          77          22  0.947045458783768     
          78          23  0.946592058969267     
          79          24  0.947543167673464     
          80          25  0.946597632906806     
          81          26  0.947046586200245     
          82          27  0.945020095543838     
          83          28  0.944283433406257     
          84          32  0.945984064316619     
          85          33  0.946570143202499     
          86          34  0.947367703336469     
          87          35  0.946610556636608     
          88          36  0.946052248054269     
          89          38  0.943131703147007     
          90          42  0.940962949475409     
          91          43  0.943912354058817     
          92          44  0.944744163106357     
          93          45  0.942254765233749     
          94          48  0.975844287548311     
          95          48  0.977555200883420     
          96          48  0.975959228809323     
          97          49  0.975909651230235     
          98          49  0.977521493768561     
          99          49  0.975798431276069     
         100          51  0.942294427863497     
         101          52  0.944746234505828     
         102          53  0.943860985364085     
         103          54  0.940717815135686     
         104          56  0.944960124978151     
         105          58  0.941214508926581     
         106          59  0.943838252358126     
         107          60  0.944727173313589     
         108          61  0.942282965395145     
