 -0.234463309603516     
  0.146722480926693     
 -1.231974936788927E-002
 -3.850036145527902E-002
 -2.944517815508529E-002
 -3.010091238379609E-002
 -2.644300911188058E-002
 -2.712223174351092E-002
 -1.761464022471326E-002
 -2.175274681146000E-002
 -2.946246808241160E-002
  6.615960141234911E-002
 -9.293176743586162E-002
  2.745473630525952E-002
 -4.059963195231120E-002
 -4.489132743057667E-002
  4.414833393095563E-002
 -0.126950376247158     
  5.413046246984754E-002
 -4.607642608570828E-002
 -3.490108294327943E-002
 -4.829171332058646E-002
 -3.500388011134881E-002
 -4.645973934289582E-002
  5.408008370902584E-002
 -4.603787068679743E-002
 -3.477652925661712E-002
 -4.769638176176105E-002
 -3.471016074771782E-002
 -4.548763143714218E-002
 -4.442075099740084E-002
 -2.215318115161846E-002
 -2.159185803530228E-002
 -4.429052940149969E-002
  4.400140859186186E-002
 -0.127005576512017     
  5.402659366795337E-002
 -4.573910014402127E-002
 -3.457153059778673E-002
 -4.774769927264977E-002
 -3.478140321423329E-002
 -4.611004332370605E-002
  5.408755411499921E-002
 -4.680813957594054E-002
 -3.525765508894185E-002
 -4.823516793078131E-002
 -3.476963678242218E-002
 -4.584373996271474E-002
 -4.536741618340123E-002
 -4.192015495214729E-002
  2.719475519554715E-002
 -3.229441755151363E-002
 -3.278715801185328E-002
  4.094436739153562E-002
  3.896358149198087E-002
  4.062108727433356E-002
  3.984992933519838E-002
  4.400759394317932E-002
  5.115455272067893E-002
  4.337317665979490E-002
  4.811518676500337E-002
  4.657293095014525E-002
  3.771067090106406E-002
  4.117262475554162E-002
  3.796080198810081E-002
  4.119918472919792E-002
  3.778612303872997E-002
  3.776695221481308E-002
  4.136867942498990E-002
  3.821870433333430E-002
  4.140056595350061E-002
  3.789700356664860E-002
  4.473683179150767E-002
  4.510601689549609E-002
  3.774490477471415E-002
  4.132199821383653E-002
  3.811263926762254E-002
  4.129011553613815E-002
  3.774911946121273E-002
  3.757331294370037E-002
  4.115003650539706E-002
  3.815037765399987E-002
  4.145246281719794E-002
  3.800078590102474E-002
  4.600939426546580E-002
  4.658796143066135E-002
  4.236419564336680E-002
  4.829440352565983E-002
