 -0.206445399326952     
  0.159999321204403     
 -1.209547054143201E-002
 -1.757990975139823E-002
 -1.732464356465080E-002
 -1.728306804953217E-002
 -1.763657058666457E-002
 -1.134805177156295E-002
  0.154656269681935     
 -0.214729167200595     
  3.381472993223955E-002
 -0.173201032775609     
  4.149163586589655E-002
  5.493509533576146E-002
 -4.666184918767691E-002
  7.988588077499559E-002
 -0.147727453824047     
 -6.792063672713233E-003
 -4.083678338047658E-002
 -2.784364634238301E-002
 -2.572857654577643E-002
 -1.854488424536171E-002
  1.119451611174416E-002
 -0.168578108903146     
  3.595367080012579E-002
  5.004861821967610E-002
  4.573155334725854E-002
  4.573877392173897E-002
  4.989389639456443E-002
  4.502732235588702E-002
  0.178196392149147     
  4.309577481486260E-002
  4.358749476273061E-002
  4.488515142095850E-002
  5.222058257604267E-002
