           2           1   1.84907661243569     
           3           2  0.981385864010027     
           4           3   1.40543858456160     
           5           4   1.40653421988061     
           6           5   1.43682259010976     
           7           6   1.40639957268953     
           8           3   1.26806963685247     
           8           7   1.40180560963457     
           9           8   1.03399640083250     
          10           9   1.51161619978825     
          11          10   1.21022211367296     
          12          11   1.30258351628639     
          13          12   1.46914068018984     
          14          13   1.00514573673424     
          15          14   1.36344080697700     
          16          15   1.45775888551905     
          17          16   1.36036600948786     
          18          17   1.01276828857763     
          19          18  0.992450052791702     
          20          19   1.37189271777826     
          21          20   1.44359994416297     
          22          21   1.42385603146012     
          23          22   1.42535146895913     
          24          19   1.37414952051809     
          24          23   1.44196314252392     
          25          18  0.991966420885232     
          26          25   1.37305044666499     
          27          26   1.44277782449198     
          28          27   1.42456796878009     
          29          28   1.42484447063439     
          30          25   1.37382192443411     
          30          29   1.44252041207605     
          31          17   1.35452320908711     
          32          14   1.35734883099453     
          32          31   1.46469452142189     
          33          13   1.21858114932585     
          34          33  0.994656222966158     
          35          34   1.36391653324388     
          36          35   1.45902801797531     
          37          36   1.36066255502525     
          38          37   1.00366660005790     
          39          38  0.997857208047885     
          40          39   1.37152559139563     
          41          40   1.44334823289580     
          42          41   1.42447331666624     
          43          42   1.42392569632946     
          44          39   1.37072956462693     
          44          43   1.44391158699530     
          45          38  0.991749208054907     
          46          45   1.37302402065047     
          47          46   1.44319230018086     
          48          47   1.42434228611410     
          49          48   1.42508833783448     
          50          45   1.37400330915073     
          50          49   1.44218095055584     
          51          37   1.36468651582040     
          52          34   1.36767267707558     
          52          51   1.45428502814758     
          53          33   1.48262681899593     
          54          11   1.18869623701545     
          54          53   1.28936100714581     
          55          54   1.22231716751969     
          56           2  0.958923799720346     
          56           9   1.14505522447078     
          56          55   1.52683701307742     
          57           4  0.945208963899969     
          58           5  0.945253396996624     
          59           6  0.945627566011287     
          60           7  0.945019617840317     
          61          12  0.940121726446175     
          62          15  0.943853539501553     
          63          16  0.943914046991362     
          64          20  0.946102200256703     
          65          21  0.945139314446540     
          66          22  0.946566959463120     
          67          23  0.945352084613060     
          68          24  0.946421405716961     
          69          26  0.946404498995145     
          70          27  0.945290646801517     
          71          28  0.946569258281811     
          72          29  0.945309499414117     
          73          30  0.946394117227727     
          74          31  0.943786327308938     
          75          32  0.942316252996073     
          76          35  0.943051475089313     
          77          36  0.944149339501123     
          78          40  0.946290639001685     
          79          41  0.945331132227731     
          80          42  0.946594087917473     
          81          43  0.945268582871392     
          82          44  0.946204959696341     
          83          46  0.946449979344910     
          84          47  0.945288031446623     
          85          48  0.946574693474367     
          86          49  0.945293694135083     
          87          50  0.946479160980544     
          88          51  0.944302927520839     
          89          52  0.944040201251719     
          90          53  0.940073823274745     
