           2           1  0.991607133483940     
           3           2   1.37850398355273     
           4           3   1.45675145589195     
           5           4   1.35582132742343     
           6           5  0.989072863528852     
           7           6   1.01008774552534     
           8           7   1.35693138752428     
           9           8   1.45148451238908     
          10           9   1.38623117814081     
          11          10  0.991557212946717     
          12          10   1.39269417848959     
          13           7   1.36398655618194     
          13          12   1.44262592860632     
          14           6  0.945052490795903     
          15          14   1.38365244455156     
          16          15   1.43945836634348     
          17          16   1.41918420412012     
          18          17   1.43809350690132     
          19          14   1.36495575811656     
          19          18   1.38283620500133     
          20          19  0.926623352366349     
          21          20  0.923756679800196     
          22          21   1.37936562595736     
          23          22   1.44183205305701     
          24          23   1.41251911719036     
          25          24   1.44774681139132     
          26          21   1.36207629365101     
          26          25   1.37451911709231     
          27          26  0.955102395843172     
          28          27   1.00437721406623     
          29          28   1.37236652424413     
          30          29   1.43224058553088     
          31          30   1.40133030997989     
          32          31  0.991753316157548     
          33          31   1.37857949839157     
          34          28   1.34930905756502     
          34          33   1.45774057864191     
          35          27   1.00745498335860     
          36          35   1.36622913817372     
          37          36   1.44381158311795     
          38          37   1.39163039800707     
          39          38  0.991504999789022     
          40          38   1.38810745104206     
          41          35   1.36309322098612     
          41          40   1.44793043439864     
          42          20  0.956200520929675     
          43          42  0.992630193572588     
          44          43  0.996126045398710     
          45          44  0.995810081827331     
          46          20  0.942001789186245     
          46          45  0.987757788722759     
          47           5   1.38239292170913     
          48           2   1.40405224756385     
          48          47   1.42811529679562     
          49           1  0.974253948264623     
          50           1  0.979275342321016     
          51           1  0.971176650130965     
          52           3  0.945047299587672     
          53           4  0.940781274053961     
          54           8  0.937685062203830     
          55           9  0.944897096304600     
          56          11  0.976546114140429     
          57          11  0.970135489094816     
          58          11  0.978374880456518     
          59          12  0.944394546984285     
          60          13  0.941832952946676     
          61          15  0.944160935249146     
          62          16  0.943173476430116     
          63          17  0.943886030974429     
          64          18  0.938410769724946     
          65          22  0.937565240647771     
          66          23  0.943941544448941     
          67          24  0.943021562579419     
          68          25  0.943715685117359     
          69          29  0.943264784789204     
          70          30  0.944226822811635     
          71          32  0.972231497547225     
          72          32  0.973174531756237     
          73          32  0.979453639668638     
          74          33  0.945105305332102     
          75          34  0.943790113133680     
          76          36  0.935793832167284     
          77          37  0.943122986099196     
          78          39  0.978768067889924     
          79          39  0.975891655489561     
          80          39  0.970491098983756     
          81          40  0.944987926071238     
          82          41  0.943015426743906     
          83          42  0.949516661926244     
          84          42  0.949672990628312     
          85          43  0.962139438676417     
          86          43  0.963501007858303     
          87          44  0.968842174555320     
          88          44  0.962471570467935     
          89          45  0.962451725725989     
          90          45  0.966300045712979     
          91          46  0.959147441515787     
          92          46  0.958616290890447     
          93          47  0.941811928785474     
          94          48  0.944253622572087     
