 -5.545417407337450E-002
  5.071786465502592E-002
 -3.626232954874808E-002
 -2.877167613882747E-002
 -3.216118789337941E-002
  6.528969574071120E-002
 -7.753478146071480E-002
  6.370195548395774E-002
  2.238771938527906E-002
 -2.188017614397708E-002
 -3.165206769166051E-002
 -1.937403886349998E-003
 -1.428516730537588E-002
 -3.720353905154372E-002
 -4.318778767475528E-002
  5.460808283924035E-002
 -0.125528448048710     
  5.372128031016610E-002
 -4.478618020675285E-002
 -3.435592692769518E-002
 -4.629954116475865E-002
 -3.403669983476920E-002
 -4.440068261460439E-002
  5.364975423242679E-002
 -4.411905839247954E-002
 -3.388215637062419E-002
 -4.573945558395831E-002
 -3.392115756351721E-002
 -4.420592756158381E-002
 -4.422721851886458E-002
 -3.977791011147414E-002
 -3.601131664192447E-002
 -4.149465669425290E-002
 -0.223885019704227     
 -1.506681568976020E-002
  1.926804680534122E-002
 -4.507782752866429E-002
 -3.769071705514282E-002
 -4.209465984236527E-002
 -3.516022226612581E-002
 -3.025138500684843E-002
 -2.726886679601748E-003
  1.149843333336431E-002
 -3.027126545381353E-002
 -3.032395825413214E-002
 -3.534701263915352E-002
 -3.351306969426204E-002
 -4.120594638999542E-002
 -3.483339656565931E-002
  4.768415947558557E-002
  4.953454521915124E-002
  4.315191413998531E-002
  4.799445794889301E-002
  4.262527109301317E-002
  4.370674593931634E-002
  4.089159892933081E-002
  3.788211536932595E-002
  4.153912467910315E-002
  3.848336936846697E-002
  4.166094432455747E-002
  3.793293428845246E-002
  3.785758588782584E-002
  4.168012225237461E-002
  3.859268124073911E-002
  4.172733824279640E-002
  3.783746276119371E-002
  4.031415660000170E-002
  4.184693400692185E-002
  4.091289524996511E-002
  4.258959258872730E-002
  3.719447986642110E-002
  3.772911648739208E-002
  3.670874009648228E-002
  3.852399573181620E-002
  4.113789151024694E-002
  4.089304060808741E-002
  4.106504435045399E-002
  3.923730597563213E-002
  3.983982720858104E-002
  3.838025295486691E-002
  4.856633269313737E-002
