           2           1  0.965703628391625     
           3           2  0.966548916230726     
           4           2  0.976731796647821     
           5           2  0.939429550312574     
           6           5   1.38097723291109     
           7           6   1.45132623682670     
           8           7   1.36951905155497     
           9           8  0.974387807120722     
          10           9   1.08084790233799     
          11          10   1.04136990499062     
          12          11   1.33992820274404     
          13          12   1.46985632775219     
          14          13   1.35068391609709     
          15          14   1.02068771410410     
          16          15   1.49060696295260     
          17          16   1.30052874117507     
          18          17   1.55572862166754     
          19          18   1.24474549841345     
          20          19   1.36808521444307     
          21          20   1.34109880334998     
          22          21   1.33988462203953     
          23          15   1.18478783249280     
          23          19   1.11825391074620     
          23          22   1.38380355852430     
          24          14   1.35335456576004     
          25          11   1.34791778823439     
          25          24   1.46349677853771     
          26          10   1.51882586453142     
          27          26   1.25654358504855     
          28           9   1.08410690121374     
          28          27   1.32796469429801     
          29          28   1.25811080436525     
          30          29   1.51476274818918     
          31          30   1.04652618436596     
          32          31   1.34404324322958     
          33          32   1.46630726961504     
          34          33   1.35099866907169     
          35          34   1.02268894720386     
          36          35   1.48853290452808     
          37          36   1.30169734744840     
          38          37   1.55474365147424     
          39          38   1.24519393885140     
          40          39   1.36808204888159     
          41          40   1.34099583278463     
          42          41   1.33948649523537     
          43          35   1.18479467563136     
          43          39   1.11771519986820     
          43          42   1.38440765651839     
          44          34   1.35043425834618     
          45          31   1.33928485797163     
          45          44   1.46992385965935     
          46          27   1.08280740228068     
          46          30   1.08002019761626     
          47          46  0.976230312030383     
          48          47   1.38775706738098     
          49          48   1.43460984869014     
          50          49   1.39795689839595     
          51          50  0.939352411696837     
          52          51  0.966022590587527     
          53          51  0.976727273867432     
          54          51  0.966372760666617     
          55          50   1.38144062253152     
          56          47   1.36978065454954     
          56          55   1.45099136773504     
          57           8   1.38929177296602     
          58           5   1.39851042011873     
          58          57   1.43359583729453     
          59           1  0.978091621427541     
          60           1  0.978226440117667     
          61           1  0.976004820386049     
          62           3  0.978152417900937     
          63           3  0.978344299612421     
          64           3  0.976141766853076     
          65           4  0.978417981829757     
          66           4  0.977719849967430     
          67           4  0.977538342812857     
          68           6  0.942112888226598     
          69           7  0.943645713620046     
          70          12  0.942997287844156     
          71          13  0.942768462533970     
          72          16  0.942987386819790     
          73          17  0.942380111983795     
          74          18  0.942485954987400     
          75          24  0.944122022896962     
          76          25  0.944953690852428     
          77          26  0.942534004169195     
          78          29  0.942626274365959     
          79          32  0.945013846261660     
          80          33  0.944082629643670     
          81          36  0.942878259424382     
          82          37  0.942371774633410     
          83          38  0.942475162365525     
          84          44  0.942575857291806     
          85          45  0.942930032477637     
          86          48  0.945083635286746     
          87          49  0.942885845080098     
          88          52  0.976090310459891     
          89          52  0.978220731586397     
          90          52  0.978090662964171     
          91          53  0.978390388460068     
          92          53  0.977551608700292     
          93          53  0.977693245400740     
          94          54  0.978330677902896     
          95          54  0.978130413383088     
          96          54  0.976165382874542     
          97          55  0.942223987653580     
          98          56  0.943632690600746     
          99          57  0.945225894186252     
         100          58  0.942891329138142     
