 -0.199951270986348     
  0.109430806110773     
  2.372794951880541E-002
 -2.892462113805117E-003
  5.283195529966234E-002
 -0.178455439326279     
  6.360545829981490E-002
  9.419712721954188E-003
 -2.760802614992652E-002
 -2.593985470458726E-002
 -2.951647641698241E-002
 -2.742265386980769E-002
 -3.557843747442568E-002
  6.473627569838403E-002
  6.287883898263846E-003
 -3.065608175243995E-002
 -2.662149885177367E-002
  6.898672524583249E-002
 -8.917347110863805E-002
  3.068825199507286E-002
 -4.891164929026104E-002
 -4.420441523775587E-002
 -4.973961917676650E-002
 -4.441867581084669E-002
 -2.130587709258069E-002
 -4.279380964404478E-002
  3.676174239804686E-002
 -4.082664857960072E-002
 -2.344975709789310E-002
 -4.648411371001249E-002
 -5.097872316589669E-002
 -4.359430733040703E-002
 -4.719980185953077E-002
  3.175664473865281E-002
 -8.868159779221774E-002
  6.467805071594590E-002
 -3.164151046259889E-002
 -2.888218446537216E-002
 -3.740839973273591E-002
 -3.020669384119756E-002
 -3.291329031905743E-002
  3.842242888706204E-002
 -4.267093724548943E-002
 -2.579189100234114E-002
 -4.674277159407048E-002
 -5.022951281037979E-002
 -4.297679236654517E-002
 -4.606633203841781E-002
  3.266201696099591E-002
 -8.794417589681380E-002
  6.493733574784777E-002
 -3.295513353184543E-002
 -2.986250942737279E-002
 -3.730908792013032E-002
 -2.879865708465168E-002
 -3.252976250057227E-002
  3.557179851655157E-002
 -2.294892276188598E-002
 -2.129338528846425E-002
 -0.177853601030950     
  5.291911057990806E-002
 -2.498956835190747E-003
  2.369038123694622E-002
  0.109616432252818     
 -0.199928798602271     
  5.679067423776074E-002
  4.307421675232992E-002
  4.157242416787033E-002
  4.136876931980782E-002
  4.161277641046945E-002
  4.210095617137222E-002
  4.836314100045813E-002
  4.518444429155810E-002
  3.950499151659237E-002
  4.188824526912693E-002
  4.027187552645128E-002
  4.767886384478692E-002
  4.725572072578610E-002
  3.978283409027250E-002
  4.205772945222097E-002
  4.053218198525710E-002
  4.069898317270038E-002
  4.289031816873234E-002
  3.972226875354001E-002
  4.292090018893580E-002
  4.025413739872186E-002
  4.491228862645646E-002
  4.055248017890190E-002
  4.272299745967267E-002
  4.133861783505388E-002
  4.086351098184726E-002
  4.311207221763147E-002
  3.984233326619835E-002
  4.292225699592289E-002
  3.999992594348434E-002
  4.651132617482823E-002
  4.988090341716556E-002
  5.694184893586041E-002
