           2           1   1.72775753051771     
           3           2  0.810068380210783     
           4           3   1.41361569127064     
           5           4   1.42310891380507     
           6           5   1.43143003935027     
           7           6   1.42934922716990     
           8           3   1.41105920152665     
           8           7   1.42418364379691     
           9           2  0.810912279601294     
          10           9   1.40683767051318     
          11          10   1.42602159041657     
          12          11   1.42735261017232     
          13          12   1.43326251511384     
          14           9   1.41587658920873     
          14          13   1.42108303325188     
          15           2  0.808344036319987     
          16          15   1.36897518201874     
          17          16   1.45314599697812     
          18          17   1.35995939854047     
          19          18   1.09555791464795     
          20          19   1.09558302350387     
          21          20   1.35942242678157     
          22          21   1.45369936172366     
          23          22   1.36826406821872     
          24          23  0.807700084083528     
          25          24   1.72713750017441     
          26          24  0.811717848910635     
          27          26   1.40625473673393     
          28          27   1.42676869751356     
          29          28   1.42678022010606     
          30          29   1.43373062819590     
          31          26   1.41614822529483     
          31          30   1.42068010933150     
          32          24  0.810377823565074     
          33          32   1.41121671749983     
          34          33   1.42426721088939     
          35          34   1.42932073202148     
          36          35   1.43144167447765     
          37          32   1.41360281306993     
          37          36   1.42314195170038     
          38          23   1.44247747615419     
          39          20   1.25416460249762     
          39          38   1.34665454098498     
          40          18   1.25357343958393     
          40          39   1.08706425358707     
          41          15   1.44111573592553     
          41          40   1.34748203421363     
          42           4  0.945822964840744     
          43           5  0.943918974079210     
          44           6  0.944213244687570     
          45           7  0.943698484971718     
          46           8  0.944763843107472     
          47          10  0.944712479781043     
          48          11  0.943653130395867     
          49          12  0.944287562921053     
          50          13  0.944000966442444     
          51          14  0.945547270337011     
          52          16  0.942820799804073     
          53          17  0.941384882300854     
          54          19  0.953818506795122     
          55          21  0.941386621434938     
          56          22  0.942899740636178     
          57          27  0.945034577426904     
          58          28  0.943676186880953     
          59          29  0.944289909234683     
          60          30  0.943990635606482     
          61          31  0.945473692215558     
          62          33  0.944828137499431     
          63          34  0.943710319477132     
          64          35  0.944222762474056     
          65          36  0.943925017934659     
          66          37  0.945831501911548     
          67          38  0.939155263696908     
          68          41  0.939063326123932     
