           2           1  0.973521409489123     
           3           2  0.949589934303585     
           4           2  0.940327161384282     
           5           4   1.40167162951006     
           6           5   1.42931206508329     
           7           6   1.42352123312322     
           8           7   1.43772808831803     
           9           4   1.34171571374418     
           9           8   1.38057521715218     
          10           9  0.985032635696234     
          11          10   1.08345088097813     
          12          11   1.22891608975203     
          13          12   1.56954870687448     
          14          13   1.24768302960103     
          15          14   1.24674357555948     
          16          15   1.57084104826008     
          17          16   1.22737194284889     
          18          17   1.08805987366340     
          19          18  0.974111839646251     
          20          19   1.39253159807563     
          21          20   1.42873797567468     
          22          21   1.43067677746490     
          23          22   1.42398477867788     
          24          19   1.33794420522886     
          24          23   1.40768460463699     
          25          24  0.938072296054796     
          26          25  0.949688755294914     
          27          25  0.973514405111019     
          28          25  0.940158436511785     
          29          28   1.40162817459627     
          30          29   1.42928162295858     
          31          30   1.42380166130711     
          32          31   1.43716406349380     
          33          18  0.983900106286446     
          33          28   1.34216234306667     
          33          32   1.38116155796294     
          34          17   1.42624643901300     
          35          14   1.19837599333890     
          35          34   1.26810713313663     
          36          11   1.42900861102443     
          36          35   1.26678242369820     
          37          10  0.975385937319179     
          38          37   1.39206100820834     
          39          38   1.42874201210973     
          40          39   1.43069429990359     
          41          40   1.42379944973591     
          42           2  0.938092881081522     
          42          37   1.33725173097377     
          42          41   1.40797078788346     
          43           1  0.977261822273927     
          44           1  0.977471333188993     
          45           1  0.978462351322501     
          46           3  0.977890693554157     
          47           3  0.978069292219979     
          48           3  0.976135775142153     
          49           5  0.942974944544327     
          50           6  0.944370470437424     
          51           7  0.943796067133290     
          52           8  0.943805034674338     
          53          12  0.941928658854311     
          54          13  0.938219290798809     
          55          15  0.938234120954031     
          56          16  0.941607110852593     
          57          20  0.937932498300740     
          58          21  0.943548778801924     
          59          22  0.944229303932625     
          60          23  0.942965301366410     
          61          26  0.977909701901368     
          62          26  0.976132524661108     
          63          26  0.978089018585762     
          64          27  0.978469431771252     
          65          27  0.977471164638599     
          66          27  0.977286340007571     
          67          29  0.942962415078216     
          68          30  0.944350216317760     
          69          31  0.943788113775517     
          70          32  0.943769906692223     
          71          38  0.937266557696749     
          72          39  0.943546805653058     
          73          40  0.944224569329721     
          74          41  0.942940481792326     
