 -0.221803073819980     
  1.815944203176834E-002
 -7.962335236923579E-003
 -4.830391051993654E-002
 -3.600504767505619E-002
 -3.941070824040427E-002
 -3.806456027395733E-002
 -4.939925782785792E-003
 -1.114407967350584E-002
 -2.015430095393178E-003
 -4.221732346797769E-002
 -3.664698469217420E-002
 -3.592561299286956E-002
 -3.561606834988940E-002
 -2.804933316777891E-004
 -1.146800254299407E-002
 -4.721054279371195E-003
 -3.891307077334538E-002
 -3.967723669649281E-002
 -3.631416360307327E-002
 -4.574166703308435E-002
 -4.972618106251936E-003
  1.665961095604018E-002
 -0.235612414572665     
 -4.003655058027356E-003
 -3.887815799378380E-002
 -3.684634605942883E-002
 -3.687953739824579E-002
 -3.902067441176005E-002
 -2.173330943989527E-003
  0.146584781815784     
  3.875585001819071E-002
  4.702813221657753E-002
  3.652344808631480E-002
  4.009294694622878E-002
  4.028626193873475E-002
  3.904729424108122E-002
  4.037093824644122E-002
  3.952707040403480E-002
  4.022824073622666E-002
  4.295873111545945E-002
  3.799416299589375E-002
  3.971040113666946E-002
  3.915016500334667E-002
  3.707574340815667E-002
  3.938276983017897E-002
  4.421854004845771E-002
  0.149593241089092     
  4.154475520370648E-002
  3.999802055761148E-002
  3.978693072699246E-002
  4.088000487204102E-002
