           2           1  0.973365757341990     
           3           2  0.976147662655901     
           5           4  0.891819685138887     
           6           5   1.00925137863149     
           7           6   1.92216758470565     
           8           7  0.986972739249034     
          10           9  0.959988187201855     
          11          10   1.03715145730537     
          12          11   1.34878058504917     
          13          12   1.44748546561499     
          14          13   1.42021062343326     
          15          14   1.36427968237491     
          16          15  0.963481846638025     
          17          16   1.89300917664378     
          19          18   1.07867790346938     
          20          19   1.73757518398298     
          21          20   1.13008659121843     
          22          21   1.80679575132003     
          23          22  0.986378875766265     
          24          11   1.32538314842782     
          24          15   1.34123621986895     
          25          18   1.04932176354048     
          26          18   1.65421739894574     
          26          23  0.957639355231428     
          27          16  0.910554159030312     
          27          26  0.921652824262184     
          28          27  0.938705636822537     
          29          28   1.70261518172901     
          30          25   1.78812428939502     
          30          29   1.07758452986022     
          31          29   1.00231320516468     
          32          31   1.00900737264232     
          33           9  0.975852309446804     
          33          32   1.82937890151691     
          34           4   1.00694697516024     
          34           8  0.958202327704579     
          34           9   1.75370384657835     
          35           4  0.836241991781043     
          35           5  0.925421416127680     
          36           2  0.924846025830631     
          36           4  0.924398041845752     
          36          35  0.938805819659871     
          37           2  0.808377165088246     
          37          24  0.931732819833470     
          37          28  0.946449058682562     
          37          32  0.951955825396695     
          38           1  0.973112539961653     
          39           1  0.970676133576704     
          40           1  0.974895510804030     
          41           3  0.973210691627216     
          42           3  0.968201007239151     
          43           3  0.969028852495164     
          44           5  0.940858586411808     
          45           6  0.934385319128293     
          46           7  0.937986738247498     
          47           8  0.953958104967160     
          48          10  0.947805044391197     
          49          12  0.942071844583964     
          50          13  0.940359595082151     
          51          14  0.941589990333322     
          52          19  0.939963539393521     
          53          20  0.939297178500526     
          54          21  0.933321021241366     
          55          22  0.939968218070507     
          56          23  0.956855062249231     
          57          25  0.935413996699607     
          58          23  0.947184729075776     
          59          27  0.919150505983688     
          60          30  0.934971505842227     
          61          33  0.929896626422963     
          62           8  0.936349012933893     
          63          35  0.934174065884871     
          64          36  0.937609364128079     
