 -8.454487667793487E-002
 -7.480576300070929E-003
 -4.848035782540006E-002
 -4.518772204461818E-002
  4.763830219943532E-002
 -0.126317426232016     
  4.769834629725489E-002
 -4.519994433085461E-002
 -4.840882916276534E-002
 -7.588321531176057E-003
 -8.454295207817175E-002
 -4.889218345253799E-002
 -4.597475619309321E-002
  5.168551654124354E-002
 -4.472011381888219E-002
 -4.196828183328716E-002
 -2.102515697300600E-002
  1.122816867994780E-002
 -1.928937960014210E-002
 -4.576488170586046E-002
 -4.656853525341642E-002
  5.055880962199488E-002
 -0.126709290500695     
  4.772611790012515E-002
 -4.623103546343454E-002
 -4.899923326131894E-002
 -7.892082116829791E-003
 -8.459842539800722E-002
 -4.858288091361640E-002
 -4.555458743118468E-002
  4.767829067233009E-002
 -4.531032542272406E-002
 -4.861179579590047E-002
 -7.669128902459299E-003
 -8.458835954704913E-002
 -4.887810197166775E-002
 -4.560163014232632E-002
 -4.528234913533336E-002
 -4.341100825700561E-002
 -6.147849400747685E-002
 -5.322645547175409E-002
 -5.646735452920471E-002
 -5.713909766482583E-002
 -6.223347518378386E-002
 -4.491950960386326E-002
 -4.631989053187091E-002
 -4.557191398160931E-002
 -4.879927344827806E-002
  3.991221900982844E-002
  3.984957539298994E-002
  4.159247571194680E-002
  3.779252301378744E-002
  4.032777735878135E-002
  3.988370086394566E-002
  3.754698614848972E-002
  4.125501169805745E-002
  4.122011112981305E-002
  3.888458246148707E-002
  3.800407514275606E-002
  3.970245980263742E-002
  3.974101712514300E-002
  4.268686653943421E-002
  4.506821831056851E-002
  3.913207530883644E-002
  3.967352127914447E-002
  3.793398432635908E-002
  4.143314300033407E-002
  4.090122212404257E-002
  3.892874609685071E-002
  3.750238338880296E-002
  3.984769519756959E-002
  4.031988643747808E-002
  3.770411597117385E-002
  3.987483363928646E-002
  4.158847996818815E-002
  3.982182550053859E-002
  3.771933129912697E-002
  3.974896267675199E-002
  3.938911355383512E-002
  4.257891731985108E-002
  3.280650193250856E-002
  3.815421592027224E-002
  3.488646202293977E-002
  2.865004911242020E-002
  3.421207055533526E-002
  2.413011103818208E-002
  3.404040732063851E-002
  2.996415916869677E-002
  3.044895121956670E-002
  3.696806107092931E-002
  4.299264425140858E-002
  3.953248601675297E-002
  3.972295976237250E-002
  3.774152559319766E-002
