           2           1  0.979998046401266     
           3           2   1.50350658659117     
           4           3   1.27682490731272     
           5           4   1.22490613130504     
           6           5   1.53641906358911     
           7           6  0.977459834690818     
           8           7   1.36823116647073     
           9           8   1.45377527948950     
          10           9   1.37088407793564     
          11          10  0.969117585905733     
          12          11   1.00942705601410     
          13          12   1.39084642928420     
          14          13   1.41827658146279     
          15          14   1.43981804443356     
          16          15   1.41259343576309     
          17          12   1.30476210057482     
          17          16   1.40896480279761     
          18          17   1.00952706197655     
          19          18   1.00862242454586     
          20          19   1.40818098584013     
          21          20   1.41279583358717     
          22          21   1.44088576550479     
          23          22   1.41585622079548     
          24          11   1.00184757881625     
          24          19   1.30613537743568     
          24          23   1.39353462118193     
          25          10   1.38643485529061     
          26           7   1.38480962834695     
          26          25   1.43560881842204     
          27           6   1.15442568057432     
          28          27  0.977577010430105     
          29          28   1.38462287145212     
          30          29   1.43578042412291     
          31          30   1.38628071008859     
          32          31  0.969199367008674     
          33          32   1.00945739859833     
          34          33   1.39085011036558     
          35          34   1.41823694750898     
          36          35   1.43986112318966     
          37          36   1.41253913579606     
          38          33   1.30472005072887     
          38          37   1.40902700362203     
          39          38   1.00949762741908     
          40          39   1.00864753870001     
          41          40   1.40815003230764     
          42          41   1.41281725821155     
          43          42   1.44087200371927     
          44          43   1.41586702054418     
          45          32   1.00183760671706     
          45          40   1.30615051471055     
          45          44   1.39351901463616     
          46          31   1.37096280490937     
          47          28   1.36830108488418     
          47          46   1.45367793383359     
          48          27   1.53633962104728     
          49           4   1.20608606649966     
          49          48   1.22491975133639     
          50          49   1.27682570713454     
          51           2   1.23995866395092     
          51          50   1.50350425124712     
          52          51  0.980001474504048     
          53           3  0.939756641756060     
          54           8  0.943522370715597     
          55           9  0.941747008987460     
          56          13  0.942268589655246     
          57          14  0.944000600029542     
          58          15  0.944678653788343     
          59          16  0.945816034145226     
          60          20  0.945526415041143     
          61          21  0.944218590687906     
          62          22  0.943092877552672     
          63          23  0.936567191962030     
          64          25  0.944271814351419     
          65          26  0.944223448032404     
          66          29  0.944224379685889     
          67          30  0.944278267478836     
          68          34  0.942245549651469     
          69          35  0.943998559582661     
          70          36  0.944677397813352     
          71          37  0.945816466021016     
          72          41  0.945529553707174     
          73          42  0.944220914025065     
          74          43  0.943096022609236     
          75          44  0.936573319203183     
          76          46  0.941734181768534     
          77          47  0.943517259898473     
          78          50  0.939756933649029     
