           2           1   1.43409480441153     
           3           2   1.36231207569487     
           4           3   1.02677051609978     
           5           4   1.03511980996243     
           6           5   1.37830939667400     
           7           6   1.44559438700606     
           8           7   1.39940732309266     
           9           8   1.45740118465493     
          10           5   1.27360126830562     
          10           9   1.35549739430176     
          11          10   1.08116190996510     
          12          11   1.35761326324246     
          13          12   1.45547461996791     
          14          13   1.40065027955408     
          15          14   1.44442305688000     
          16           4   1.04148127040060     
          16          11   1.27028795097162     
          16          15   1.37722234174165     
          17           3   1.35794130913187     
          18          17   1.35922289849231     
          19          18   1.01315759676271     
          20          19   1.03943080501276     
          21          20   1.36990875290846     
          22          21   1.45833252087743     
          23          22   1.34629360947498     
          24          23  0.971992524790156     
          25          24   1.05841202289931     
          26          25   1.36819077179542     
          27          26   1.45323119539893     
          28          27   1.39299406535762     
          29          28   1.46118788181499     
          30          25   1.26381220167165     
          30          29   1.35286512507872     
          31          30   1.08895307109065     
          32          31   1.35288137671427     
          33          32   1.46105950017918     
          34          33   1.39309829302698     
          35          34   1.45311256727885     
          36          24   1.05841477477458     
          36          31   1.26381062442003     
          36          35   1.36794962073601     
          37          23   1.41874583277922     
          38          20   1.26691845014096     
          38          37   1.34980765717975     
          39          38   1.09681108907382     
          40          39   1.35909988290312     
          41          40   1.43143228062698     
          42          41   1.41361860276060     
          43          42   1.42211762630295     
          44          19   1.05059473024589     
          44          39   1.23829554961567     
          44          43   1.38258685780043     
          45           1   1.42199040166745     
          45          18   1.37330922516851     
          46           1  0.940418886913870     
          47           2  0.943237268656014     
          48           6  0.941139886733714     
          49           7  0.944527967409429     
          50           8  0.944896929585298     
          51           9  0.944861428137952     
          52          12  0.944636402705140     
          53          13  0.944789175152626     
          54          14  0.944542116847481     
          55          15  0.942430533759597     
          56          21  0.937661952927731     
          57          22  0.942595202767500     
          58          26  0.943617327538411     
          59          27  0.944801331705510     
          60          28  0.945162026490176     
          61          29  0.944773188936521     
          62          32  0.944752122417041     
          63          33  0.945152325292380     
          64          34  0.944813691969329     
          65          35  0.943601698870278     
          66          37  0.942489837109416     
          67          41  0.947210157578400     
          68          42  0.944751376043662     
          69          43  0.940036423372401     
          70          45  0.943761229636197     
