           2           1  0.966087108258256     
           3           2  0.976622385015678     
           4           2  0.965625331849511     
           5           2  0.937295859098710     
           6           5   1.37213860850778     
           7           6   1.45922914714596     
           8           7   1.35460068455460     
           9           8   1.34359862674335     
          10           5   1.40442515535130     
          10           9   1.39407697407430     
          11           9  0.945019987738835     
          12          11  0.953346102002313     
          13          11  0.953287463491607     
          14          11  0.944884532165534     
          15          14   1.40523971484734     
          16          15   1.39256569638440     
          17          16  0.937172633241592     
          18          17  0.965799370740638     
          19          17  0.976429694907153     
          20          17  0.966277635767514     
          21          16   1.38381317173391     
          22          21   1.44783827350587     
          23          14   1.33476450946596     
          23          22   1.36362119747358     
          24           8   1.00751416950494     
          24          23   1.00758394914051     
          25          24  0.996922906565924     
          26          25   1.33132441103113     
          27          26  0.979267841540295     
          28          26   1.37151605733483     
          29          28  0.979590443353019     
          30          28   1.33528317929989     
          31          30  0.989746585092904     
          32          31   1.33526598088110     
          33          32  0.979638879237060     
          34          32   1.37148861610168     
          35          34  0.979264774347052     
          36          34   1.33139574697359     
          37          36  0.996894171879719     
          38          37   1.00747042372407     
          39          38   1.36370204779803     
          40          39   1.44775479297048     
          41          40   1.38388390506452     
          42          41  0.937173398334156     
          43          42  0.965809078496934     
          44          42  0.966271002455436     
          45          42  0.976425149359017     
          46          41   1.39251584433587     
          47          38   1.33470696821725     
          47          46   1.40529532370108     
          48          47  0.944885524673952     
          49          48  0.953255629372660     
          50          48  0.953372700064243     
          51          48  0.945029365168378     
          52          51   1.39404933913128     
          53          52   1.40444947939420     
          54          53  0.937296652378788     
          55          54  0.965624077851880     
          56          54  0.966097248266912     
          57          54  0.976620388665431     
          58          53   1.37209594365821     
          59          58   1.45928577232243     
          60          37   1.00763501746479     
          60          51   1.34363515363632     
          60          59   1.35453758894021     
          61          36   1.33134037268493     
          62          61  0.979281745427018     
          63          31   1.33509613522606     
          63          61   1.37162468186234     
          64          63  0.979562007851755     
          65          30   1.33507086879366     
          66          65  0.979608878444559     
          67          25   1.33138218648053     
          67          65   1.37161535368157     
          68          67  0.979271073619352     
          69           1  0.976220105593409     
          70           1  0.977929189413953     
          71           1  0.978198905123442     
          72           3  0.978326617481828     
          73           3  0.977664278129759     
          74           3  0.977468507876862     
          75           4  0.978218010191360     
          76           4  0.978016793100789     
          77           4  0.976336583670865     
          78           6  0.941434980757678     
          79           7  0.939115406623594     
          80          10  0.938736572530435     
          81          12  0.975539327889344     
          82          12  0.975781140223886     
          83          12  0.977567314337337     
          84          13  0.977561154276731     
          85          13  0.975645474847013     
          86          13  0.975719556620336     
          87          15  0.938926154641540     
          88          18  0.978125653857221     
          89          18  0.978239389324386     
          90          18  0.976269731561308     
          91          19  0.977720683775018     
          92          19  0.977579410111464     
          93          19  0.978269611910764     
          94          20  0.976212117209321     
          95          20  0.978053169908095     
          96          20  0.978197647921249     
          97          21  0.941541026119503     
          98          22  0.939113658422452     
          99          39  0.939035164790613     
         100          40  0.941532804431464     
         101          43  0.978128680169893     
         102          43  0.976269358461826     
         103          43  0.978242727241086     
         104          44  0.978051342087304     
         105          44  0.976214624027930     
         106          44  0.978195784952848     
         107          45  0.978267977871204     
         108          45  0.977585901358197     
         109          45  0.977716110302724     
         110          46  0.938926088299087     
         111          49  0.975565581444590     
         112          49  0.977558779716909     
         113          49  0.975790046623573     
         114          50  0.975635342643511     
         115          50  0.975695390490313     
         116          50  0.977570533097592     
         117          52  0.938732511587745     
         118          55  0.976346643062274     
         119          55  0.978217908661397     
         120          55  0.978015509820902     
         121          56  0.978199268767060     
         122          56  0.977929218292572     
         123          56  0.976219522037391     
         124          57  0.977661760476444     
         125          57  0.977465950035050     
         126          57  0.978321391199280     
         127          58  0.941452093079054     
         128          59  0.939199715306945     
