 -3.749285775600608E-002
 -3.034211228630657E-002
 -3.458292587584744E-002
  6.147061712708890E-002
 -9.359669650300440E-002
  3.737516542784203E-002
 -4.254522085831347E-002
 -3.994590380085850E-002
 -4.903445490663128E-002
 -3.598290056208331E-002
 -2.643203677661532E-002
 -2.654518161918329E-002
 -3.768034760476358E-002
 -5.087115417613575E-002
 -4.211828572622878E-002
 -4.673842131064720E-002
  3.657954848123568E-002
 -1.187960851076753E-004
 -1.231979655154092E-004
 -3.716458259237321E-002
 -3.749609059861569E-002
 -3.034389374959900E-002
 -3.459391078677410E-002
  6.147402920173928E-002
 -9.358732087196397E-002
  3.658796577257073E-002
 -4.674098306174024E-002
 -4.211995762999177E-002
 -5.087041016477656E-002
 -3.768061122813737E-002
 -2.654321068863030E-002
 -2.643161484412904E-002
 -3.598243276024604E-002
 -4.902939200057865E-002
 -3.994648378288534E-002
 -4.254575698354124E-002
  3.737376611319032E-002
 -3.716151675596890E-002
  4.120415633477070E-002
  4.383598471463035E-002
  4.262537351295348E-002
  4.170615635605857E-002
  4.161883937644684E-002
  3.834761815869292E-002
  4.091714649253153E-002
  4.130449527083913E-002
  3.879903492997161E-002
  4.194790075575905E-002
  4.107303456542499E-002
  4.238152544397689E-002
  4.120358493748799E-002
  4.383419744714590E-002
  4.262615331139719E-002
  4.107430347622143E-002
  4.194720443843980E-002
  3.879997212425257E-002
  4.130480651549762E-002
  4.091820694560666E-002
  3.834873365563385E-002
  4.161870552093505E-002
  4.170865430515536E-002
  4.238178159968342E-002
