           2           1   1.71168908467045     
           3           2  0.814485101663715     
           4           3   1.41576298052878     
           5           4   1.42126040037611     
           6           5   1.43396729301305     
           7           6   1.42630188385206     
           8           3   1.40729448866761     
           8           7   1.42828572168999     
           9           2  0.809874994925731     
          10           9   1.41441435353357     
          11          10   1.42158320717445     
          12          11   1.43211586306612     
          13          12   1.42885074497619     
          14           9   1.40997299383451     
          14          13   1.42392311060314     
          15           2  0.805755375988060     
          16          15   1.42888986048564     
          17          16   1.41367879487316     
          18          17   1.42777782364350     
          19          18   1.43868129846489     
          20          15   1.35127760096348     
          20          19   1.36506057295167     
          21          20   1.01860858153919     
          22          21  0.999420371638158     
          23          22   1.36564762919715     
          24          23   1.45051177544342     
          25          24   1.36550305279365     
          26          25   1.00501728652807     
          27          26   1.37028014934340     
          28          27   1.44341668941481     
          29          28   1.39194725086464     
          30          29  0.924424943064668     
          31          30  0.923567234552859     
          32          31   1.38601204757174     
          33          32   1.44312857648370     
          34          33   1.38052936499643     
          35          34  0.971303298944590     
          36          35   1.05904486311343     
          37          36   1.36813191968662     
          38          37   1.45313944642024     
          39          38   1.39309166535395     
          40          39   1.46095386994428     
          41          36   1.26342675347157     
          41          40   1.35312249465697     
          42          41   1.08899683499506     
          43          42   1.35278516774609     
          44          43   1.46120184732622     
          45          44   1.39310807622987     
          46          45   1.45328370067626     
          47          35   1.05823869099975     
          47          42   1.26391713640756     
          47          46   1.36812113899046     
          48          34   1.38583180984092     
          49          31   1.39490977703357     
          49          48   1.43709076874462     
          50          30  0.925833291249554     
          51          50   1.42953924222142     
          52          51   1.41107664546426     
          53          52   1.43158267129126     
          54          53   1.43166530320374     
          55          50   1.30854286933282     
          55          54   1.37929632278152     
          56          55   1.03699986657442     
          57          56   1.37913150540444     
          58          57   1.43179791932257     
          59          58   1.43141230594147     
          60          59   1.41132365861896     
          61          30  0.925888213032136     
          61          56   1.30877774641661     
          61          60   1.42920122632306     
          62          29   1.38274741292783     
          63          26   1.36520779433804     
          63          62   1.45003634423263     
          64          25   1.35977227736403     
          65          22   1.35546813547062     
          65          64   1.43248335688887     
          66          65  0.810630367801984     
          67          66   1.68829144670748     
          68          66  0.809842689193501     
          69          68   1.41873434315339     
          70          69   1.41732036604921     
          71          70   1.43349830736326     
          72          71   1.42758101964105     
          73          68   1.40808756952639     
          73          72   1.42607822840134     
          74          66  0.808367637415643     
          75          74   1.41524294730376     
          76          75   1.41947307153860     
          77          76   1.43289227275416     
          78          77   1.42817238090821     
          79          74   1.41025517270411     
          79          78   1.42630406641876     
          80           4  0.945313730817529     
          81           5  0.944086262260216     
          82           6  0.944462284244282     
          83           7  0.943998570913703     
          84           8  0.945593729850381     
          85          10  0.943489232486570     
          86          11  0.943875952268153     
          87          12  0.944079590466973     
          88          13  0.943736530597354     
          89          14  0.944511646943453     
          90          16  0.942327071426871     
          91          17  0.942519958853416     
          92          18  0.941603035537371     
          93          19  0.940933080127311     
          94          23  0.939902850428467     
          95          24  0.940988816033082     
          96          27  0.944743571840455     
          97          28  0.943060862749460     
          98          32  0.942025093893054     
          99          33  0.944299746666904     
         100          37  0.943818953233258     
         101          38  0.944842797379631     
         102          39  0.945168708158692     
         103          40  0.944733910667726     
         104          43  0.944781865334231     
         105          44  0.945112485279998     
         106          45  0.944636466572961     
         107          46  0.943890369877268     
         108          48  0.944470007415903     
         109          49  0.941968486627877     
         110          51  0.945031837215943     
         111          52  0.945566931578589     
         112          53  0.945336274682211     
         113          54  0.945470043926407     
         114          57  0.945480672558132     
         115          58  0.945345850441901     
         116          59  0.945562891452398     
         117          60  0.945026824200070     
         118          62  0.943473101710173     
         119          63  0.944217275888103     
         120          64  0.941005934942494     
         121          69  0.944857230547442     
         122          70  0.943303921971573     
         123          71  0.944049574597670     
         124          72  0.943848868546443     
         125          73  0.945800073296210     
         126          75  0.938671202883013     
         127          76  0.943474154861901     
         128          77  0.944354467593087     
         129          78  0.944171721974754     
         130          79  0.946289580889942     
