 -3.989393696764498E-002
 -3.676928572311322E-002
 -2.638352867038041E-002
  5.384385517144041E-002
  7.329924022043421E-002
 -4.253359380785593E-002
 -0.141954348647600     
  7.995827948663514E-002
 -3.974275753403678E-002
 -3.923073285722722E-002
 -4.091633410249695E-002
 -3.865576021368344E-002
  4.614768395206292E-002
 -0.104399922972854     
  0.113061709457745     
 -3.716751337782398E-002
 -2.154537173042126E-002
 -1.196787169704638E-002
 -4.745803654074709E-002
 -3.208067159211847E-002
 -3.565993666633638E-002
  6.373570390867744E-002
 -0.118745584665148     
  5.210558223265060E-002
 -5.615936543885969E-002
 -4.658215968454460E-002
 -5.315258663654188E-002
 -4.991404024633006E-002
  7.244669525915270E-002
 -0.144637796049992     
  7.247913526276761E-002
 -4.960669881748814E-002
 -5.266704595760530E-002
 -4.546729235694436E-002
 -5.000190068803789E-002
  5.590229730013663E-002
  3.928972824921928E-002
 -0.226234231391770     
  4.260860064023908E-002
  4.703752735692146E-002
  5.186669761832974E-002
  3.984042511440755E-002
  4.277360418957166E-002
  4.441903285611337E-002
  4.487359212559205E-002
  4.556344573683868E-002
  4.545193162361827E-002
  4.453266365007569E-002
  4.051390733486560E-002
  4.601920302143492E-002
  4.500175309133958E-002
  4.152615055151609E-002
  4.206644028610851E-002
  4.120878912173753E-002
  3.934410679964473E-002
  3.847685920181321E-002
  4.044158930344055E-002
  4.167638448362032E-002
  4.201569042651954E-002
