 -4.692326762780308E-002
 -4.284722178028488E-002
 -5.554645764297117E-002
  4.550353329774337E-002
  7.451903998447085E-002
 -4.544650020436780E-002
 -0.137909757805302     
  7.482357289832464E-002
 -4.553021822725167E-002
 -4.692291552176897E-002
 -4.307729355985934E-002
 -5.505144237553772E-002
  4.498432983728673E-002
 -0.126346765147595     
  6.084961408551015E-002
 -2.252088481924019E-002
 -6.376479584305983E-003
 -1.376657996045694E-003
 -3.775953614430350E-002
  3.734029987402021E-003
 -9.602583338089055E-003
 -1.919092171617276E-002
 -2.490842077826905E-002
  1.029406006087452E-002
  4.278408115810128E-002
 -0.185731141869872     
  4.197423702287661E-002
  8.521430229889937E-003
 -8.950873312461027E-003
 -2.463572471942754E-002
  2.982439696472783E-002
 -0.174133329796732     
  5.785209878058239E-002
  5.777538106889146E-002
 -0.174053594930446     
  2.981728316894428E-002
 -2.461664334642766E-002
 -8.968867541711667E-003
  8.702104725201831E-003
  4.183943549359981E-002
 -0.185934937136431     
  4.269767897323051E-002
  4.323414969238748E-002
  4.423210260926924E-002
  4.276058750753808E-002
  4.134516534211019E-002
  4.143220937855152E-002
  4.325184443373808E-002
  4.431187447722462E-002
  4.307467281020738E-002
  4.739841114085430E-002
  5.549933216823111E-002
  5.011094906854308E-002
  4.587459429070573E-002
  4.918120170157114E-002
  4.685972910065972E-002
  4.235938002574402E-002
  5.387045948459424E-002
  5.389803816929317E-002
  4.234646412910392E-002
  4.682496365464694E-002
