           2           1   1.42618916771755     
           3           2   1.44187327232890     
           4           3   1.37443071333066     
           5           4  0.998928125642457     
           6           5   1.37992252158471     
           7           6   1.38007929198327     
           8           7  0.998815314514989     
           9           8   1.37447526181044     
          10           9   1.44185381148250     
          11          10   1.42620248059573     
          12          11   1.42589264296114     
          13           8   1.37398602230167     
          13          12   1.44229109071645     
          14           7   1.37337310081402     
          15          14   1.38471903774359     
          16          15  0.973419570944774     
          17          16   1.30840611184961     
          18          17   1.21671895975294     
          19          18   1.59592702691619     
          20          19   1.26582319591614     
          21          20   1.59586137356113     
          22          17   1.17596093019247     
          22          21   1.21677990647382     
          23          22   1.30752450372586     
          24          23  0.977400288422774     
          25          24   1.37064222924845     
          26          25   1.45252305736929     
          27          26   1.35714529263664     
          28          27   1.02160928270189     
          29          28   1.56097387499317     
          30          29   1.17072453484826     
          31          30   1.13306717859701     
          32          31   1.30875556994533     
          33          32   1.49966727051588     
          34          33   1.35773833695373     
          35          34   1.49614040444116     
          36          31   1.26556038941266     
          36          35   1.31886998623141     
          37          36   1.10870531611283     
          38          37   1.32532826547777     
          39          38   1.49097446282176     
          40          39   1.35984159502261     
          41          40   1.49795376345235     
          42          37   1.24899128496197     
          42          41   1.30440119800081     
          43          30   1.38600126576957     
          43          42   1.15358617973259     
          44          28   1.11637212171541     
          44          43   1.08327942561495     
          45          44  0.954012670654334     
          46          45   1.39052729281138     
          47          46   1.43348859063448     
          48          47   1.43049447872064     
          49          48   1.42746207855943     
          50          45   1.38216238301682     
          50          49   1.43549603901886     
          51          27   1.36014079350908     
          52          24   1.37065648640398     
          52          51   1.45194704919187     
          53          23   1.30899251500901     
          54          53   1.21648557255181     
          55          54   1.59610490200688     
          56          55   1.26559724006931     
          57          56   1.59610439815751     
          58          16   1.30884139386230     
          58          53   1.17542095192577     
          58          57   1.21660215520675     
          59           5   1.37343030253065     
          59          15   1.38464425686707     
          60           4   1.37392835663837     
          61           1   1.42587989722432     
          61          60   1.44231694234559     
          62           1  0.947515316447326     
          63           2  0.946584286735216     
          64           3  0.946927657417982     
          65           6  0.944342898410211     
          66           9  0.946921424241216     
          67          10  0.946576271539707     
          68          11  0.947515048626612     
          69          12  0.946595507293806     
          70          13  0.946930535665058     
          71          14  0.944806943198562     
          72          18  0.940252526496315     
          73          19  0.945498679039524     
          74          20  0.945551085903935     
          75          21  0.940299357836594     
          76          25  0.944120254185582     
          77          26  0.944398420515892     
          78          32  0.944883926204846     
          79          33  0.945385722945721     
          80          34  0.945718027148655     
          81          35  0.942149081520669     
          82          38  0.941113485547253     
          83          39  0.945432393386823     
          84          40  0.945146652931514     
          85          41  0.938317085823195     
          86          46  0.946687084281245     
          87          47  0.944884416467586     
          88          48  0.945968735122417     
          89          49  0.944782006570912     
          90          50  0.946872371932593     
          91          51  0.942315731205982     
          92          52  0.944521617156229     
          93          54  0.940612465943078     
          94          55  0.945425933875865     
          95          56  0.945487128903990     
          96          57  0.940315835630455     
          97          59  0.944801616099183     
          98          60  0.946903147310008     
          99          61  0.946582292320851     
