           2           1   1.03752982170951     
           3           2   1.38279863450035     
           4           3   1.35154756562011     
           5           4   1.02617110398456     
           6           5   1.03571046091305     
           7           6   1.37859835134207     
           8           7   1.44233145220024     
           9           8   1.40249845141812     
          10           9   1.45404842493443     
          11           6   1.27226125815474     
          11          10   1.35845730299443     
          12          11   1.07817128098998     
          13          12   1.35719412718271     
          14          13   1.45536088456737     
          15          14   1.40205662882244     
          16          15   1.44241160230339     
          17           5   1.02809504860874     
          17          12   1.27419529871116     
          17          16   1.38194414474402     
          18           4   1.31991536803971     
          19          18   1.00596949754587     
          20          18   1.34069921599027     
          21          20  0.986579921593173     
          22          21   1.03978815121361     
          23          22   1.37624160202941     
          24          23   1.44573452144524     
          25          24   1.39960534708162     
          26          25   1.45678720776358     
          27          22   1.27012930480647     
          27          26   1.35612050126781     
          28          27   1.08123472922158     
          29          28   1.35605536877522     
          30          29   1.45686360272637     
          31          30   1.39962429455158     
          32          31   1.44555965346194     
          33          21   1.03888446184943     
          33          28   1.27015802155518     
          33          32   1.37619739190975     
          34           2   1.32889224444373     
          34          20   1.32454229758760     
          35          34   1.01036780265427     
          36           7  0.942674912481925     
          37           8  0.944554514811793     
          38           9  0.944804427044642     
          39          10  0.944747580512200     
          40          13  0.944803619709175     
          41          14  0.944851371658727     
          42          15  0.944668702375940     
          43          16  0.943573161511582     
          44          23  0.943638997567868     
          45          24  0.944658408324646     
          46          25  0.944903286019934     
          47          26  0.944758520175398     
          48          29  0.944714256200129     
          49          30  0.944883046534459     
          50          31  0.944605789488253     
          51          32  0.944506035312575     
