 -0.102277664274759     
  2.100928754206111E-002
 -0.102527465799691     
 -2.192473010454954E-002
 -4.425646082766921E-002
 -5.163684002388536E-002
 -3.750476735789920E-002
 -5.880378361906669E-002
  5.031879775903292E-002
 -0.117734745762094     
  6.776788797945477E-002
 -3.514472257881618E-002
  1.999088696931217E-002
  6.848906794140142E-002
 -3.781376131202041E-002
  6.590272897143779E-002
  1.147686316770091E-002
 -2.486423795222770E-002
 -3.215908523518962E-002
 -6.723017318233104E-005
 -1.149047122825486E-003
 -3.897517770837489E-002
 -3.275318017434259E-002
 -3.543066703756992E-002
 -3.296043923228176E-002
 -3.952292359354725E-002
 -3.391056139658577E-002
 -3.697574015427652E-002
 -0.211640569450057     
  9.491441982861337E-002
  2.498980589820032E-002
 -2.818614282444809E-002
 -2.777861950874172E-002
 -3.394944863108051E-002
 -2.802679737024771E-002
 -2.823233655423252E-002
 -0.213887331860300     
 -2.387455414408013E-002
  6.975089001925072E-002
 -0.113305437552862     
  5.120124191039821E-002
 -5.769804361655773E-002
 -3.730684477654123E-002
 -5.107800904347481E-002
 -4.450772152743898E-002
 -2.114827999834823E-002
  2.082562577803326E-002
 -0.102653302768373     
 -0.102667020117125     
 -2.160397123963342E-002
 -4.504875378418571E-002
 -5.129518564279500E-002
 -3.675477976950958E-002
 -5.550969181505749E-002
  5.135055700222679E-002
 -2.632267484654172E-002
  5.040859667199404E-002
 -5.667034897907097E-002
 -3.614794433984425E-002
 -5.108816405049499E-002
 -4.440689647081619E-002
 -2.233974948959716E-002
  3.444456803756168E-002
  3.352433187422976E-002
  3.379899237105544E-002
  3.392163129407977E-002
  3.343487640543807E-002
  3.374421799425220E-002
  4.334053836823681E-002
  3.912915677793916E-002
  4.225344439342349E-002
  3.852163676989195E-002
  4.608046723642556E-002
  4.549465128653940E-002
  4.709364097875235E-002
  4.097885129151391E-002
  3.772395780155757E-002
  3.890774757342719E-002
  3.836253166443937E-002
  3.879273545122097E-002
  3.736049687766496E-002
  4.068367954069507E-002
  4.230263721608529E-002
  4.495348341311800E-002
  3.989065518973012E-002
  4.024941518475489E-002
  3.967323790474386E-002
  4.454468100420850E-002
  5.124363749236516E-002
  3.942865126525485E-002
  4.222530615522679E-002
  3.897799642433353E-002
  4.323040235864795E-002
  3.342110781991148E-002
  3.426325086056703E-002
  3.347239352828946E-002
  3.364253915363691E-002
  3.351872196936734E-002
  3.454617180158881E-002
  4.301539262960874E-002
  3.874893505380383E-002
  4.260608385071374E-002
  4.096197618431130E-002
  4.610415631487463E-002
  3.939906746081379E-002
  4.288275302298195E-002
  3.915410000054143E-002
  4.307628692541132E-002
