           2           1  0.991692132179144     
           3           2   1.41069376709743     
           4           3   1.38303353716808     
           5           4  0.969733634879206     
           6           5   1.05911016303885     
           7           6   1.36791412470368     
           8           7   1.45333546151056     
           9           8   1.39298361418091     
          10           9   1.46116539667532     
          11           6   1.26340642094839     
          11          10   1.35291588104465     
          12          11   1.08923001832484     
          13          12   1.35288617388942     
          14          13   1.46119109788470     
          15          14   1.39301207870531     
          16          15   1.45331306984325     
          17           5   1.05901576075201     
          17          12   1.26337590248728     
          17          16   1.36796508474213     
          18           4   1.38568249900964     
          19          18   1.43432794815668     
          20           2   1.34660470917150     
          20          19   1.39556753076326     
          21          20  0.960626270190096     
          22          21   1.39604463865684     
          23          22   1.43322981802634     
          24          23   1.38747715246777     
          25          24  0.962996757378567     
          26          25   1.04981079564466     
          27          26   1.37062949670191     
          28          27   1.45168824087031     
          29          28   1.39460127728542     
          30          29   1.46043203229164     
          31          26   1.26737215922126     
          31          30   1.35355265081684     
          32          31   1.08399178095576     
          33          32   1.38268775832569     
          34          33   1.37290389276501     
          35          34   1.00922481617776     
          36          35   1.80354708478824     
          37          35  0.961533350490740     
          38          37   1.36849793854788     
          39          38   1.44561760942199     
          40          39   1.38349382624672     
          41          40  0.948715181878353     
          42          41   1.03174645047884     
          43          42   1.35532913957397     
          44          43   1.45125769147334     
          45          44   1.41557465325661     
          46          45   1.43113349780753     
          47          42   1.33139076340742     
          47          46   1.40261286039060     
          48          47  0.947039305938739     
          49          48  0.953300155792090     
          50          48  0.953434387422562     
          51          48  0.946941947430607     
          52          51   1.40235972227656     
          53          52   1.43136879332477     
          54          53   1.41547247161702     
          55          54   1.45134400375297     
          56          41   1.03073405667182     
          56          51   1.33177139430101     
          56          55   1.35563599992775     
          57          40   1.38364483501191     
          58          37   1.36781569962606     
          58          57   1.44474521841928     
          59          34   1.31000322228925     
          60          59   1.48543271700488     
          61          25   1.08624516111129     
          61          32   1.24295857926161     
          61          60   1.34454265054633     
          62          24   1.38533127735098     
          63          21   1.34704736862248     
          63          62   1.40930871909304     
          64          63  0.991975921932453     
          65           1  0.971869289344477     
          66           1  0.978771072202115     
          67           1  0.969319998908058     
          68           3  0.942868757866700     
          69           7  0.943949726150041     
          70           8  0.944819023728445     
          71           9  0.945115806529317     
          72          10  0.944702691498416     
          73          13  0.944703965963727     
          74          14  0.945105988933286     
          75          15  0.944776626571962     
          76          16  0.943984739004862     
          77          18  0.943627323728445     
          78          19  0.941987684711998     
          79          22  0.941767174470563     
          80          23  0.943701248857119     
          81          27  0.943922538184498     
          82          28  0.944648264444337     
          83          29  0.944919156880905     
          84          30  0.944690697480076     
          85          33  0.940180283106774     
          86          38  0.943917648726709     
          87          39  0.945000999712535     
          88          43  0.941498062270520     
          89          44  0.943993190460112     
          90          45  0.944825407624819     
          91          46  0.942373100160616     
          92          49  0.975888740155921     
          93          49  0.977553310287659     
          94          49  0.975861344327195     
          95          50  0.975874233315803     
          96          50  0.977547625984466     
          97          50  0.975938360488740     
          98          52  0.942384591300368     
          99          53  0.944815572620167     
         100          54  0.943863798202641     
         101          55  0.941434298749563     
         102          57  0.945200440252308     
         103          58  0.942752351971247     
         104          59  0.942624228727738     
         105          60  0.941351956825835     
         106          62  0.943057596236006     
         107          64  0.968861861861008     
         108          64  0.978624336713969     
         109          64  0.972037526970217     
