 -0.104795460756392     
  2.036002516109647E-002
 -9.995847971378780E-002
 -2.084878894806863E-002
  5.243666405144687E-002
 -3.471842565911931E-002
 -3.540093419843160E-002
 -6.081854069043935E-003
 -3.928759115979030E-002
 -3.459644271206486E-002
 -3.544516605982206E-002
 -4.274196562697519E-002
  1.764731198297120E-004
 -9.621505578949385E-002
  5.526206571501380E-002
 -4.385386710854977E-002
 -2.816693056526631E-002
 -3.651593472899961E-002
 -2.120252226967256E-002
 -1.998673496625969E-002
  0.123362541768015     
 -0.279453303233169     
 -1.988127860026001E-002
 -2.227587500977091E-002
 -3.527469398280747E-002
 -3.632208262805925E-002
 -1.792360995758990E-002
  4.932386192730531E-002
  4.257836699693296E-002
  3.733495198763859E-002
  3.439616005696911E-002
  3.510886633286192E-002
  3.369641276192237E-002
  3.674794024931394E-002
  4.870882806716292E-002
  4.688205720042249E-002
  3.842023127486283E-002
  4.049328234176230E-002
  4.090727058325838E-002
  4.661277417628751E-002
  4.207699679067256E-002
  4.637749459547946E-002
  4.227126474562448E-002
  5.266350399632946E-002
  5.394520268543790E-002
  4.356331168406635E-002
  4.724044947370198E-002
