 -0.230210912242344     
  0.149581003531101     
 -1.397566119594895E-002
 -3.357197356102404E-002
 -2.494708702208293E-002
  6.409760801071673E-002
 -0.119698955796828     
  4.852036153681594E-002
 -5.732362685453296E-002
 -3.793786177533942E-002
 -4.804012821925152E-002
 -4.068298351196908E-002
 -1.774976515804649E-002
  1.314746579038006E-002
 -1.639879651024057E-002
 -3.979317527084003E-002
 -4.335311978651379E-002
 -3.732124632145073E-002
 -4.556436950408571E-002
  7.828001124044137E-002
 -0.125941522423984     
  7.844282398361768E-002
 -4.552280571144873E-002
 -3.739317013574084E-002
 -4.368385895706961E-002
 -4.010390732873326E-002
 -1.654277971912244E-002
 -1.819554379840049E-002
 -4.103343577338858E-002
 -4.774047567017448E-002
 -3.691595991189978E-002
 -5.574342454062364E-002
  4.825388311248568E-002
 -2.199008018154469E-002
 -2.217442008568771E-002
 -1.355371823924312E-002
 -3.357228161010894E-002
 -2.484941338866697E-002
  6.408227059650651E-002
 -0.120168022620416     
  4.841983648034365E-002
 -5.684631335670520E-002
 -3.759539631903053E-002
 -4.808438637987500E-002
 -4.078903254237165E-002
 -1.799233202161599E-002
  1.319006699621994E-002
 -1.656348749486369E-002
 -3.973669966226723E-002
 -4.324195709527690E-002
 -3.731234114618154E-002
 -4.560291723518439E-002
  7.814609486918433E-002
 -0.125957919866374     
  7.856313918850200E-002
 -4.550860815252555E-002
 -3.742029531435875E-002
 -4.380239708552214E-002
 -4.014757775184741E-002
 -1.634442166013450E-002
 -1.817496541126751E-002
 -4.095964609698033E-002
 -4.801052609850043E-002
 -3.723654726613557E-002
 -5.626111490828922E-002
  4.838393958774034E-002
 -2.169980766312563E-002
 -2.217619704208307E-002
  4.774532107370566E-002
  4.238483117260528E-002
  3.879587149289254E-002
  4.244395906784737E-002
  4.045240057712829E-002
  4.277191649699386E-002
  4.248319392383659E-002
  4.034553657664441E-002
  4.202787277667375E-002
  3.754354910871693E-002
  3.756033202762499E-002
  4.198934447192304E-002
  4.014204300117175E-002
  4.229165477934405E-002
  4.254124494926026E-002
  4.044654003737558E-002
  4.315212060144491E-002
  4.024279975294820E-002
  4.321897043705714E-002
  5.097270538554699E-002
  4.756226361089622E-002
  4.230702687927967E-002
  3.895605432219584E-002
  4.265099348099477E-002
  4.042899832966718E-002
  4.267933989107975E-002
  4.259250127136582E-002
  4.039979271527527E-002
  4.201534965324172E-002
  3.748553732624837E-002
  3.761173759955150E-002
  4.199493708250568E-002
  4.008600280033126E-002
  4.217726324927829E-002
  4.257808962016507E-002
  4.041771380198889E-002
  4.292290894682171E-002
  3.975224856895343E-002
  4.303057379082420E-002
  5.084932482174986E-002
