           2           1   1.39314439684939     
           3           2   1.45314436769494     
           4           3   1.36804915050733     
           5           4   1.26299059132513     
           6           1   1.46099436854701     
           6           5   1.35318524292368     
           7           5   1.08938987367356     
           8           7   1.35314545942914     
           9           8   1.46102470122977     
          10           9   1.39307107363204     
          11          10   1.45325842269217     
          12           7   1.26305238320283     
          12          11   1.36793028633027     
          13           4   1.05935796223074     
          13          12   1.05954340824825     
          14          13  0.970965452866627     
          15          14   1.37569178305690     
          16          15   1.45491365831558     
          17          16   1.35576588684456     
          18          17   1.04705960460978     
          19          18   1.04722573860220     
          20          19   1.35563080193738     
          21          20   1.45502243724399     
          22          21   1.37560024580754     
          23          22  0.971061737960760     
          24          23   1.05934200801914     
          25          24   1.36802163787686     
          26          25   1.45316405980441     
          27          26   1.39312552424693     
          28          27   1.46101374107579     
          29          24   1.26302873760401     
          29          28   1.35316337378150     
          30          29   1.08939373324227     
          31          30   1.35317424824106     
          32          31   1.46099784180935     
          33          32   1.39310191427519     
          34          33   1.45321729974316     
          35          23   1.05951567194444     
          35          30   1.26302975829995     
          35          34   1.36797229850091     
          36          22   1.37902288569614     
          37          19   1.35655846911105     
          37          36   1.45067337360428     
          38          17   1.35662947194750     
          39          14   1.37905628564445     
          39          38   1.45067918419422     
          40           1  0.945139663982182     
          41           2  0.944813864774552     
          42           3  0.943809478669580     
          43           6  0.944710157397742     
          44           8  0.944714365983174     
          45           9  0.945149692746674     
          46          10  0.944831727503175     
          47          11  0.943856548763303     
          48          15  0.944085334970555     
          49          16  0.944419580759830     
          50          18  0.949159295022927     
          51          20  0.944433446301208     
          52          21  0.944080659164140     
          53          25  0.943793464176961     
          54          26  0.944813801403297     
          55          27  0.945138909111033     
          56          28  0.944710229967032     
          57          31  0.944712328680911     
          58          32  0.945148751634204     
          59          33  0.944831544014199     
          60          34  0.943848728556518     
          61          36  0.943907012302388     
          62          37  0.941822490506965     
          63          38  0.941857230143917     
          64          39  0.943920828660764     
