           2           1   1.42609632832622     
           3           2   1.44190649690822     
           4           3   1.37494552201484     
           5           4  0.998972882815775     
           6           5   1.36447381741247     
           7           6   1.43036415822324     
           8           7   1.44502200083985     
           9           8   1.35094363569853     
          10           9   1.04281029943786     
          11          10   1.34476042172436     
          12          11   1.34296981491340     
          13          12   1.04276664866298     
          14          13   1.35099715526022     
          15          14   1.44483623260263     
          16          15   1.43060588372090     
          17          16   1.36406428240075     
          18          17  0.999755159847331     
          19          18   1.37459220356537     
          20          19   1.44209540520251     
          21          20   1.42597717338456     
          22          21   1.42631295348925     
          23          18   1.37499173417982     
          23          22   1.44169495749931     
          24          13   1.36464509536118     
          24          17   1.39198208481413     
          25          12   1.34477604303172     
          26          25   1.34289641341918     
          27          26   1.04279145238589     
          28          27   1.35087416959298     
          29          28   1.44489416350280     
          30          29   1.43058790452058     
          31          30   1.36403645259874     
          32          31   1.00001774123667     
          33          32   1.37495588655933     
          34          33   1.44168331281397     
          35          34   1.42634724088956     
          36          35   1.42589388896121     
          37          32   1.37439460856821     
          37          36   1.44220524760981     
          38          27   1.36477341232402     
          38          31   1.39175877274114     
          39          10   1.34292561578361     
          39          26   1.34476098796332     
          40           5   1.39225150835473     
          40           9   1.36458189424594     
          41           4   1.37532477147204     
          42           1   1.42637163588686     
          42          41   1.44154922909050     
          43           1  0.947545703016164     
          44           2  0.946642763322069     
          45           3  0.946956478508418     
          46           6  0.945998748804196     
          47           7  0.944588007583437     
          48           8  0.944948355175892     
          49          14  0.944964028323309     
          50          15  0.944590061958278     
          51          16  0.945973534234649     
          52          19  0.946921681968118     
          53          20  0.946648742850387     
          54          21  0.947543057969251     
          55          22  0.946631510055273     
          56          23  0.947131359891510     
          57          24  0.944166886017949     
          58          28  0.944961306381387     
          59          29  0.944590023259050     
          60          30  0.945961968779800     
          61          33  0.947140192518083     
          62          34  0.946635624094981     
          63          35  0.947541495597787     
          64          36  0.946643367394117     
          65          37  0.946882638697755     
          66          38  0.944164809360979     
          67          40  0.944238124743098     
          68          41  0.947162112679520     
          69          42  0.946631599197338     
