 -0.102384908770224     
  2.070244575153968E-002
 -0.102448657704047     
 -2.226865540847811E-002
 -4.489117406053111E-002
 -5.128192059485670E-002
 -3.679511862554197E-002
 -5.663771985910415E-002
  4.992919756556402E-002
 -0.120159882695875     
  7.354240172549931E-002
 -4.675805044424930E-002
  2.078913611936173E-002
 -0.208680367229012     
  0.112541994605355     
 -0.101855260859637     
  4.826418523809028E-002
 -3.806356303200698E-002
 -3.392581594440980E-002
 -4.012932923023271E-002
 -4.160322113744908E-002
 -1.541651930285504E-002
  2.138899011708562E-002
 -9.529963192351776E-002
 -9.808819045000394E-002
 -1.810688332925015E-002
 -4.414544583523128E-002
 -4.138137555796106E-002
 -3.377059456124609E-002
 -3.173940314657564E-002
  5.471126114943337E-002
 -4.618426523848207E-002
  4.988677438443467E-002
 -5.756305147284912E-002
 -3.727608586309028E-002
 -5.148087906386589E-002
 -4.491840977793959E-002
 -2.218878782158917E-002
  3.356007222467061E-002
  3.424208939373374E-002
  3.366449225134160E-002
  3.371921946568468E-002
  3.421664235367727E-002
  3.376195566185503E-002
  4.307533544719799E-002
  3.913165285694198E-002
  4.281944924276604E-002
  4.047182976120767E-002
  4.171419713889968E-002
  5.869880258615545E-002
  4.151066223840094E-002
  4.410618085951601E-002
  4.087188040292755E-002
  4.439268416175479E-002
  3.738270552787526E-002
  3.644215188381517E-002
  3.809535278556897E-002
  3.125126467655370E-002
  3.829730879287030E-002
  3.242266622814871E-002
  4.296222330274901E-002
  3.992600687881109E-002
  4.333176715388432E-002
  4.570439562154838E-002
  4.283734973272091E-002
  4.024322690254689E-002
  4.261169671379039E-002
  3.909368941285385E-002
  4.312783062336778E-002
