 -0.104709214896531     
  2.033170989269850E-002
 -0.103182610775179     
 -2.106546165582923E-002
 -4.499990165228773E-002
 -5.041452717634431E-002
 -3.752581046034908E-002
 -5.720672523974013E-002
  4.978661522466332E-002
 -0.113656246332553     
  6.355273835600972E-002
 -2.742363256883085E-002
 -2.455573046044801E-002
 -6.507433208019719E-003
  0.162192444893372     
 -0.226188034741733     
  4.246987246803435E-002
 -1.338220970579673E-002
  1.292596621480513E-003
 -1.252454176439333E-002
  4.632019305908797E-002
  0.152409506042779     
 -0.235315545730905     
 -6.444110724506125E-003
 -2.742210513342158E-002
 -2.659221811861290E-002
  6.447646897390014E-002
 -0.120227316499173     
  4.915909160005993E-002
 -5.473185504686029E-002
 -3.713580498156066E-002
 -4.830151275968753E-002
 -4.649565164246283E-002
 -2.133183274398398E-002
  2.164067235625522E-002
 -9.574410286822044E-002
 -0.102713192902330     
 -1.966911564524931E-002
 -4.477464517801621E-002
 -4.728113375738907E-002
 -3.677347748811766E-002
 -5.186855053800787E-002
  4.580242998864748E-002
 -2.537823781557247E-002
 -2.230051502126251E-002
 -0.206317912263927     
 -2.577723686802180E-002
 -2.508885369075387E-002
  5.061269960220915E-002
 -5.664001089819415E-002
 -3.806866199987802E-002
 -4.948922713337556E-002
 -4.422363200017543E-002
 -2.035892060326727E-002
  3.671302276924249E-002
  3.318962592995700E-002
  3.356526628344070E-002
  3.318145244944370E-002
  3.396170211773775E-002
  3.356285090072020E-002
  4.343772300536253E-002
  3.922449895878011E-002
  4.264577336363273E-002
  4.092525924210022E-002
  4.368536166009096E-002
  4.857294776300236E-002
  5.149691940633849E-002
  4.621321536187850E-002
  5.188060896339342E-002
  5.185065348325490E-002
  4.547459981382829E-002
  4.338452430363204E-002
  4.482037960295782E-002
  3.995955488449598E-002
  4.322934548201718E-002
  3.849453991528773E-002
  3.792789522907003E-002
  3.594730339541852E-002
  2.987388069488306E-002
  3.092606517197483E-002
  3.695223284268245E-002
  4.403167709709810E-002
  3.964563783226005E-002
  4.261776456148780E-002
  3.934535233476188E-002
  4.252311240716833E-002
  5.050435229007055E-002
  4.812609201602058E-002
  4.349722837693593E-002
  4.218784022460509E-002
  4.414088081778922E-002
  3.920853402607893E-002
  4.283474663293174E-002
