           2           1  0.966036996393199     
           3           2  0.966154238134100     
           4           2  0.976593506938941     
           5           2  0.935970800840809     
           6           5   1.34538478964477     
           7           6   1.47739226907873     
           8           7   1.34844568254662     
           9           8   1.32237917687219     
          10           5   1.43486166590416     
          10           9   1.35614308587127     
          11           9  0.968502747151854     
          12          11  0.968369293014913     
          13          12   1.35625256581342     
          14          13   1.43477056833046     
          15          14  0.935937331603769     
          16          15  0.966227450977034     
          17          15  0.976583788255451     
          18          15  0.965970824534121     
          19          14   1.34539504736484     
          20          19   1.47742950088963     
          21          12   1.32211647599288     
          21          20   1.34808676609425     
          22          21   1.03917989689567     
          23          22   1.05318975910369     
          24          23   1.38401940616510     
          25          24   1.38205825801557     
          26          25  0.973066049664974     
          27          26   1.05807345112516     
          28          27   1.36784531587618     
          29          28   1.45215332090119     
          30          29   1.39310713506462     
          31          30   1.46053588639050     
          32          27   1.26210880229256     
          32          31   1.35008674227030     
          33          32   1.08941101602530     
          34          33   1.31807462713024     
          35          34  0.975498812723940     
          36          35   1.37816508519446     
          37          36   1.43606859363724     
          38          37   1.42753724982217     
          39          38   1.42775139832412     
          40          35   1.38209474332301     
          40          39   1.43739477881458     
          41          34   1.35094445921700     
          42          41   1.24355340786699     
          43          42   1.31750418422568     
          44          43  0.974652492781451     
          45          44   1.37712938433723     
          46          45   1.43654305469018     
          47          46   1.42697687982819     
          48          47   1.42734329332170     
          49          44   1.38203178215394     
          49          48   1.43731214810006     
          50          26   1.04368743004193     
          50          33   1.24478535635319     
          50          43   1.35223369328547     
          51          42   1.09061347611550     
          52          51   1.34949045134969     
          53          52   1.46116458007233     
          54          53   1.39226424436420     
          55          54   1.45310664506287     
          56          51   1.26133477731097     
          56          55   1.36681328019414     
          57          41   1.04900039564005     
          57          56   1.06043864360736     
          58          57  0.964378995061175     
          59          58   1.38583345013109     
          60          59   1.43790441653077     
          61          60   1.42640455083116     
          62          61   1.43036441566699     
          63          58   1.39033999399662     
          63          62   1.43360853331803     
          64          25   1.38742392958805     
          65          64   1.38031507062954     
          66          11   1.02500739334689     
          66          23   1.29156195771534     
          66          65   1.29488038912393     
          67           8   1.03862661381405     
          67          65   1.05331265435939     
          68           1  0.978170937175508     
          69           1  0.977865223046987     
          70           1  0.976265901015923     
          71           3  0.977874762041264     
          72           3  0.978231803076693     
          73           3  0.976239010930065     
          74           4  0.978271263555426     
          75           4  0.977360996562356     
          76           4  0.977399008944611     
          77           6  0.941934651717982     
          78           7  0.943597387422495     
          79          10  0.936708727148532     
          80          13  0.936729856379427     
          81          16  0.977864130131370     
          82          16  0.978223363035434     
          83          16  0.976198066905419     
          84          17  0.977350289749667     
          85          17  0.978259927859290     
          86          17  0.977415641980202     
          87          18  0.978186737267884     
          88          18  0.977870261230362     
          89          18  0.976307597283078     
          90          19  0.941944827015087     
          91          20  0.943536131266965     
          92          24  0.942975227911566     
          93          28  0.943837385045296     
          94          29  0.944744533166748     
          95          30  0.944925326408905     
          96          31  0.939222402189458     
          97          36  0.946961144953498     
          98          37  0.946230125241197     
          99          38  0.947342463029028     
         100          39  0.946151855694946     
         101          40  0.946544087289516     
         102          45  0.946984816982375     
         103          46  0.945974895975113     
         104          47  0.946867369230040     
         105          48  0.945935034943565     
         106          49  0.946607628379687     
         107          52  0.939163557091087     
         108          53  0.944945160617468     
         109          54  0.944809228110546     
         110          55  0.943690200521258     
         111          59  0.946178967742087     
         112          60  0.945050230476141     
         113          61  0.946288677694835     
         114          62  0.945248268591580     
         115          63  0.946948399369280     
         116          64  0.943974064613517     
