 -0.233565405847197     
  0.147456010419354     
 -1.237048163737686E-002
 -2.701145842545483E-002
 -2.633035409570450E-002
 -2.992747408603602E-002
 -2.931881947828963E-002
 -3.836026000418347E-002
 -1.713087198189456E-002
 -3.256007158679264E-002
 -3.162674344007854E-002
  6.619464632723782E-002
 -9.189251110968844E-002
  3.605750775092087E-002
 -4.301161859015235E-002
 -3.798201385293165E-002
 -4.664749286952752E-002
 -3.532877782422617E-002
 -2.620741084416967E-002
 -2.552423136267024E-002
 -4.019467842983726E-002
 -1.236191352074467E-002
 -1.226032835277646E-002
 -4.008119952838118E-002
 -4.451449980225064E-002
  5.252859551591804E-002
 -0.125776056100105     
  5.404848884628954E-002
 -4.515279446786824E-002
 -3.440233108990753E-002
 -4.714514346318754E-002
 -3.463451170351028E-002
 -4.535957875416141E-002
  5.396454645593263E-002
 -4.510930356325371E-002
 -3.439822404374748E-002
 -4.687441441546447E-002
 -3.434323075421464E-002
 -4.499666029843219E-002
 -4.413887125023752E-002
 -3.912443171597602E-002
 -4.338656195494561E-002
 -4.311230490394280E-002
  3.441297575729196E-002
 -2.872301208297667E-002
 -2.179368950795801E-002
  4.404508089500947E-002
  3.988231311622459E-002
  4.067072545895978E-002
  3.896134898159187E-002
  4.097221591338096E-002
  4.815382318183570E-002
  4.253014248216425E-002
  4.172618308824561E-002
  4.395499120979329E-002
  4.063886234055070E-002
  4.258353552654315E-002
  4.329881242857503E-002
  4.182441939796588E-002
  4.027718616707177E-002
  3.797413584948794E-002
  4.148206502569673E-002
  3.827052257809127E-002
  4.132222841098343E-002
  3.787112879558308E-002
  3.789158241690505E-002
  4.146621822104379E-002
  3.832762985095362E-002
  4.147104186475170E-002
  3.794828870459166E-002
  4.041101967640737E-002
  4.251082868830491E-002
  4.443062235619522E-002
  4.274254521523835E-002
  4.337337892380377E-002
  5.100408890134867E-002
