 -4.711713279252727E-002
 -3.440946359003227E-002
 -4.525271126561670E-002
  5.394282972561992E-002
 -0.126596932643133     
  5.395078511278406E-002
 -4.517203982782902E-002
 -3.438797755158074E-002
 -4.704852865491826E-002
 -3.448674553748532E-002
 -4.546259646778417E-002
  5.268165191005947E-002
 -4.429154277213065E-002
 -3.711931060337736E-002
 -9.104113572400152E-003
 -1.267766281871907E-002
 -3.530564331514441E-003
 -4.031591523335543E-002
 -3.592179291602715E-002
 -3.525609410425812E-002
 -3.941134535572033E-002
 -3.562085059408027E-003
 -1.175013787734258E-002
 -2.591056308200557E-003
 -3.578036369688853E-002
 -4.050535917392306E-002
 -3.551985771680144E-003
 -3.728831062677873E-002
 -3.644529808288155E-002
 -4.476443931134888E-003
 -2.594256769016035E-003
 -1.176627530299523E-002
 -3.412519363171107E-003
 -3.915029138426629E-002
 -3.512144190285404E-002
 -3.599262876739573E-002
 -4.034494708150849E-002
 -3.607313038235027E-003
 -1.270445057880210E-002
 -9.091859658535206E-003
 -3.705464342244724E-002
 -4.422020601133347E-002
  5.270237002386136E-002
 -0.126618291306948     
  5.394106421147260E-002
 -4.518551443045116E-002
 -3.439129751840575E-002
 -4.707187539239044E-002
 -3.449327965957583E-002
 -4.551561343798571E-002
  5.394188661232313E-002
 -4.524948175900789E-002
 -3.440707017873557E-002
 -4.710686556436716E-002
 -3.450145145059480E-002
 -4.552288640234181E-002
 -4.425763930546722E-002
 -3.716679685229796E-002
 -3.530562357593858E-003
 -4.035621477327300E-002
 -3.593362751450613E-002
 -3.518948602607086E-002
 -3.929030939577327E-002
 -3.543358250213124E-003
 -3.575222220189467E-002
 -4.051820742735579E-002
 -3.586909147335504E-003
 -3.732143698959423E-002
 -3.645765208149676E-002
 -4.367565254155714E-003
 -8.553655902466595E-003
 -8.579059387641585E-003
 -3.350240241253744E-003
 -3.924930618438083E-002
 -3.514632572053333E-002
 -3.597883862774331E-002
 -4.037778471508968E-002
 -3.588892275699251E-003
 -3.715254921725020E-002
 -4.428667968563360E-002
 -4.554425213835156E-002
 -3.450968537732901E-002
  3.830907695627039E-002
  4.149249913415731E-002
  3.795151686660914E-002
  3.796009250660870E-002
  4.149829427209717E-002
  3.831919683612794E-002
  4.140667163328193E-002
  3.767181865492442E-002
  4.057557377265475E-002
  4.265186019942369E-002
  4.216128038288292E-002
  4.040942866252628E-002
  4.067300041143163E-002
  4.219238957402749E-002
  4.209132166828733E-002
  4.109184870279570E-002
  4.102871638785943E-002
  4.510051993702568E-002
  4.240604486486810E-002
  4.072381880700227E-002
  4.038702718067766E-002
  4.215659111308157E-002
  4.269583353049633E-002
  4.057657281140303E-002
  3.795674845552177E-002
  4.149877788274059E-002
  3.831524898902516E-002
  4.140241072213613E-002
  3.766805694222586E-002
  3.795658383765255E-002
  4.149257715627375E-002
  3.831076252440979E-002
  4.140253030364993E-002
  3.766264868119573E-002
  4.056289525033874E-002
  4.257826374250628E-002
  4.218506610202766E-002
  4.040480897237686E-002
  4.069070810192599E-002
  4.217388990169602E-002
  4.206021650003877E-002
  4.109508596445521E-002
  4.102357523162425E-002
  4.509714647445018E-002
  4.251378640661430E-002
  4.072993478362186E-002
  4.038697743302222E-002
  4.216091531026334E-002
  4.256631137915345E-002
  4.056814661678521E-002
  3.767240873926792E-002
  4.139916313062897E-002
