           2           1  0.976870320895457     
           3           2  0.965832703769852     
           4           2  0.966534225309340     
           5           2  0.937662866138394     
           6           5   1.35818685578392     
           7           6   1.45382450535740     
           8           7   1.37016393529049     
           9           8   1.26875731465784     
          10           5   1.42342535941046     
          10           9   1.35678719566494     
          11           9   1.07863734726278     
          12          11   1.35588602902044     
          13          12   1.42418263608492     
          14          13  0.938071768388041     
          15          14  0.966447212719952     
          16          14  0.976713670040772     
          17          14  0.965940728164080     
          18          13   1.35714240062545     
          19          18   1.45576345454199     
          20          11   1.27113541088865     
          20          19   1.36838147395097     
          21           8   1.03864597794403     
          21          20   1.04059639756516     
          22          21  0.981044718980805     
          23          22   1.38886398547735     
          24          23   1.38961379005107     
          25          24  0.983517887840545     
          26          25   1.03858931622893     
          27          26   1.37045520177647     
          28          27   1.45348327067805     
          29          28   1.35848136315902     
          30          29  0.937668608897100     
          31          30  0.965966945264159     
          32          30  0.976857332539803     
          33          30  0.966417246044987     
          34          29   1.42316893929484     
          35          26   1.26861745947700     
          35          34   1.35708408100107     
          36          35   1.07858366022942     
          37          36   1.35574919064324     
          38          37   1.42416951836937     
          39          38  0.938081836927639     
          40          39  0.966541980410352     
          41          39  0.976709702429339     
          42          39  0.965825122272474     
          43          38   1.35715466467107     
          44          43   1.45576991714205     
          45          25   1.04024391996409     
          45          36   1.27153697891001     
          45          44   1.36819342141259     
          46          24   1.32725826270460     
          47          46  0.990149939551051     
          48          47   1.03878708881420     
          49          48   1.37464313489612     
          50          49   1.44594679503806     
          51          50   1.39916267939679     
          52          51   1.45615159685848     
          53          48   1.26756516944122     
          53          52   1.35624631582686     
          54          53   1.08308497644275     
          55          54   1.35647450641442     
          56          55   1.45631332349225     
          57          56   1.39924435651885     
          58          57   1.44684170503472     
          59          47   1.04187573745082     
          59          54   1.26863316136825     
          59          58   1.37386729546522     
          60          46   1.30712355148291     
          61          60   1.05191604540757     
          62          61   2.82634711889689     
          63          22   1.33057877940410     
          63          60   1.30536883229948     
          64          63  0.988181320295545     
          65          64   1.04237891182860     
          66          65   1.37393117681916     
          67          66   1.44678328600530     
          68          67   1.39924531328664     
          69          68   1.45622012215673     
          70          65   1.26812513417016     
          70          69   1.35662538558897     
          71          70   1.08321447662485     
          72          71   1.35615570301972     
          73          72   1.45633473997004     
          74          73   1.39904119194670     
          75          74   1.44612083020647     
          76          64   1.03916006501228     
          76          71   1.26745312294063     
          76          75   1.37465980976107     
          77           1  0.977653993903746     
          78           1  0.977431407906328     
          79           1  0.978290389951722     
          80           3  0.977899648797903     
          81           3  0.976163463727759     
          82           3  0.978080582994493     
          83           4  0.977910435684877     
          84           4  0.976001134912286     
          85           4  0.978206013355756     
          86           6  0.941776063702200     
          87           7  0.940364310325184     
          88          10  0.942036767260305     
          89          12  0.942205681597635     
          90          15  0.978306475599548     
          91          15  0.978016454547552     
          92          15  0.975936599067931     
          93          16  0.977466832554842     
          94          16  0.978362933715622     
          95          16  0.977707242548892     
          96          17  0.975189528963073     
          97          17  0.977340633929442     
          98          17  0.977815504550238     
          99          18  0.941469478284718     
         100          19  0.941330800930082     
         101          23  0.937219764968605     
         102          27  0.940246942725522     
         103          28  0.941774254756920     
         104          31  0.978119331027789     
         105          31  0.976166106749762     
         106          31  0.977918847788063     
         107          32  0.977634767716529     
         108          32  0.977453975874911     
         109          32  0.978293561791239     
         110          33  0.976014406793907     
         111          33  0.978200153458309     
         112          33  0.977897729003295     
         113          34  0.942023755524774     
         114          37  0.942215618738665     
         115          40  0.975899614620225     
         116          40  0.978325439964333     
         117          40  0.978021355293727     
         118          41  0.978362522714898     
         119          41  0.977437168652640     
         120          41  0.977741521618072     
         121          42  0.977373185534228     
         122          42  0.977807179359299     
         123          42  0.975130156601104     
         124          43  0.941446157897337     
         125          44  0.941194653814528     
         126          49  0.941739914064493     
         127          50  0.944630336855149     
         128          51  0.944939606748389     
         129          52  0.944122590704239     
         130          55  0.944523751559121     
         131          56  0.945114255478391     
         132          57  0.944487086471525     
         133          58  0.943195416865210     
         134          66  0.943173424635391     
         135          67  0.944444274053078     
         136          68  0.945130079286805     
         137          69  0.944458878580153     
         138          72  0.944133753494342     
         139          73  0.944956544985598     
         140          74  0.944660537293544     
         141          75  0.942023314621981     
