           2           1   1.41447794355130     
           3           2   1.43971430490780     
           4           3   1.39606068590390     
           5           4   1.34653645069288     
           6           1   1.45129872976896     
           6           5   1.36848745071139     
           7           5   1.01864028766441     
           8           7   1.02882350631173     
           9           8   1.35208183813565     
          10           9   1.47607828386446     
          11          10   1.33990843419677     
          12          11   1.03155987291871     
          13          12   1.23957608429325     
          14          13   1.56851029420857     
          15          14   1.24164097759276     
          16          15   1.26494641226041     
          17          16   1.54758432970388     
          18          17   1.31083257803918     
          19          18   1.54945722403584     
          20          15   1.20977208257326     
          20          19   1.26726737299525     
          21          12   1.46675563149777     
          21          20   1.25421549505240     
          22          11   1.37001286897746     
          23           8   1.33607964621783     
          23          22   1.41384781537565     
          24           4  0.931191746078627     
          24          23  0.929031373468835     
          25          24  0.923230754827248     
          26          25   1.43337104371648     
          27          26   1.40920018576985     
          28          27   1.43323364777093     
          29          28   1.43005276295165     
          30          25   1.30722509864569     
          30          29   1.38096690731888     
          31          30   1.03534295959075     
          32          31   1.38079301829083     
          33          32   1.43019308977181     
          34          33   1.43309208646242     
          35          34   1.40933232272535     
          36          24  0.919821202869170     
          36          31   1.30766339360902     
          36          35   1.43312228306663     
          37           1  0.944819001168326     
          38           2  0.944865937019350     
          39           3  0.944231612152299     
          40           6  0.946257516714237     
          41           9  0.944201206049740     
          42          10  0.942498184667956     
          43          13  0.943621875624963     
          44          14  0.940870698254498     
          45          16  0.943001101400760     
          46          17  0.946263253952211     
          47          18  0.945855350880935     
          48          19  0.945317571154372     
          49          22  0.941514580852044     
          50          26  0.946215670449168     
          51          27  0.945597228640070     
          52          28  0.945437456766304     
          53          29  0.945473955617943     
          54          32  0.945464962470605     
          55          33  0.945418415544031     
          56          34  0.945542606033032     
          57          35  0.946201839338183     
