 NM
 UV
 MMASS
   632.818599999998     
 LFAKTOR
  0.5
 RFAKTOR
  1.0
 WIDTH
  0.20
 SHIFT
  0.00
 DATXY
   1    3.3937     0.000000     0.000000     0.000000     0.000000
   2    3.4497     0.000000     0.000000     0.000000     0.000000
   3    3.6256     0.000000     0.000000     0.000000     0.000000
   4    3.6588     0.000000     0.000000     0.000000     0.000000
   5    3.6668     0.000000     0.000000     0.000000     0.000000
   6    3.7687     0.000000     0.000000     0.000000     0.000000
   7    3.9704     0.000000     0.000000     0.000000     0.000000
   8    3.9787     0.000000     0.000000     0.000000     0.000000
   9    4.3022     0.000000     0.000000     0.000000     0.000000
  10    4.3092     0.000000     0.000000     0.000000     0.000000
  11    4.4777     0.000000     0.000000     0.000000     0.000000
  12    4.4844     0.000000     0.000000     0.000000     0.000000
  13    5.0701     0.000000     0.000000     0.000000     0.000000
  14    5.0839     0.000000     0.000000     0.000000     0.000000
  15    5.1378     0.000000     0.000000     0.000000     0.000000
  16    5.1400     0.000000     0.000000     0.000000     0.000000
  17    5.1430     0.000000     0.000000     0.000000     0.000000
  18    5.1495     0.000000     0.000000     0.000000     0.000000
  19    5.1541     0.000000     0.000000     0.000000     0.000000
  20    5.1587     0.000000     0.000000     0.000000     0.000000
  21    5.1597     0.000000     0.000000     0.000000     0.000000
  22    5.1793     0.000000     0.000000     0.000000     0.000000
  23    5.2002     0.000000     0.000000     0.000000     0.000000
  24    5.2075     0.000000     0.000000     0.000000     0.000000
  25    5.2087     0.000000     0.000000     0.000000     0.000000
  26    5.2119     0.000000     0.000000     0.000000     0.000000
  27    5.2487     0.000000     0.000000     0.000000     0.000000
  28    5.5011     0.000000     0.000000     0.000000     0.000000
  29    5.5104     0.000000     0.000000     0.000000     0.000000
  30    5.5454     0.000000     0.000000     0.000000     0.000000
  31    5.6170     0.000000     0.000000     0.000000     0.000000
  32    5.6399     0.000000     0.000000     0.000000     0.000000
  33    5.6520     0.000000     0.000000     0.000000     0.000000
  34    5.7851     0.000000     0.000000     0.000000     0.000000
  35    5.7961     0.000000     0.000000     0.000000     0.000000
  36    5.8469     0.000000     0.000000     0.000000     0.000000
  37    5.8652     0.000000     0.000000     0.000000     0.000000
  38    5.9534     0.000000     0.000000     0.000000     0.000000
  39    5.9601     0.000000     0.000000     0.000000     0.000000
  40    5.9656     0.000000     0.000000     0.000000     0.000000
  41    5.9668     0.000000     0.000000     0.000000     0.000000
  42    6.0524     0.000000     0.000000     0.000000     0.000000
  43    6.0826     0.000000     0.000000     0.000000     0.000000
  44    6.1099     0.000000     0.000000     0.000000     0.000000
  45    6.1205     0.000000     0.000000     0.000000     0.000000
  46    6.2080     0.000000     0.000000     0.000000     0.000000
  47    6.2332     0.000000     0.000000     0.000000     0.000000
  48    6.2736     0.000000     0.000000     0.000000     0.000000
  49    6.2880     0.000000     0.000000     0.000000     0.000000
  50    6.2904     0.000000     0.000000     0.000000     0.000000
  51    6.2974     0.000000     0.000000     0.000000     0.000000
  52    6.3127     0.000000     0.000000     0.000000     0.000000
  53    6.3143     0.000000     0.000000     0.000000     0.000000
  54    6.3231     0.000000     0.000000     0.000000     0.000000
  55    6.3582     0.000000     0.000000     0.000000     0.000000
  56    6.3839     0.000000     0.000000     0.000000     0.000000
  57    6.4769     0.000000     0.000000     0.000000     0.000000
  58    6.4809     0.000000     0.000000     0.000000     0.000000
  59    6.5818     0.000000     0.000000     0.000000     0.000000
  60    6.5836     0.000000     0.000000     0.000000     0.000000
  61    6.6672     0.000000     0.000000     0.000000     0.000000
  62    6.7262     0.000000     0.000000     0.000000     0.000000
  63    6.7445     0.000000     0.000000     0.000000     0.000000
  64    6.8220     0.000000     0.000000     0.000000     0.000000
  65    6.8757     0.000000     0.000000     0.000000     0.000000
  66    6.8859     0.000000     0.000000     0.000000     0.000000
  67    6.9131     0.000000     0.000000     0.000000     0.000000
  68    6.9211     0.000000     0.000000     0.000000     0.000000
  69    6.9236     0.000000     0.000000     0.000000     0.000000
  70    6.9325     0.000000     0.000000     0.000000     0.000000
  71    6.9508     0.000000     0.000000     0.000000     0.000000
  72    6.9551     0.000000     0.000000     0.000000     0.000000
  73    6.9554     0.000000     0.000000     0.000000     0.000000
  74    6.9684     0.000000     0.000000     0.000000     0.000000
  75    6.9805     0.000000     0.000000     0.000000     0.000000
  76    7.0031     0.000000     0.000000     0.000000     0.000000
  77    7.0232     0.000000     0.000000     0.000000     0.000000
  78    7.0301     0.000000     0.000000     0.000000     0.000000
  79    7.0495     0.000000     0.000000     0.000000     0.000000
  80    7.0537     0.000000     0.000000     0.000000     0.000000
  81    7.0937     0.000000     0.000000     0.000000     0.000000
  82    7.1061     0.000000     0.000000     0.000000     0.000000
  83    7.1170     0.000000     0.000000     0.000000     0.000000
  84    7.1356     0.000000     0.000000     0.000000     0.000000
  85    7.1469     0.000000     0.000000     0.000000     0.000000
  86    7.1532     0.000000     0.000000     0.000000     0.000000
  87    7.1556     0.000000     0.000000     0.000000     0.000000
  88    7.1585     0.000000     0.000000     0.000000     0.000000
  89    7.1630     0.000000     0.000000     0.000000     0.000000
  90    7.1839     0.000000     0.000000     0.000000     0.000000
  91    7.1882     0.000000     0.000000     0.000000     0.000000
  92    7.1994     0.000000     0.000000     0.000000     0.000000
  93    7.2306     0.000000     0.000000     0.000000     0.000000
  94    7.2348     0.000000     0.000000     0.000000     0.000000
  95    7.2808     0.000000     0.000000     0.000000     0.000000
  96    7.2849     0.000000     0.000000     0.000000     0.000000
  97    7.2907     0.000000     0.000000     0.000000     0.000000
  98    7.2961     0.000000     0.000000     0.000000     0.000000
  99    7.3023     0.000000     0.000000     0.000000     0.000000
 100    7.3062     0.000000     0.000000     0.000000     0.000000
 101    7.3271     0.000000     0.000000     0.000000     0.000000
 102    7.3381     0.000000     0.000000     0.000000     0.000000
 103    7.3394     0.000000     0.000000     0.000000     0.000000
 104    7.3684     0.000000     0.000000     0.000000     0.000000
 105    7.3766     0.000000     0.000000     0.000000     0.000000
 106    7.4104     0.000000     0.000000     0.000000     0.000000
 107    7.4279     0.000000     0.000000     0.000000     0.000000
 108    7.4312     0.000000     0.000000     0.000000     0.000000
 109    7.4322     0.000000     0.000000     0.000000     0.000000
 110    7.4975     0.000000     0.000000     0.000000     0.000000
 111    7.5019     0.000000     0.000000     0.000000     0.000000
 112    7.5089     0.000000     0.000000     0.000000     0.000000
 113    7.5137     0.000000     0.000000     0.000000     0.000000
 114    7.5316     0.000000     0.000000     0.000000     0.000000
 115    7.5355     0.000000     0.000000     0.000000     0.000000
 116    7.5978     0.000000     0.000000     0.000000     0.000000
 117    7.6001     0.000000     0.000000     0.000000     0.000000
 118    7.6417     0.000000     0.000000     0.000000     0.000000
 119    7.6638     0.000000     0.000000     0.000000     0.000000
 120    7.6718     0.000000     0.000000     0.000000     0.000000
 121    7.7194     0.000000     0.000000     0.000000     0.000000
 122    7.7410     0.000000     0.000000     0.000000     0.000000
 123    7.7434     0.000000     0.000000     0.000000     0.000000
 124    7.7691     0.000000     0.000000     0.000000     0.000000
 125    7.7716     0.000000     0.000000     0.000000     0.000000
 126    7.7762     0.000000     0.000000     0.000000     0.000000
 127    7.8341     0.000000     0.000000     0.000000     0.000000
 128    7.8391     0.000000     0.000000     0.000000     0.000000
 129    7.8415     0.000000     0.000000     0.000000     0.000000
 130    7.8612     0.000000     0.000000     0.000000     0.000000
 131    7.8747     0.000000     0.000000     0.000000     0.000000
 132    7.8839     0.000000     0.000000     0.000000     0.000000
 133    7.8878     0.000000     0.000000     0.000000     0.000000
 134    7.9016     0.000000     0.000000     0.000000     0.000000
 135    7.9061     0.000000     0.000000     0.000000     0.000000
 136    7.9127     0.000000     0.000000     0.000000     0.000000
 137    7.9140     0.000000     0.000000     0.000000     0.000000
 138    7.9302     0.000000     0.000000     0.000000     0.000000
 139    7.9429     0.000000     0.000000     0.000000     0.000000
 140    7.9467     0.000000     0.000000     0.000000     0.000000
 141    7.9619     0.000000     0.000000     0.000000     0.000000
 142    7.9927     0.000000     0.000000     0.000000     0.000000
 143    8.0033     0.000000     0.000000     0.000000     0.000000
 144    8.0059     0.000000     0.000000     0.000000     0.000000
 145    8.0126     0.000000     0.000000     0.000000     0.000000
 146    8.0295     0.000000     0.000000     0.000000     0.000000
 147    8.0366     0.000000     0.000000     0.000000     0.000000
 148    8.0583     0.000000     0.000000     0.000000     0.000000
 149    8.0638     0.000000     0.000000     0.000000     0.000000
 150    8.0824     0.000000     0.000000     0.000000     0.000000
 151    8.0923     0.000000     0.000000     0.000000     0.000000
 152    8.1374     0.000000     0.000000     0.000000     0.000000
 153    8.1444     0.000000     0.000000     0.000000     0.000000
 154    8.1792     0.000000     0.000000     0.000000     0.000000
 155    8.1809     0.000000     0.000000     0.000000     0.000000
 156    8.1833     0.000000     0.000000     0.000000     0.000000
 157    8.1851     0.000000     0.000000     0.000000     0.000000
 158    8.1902     0.000000     0.000000     0.000000     0.000000
 159    8.2015     0.000000     0.000000     0.000000     0.000000
 160    8.2036     0.000000     0.000000     0.000000     0.000000
 161    8.2051     0.000000     0.000000     0.000000     0.000000
 162    8.2142     0.000000     0.000000     0.000000     0.000000
 163    8.2176     0.000000     0.000000     0.000000     0.000000
 164    8.2200     0.000000     0.000000     0.000000     0.000000
 165    8.2212     0.000000     0.000000     0.000000     0.000000
 166    8.2238     0.000000     0.000000     0.000000     0.000000
 167    8.2243     0.000000     0.000000     0.000000     0.000000
 168    8.2292     0.000000     0.000000     0.000000     0.000000
 169    8.2356     0.000000     0.000000     0.000000     0.000000
 170    8.2372     0.000000     0.000000     0.000000     0.000000
 171    8.2400     0.000000     0.000000     0.000000     0.000000
 172    8.2425     0.000000     0.000000     0.000000     0.000000
 173    8.2478     0.000000     0.000000     0.000000     0.000000
 174    8.2516     0.000000     0.000000     0.000000     0.000000
 175    8.2532     0.000000     0.000000     0.000000     0.000000
 176    8.2654     0.000000     0.000000     0.000000     0.000000
 177    8.2662     0.000000     0.000000     0.000000     0.000000
 178    8.2861     0.000000     0.000000     0.000000     0.000000
 179    8.2867     0.000000     0.000000     0.000000     0.000000
 180    8.2877     0.000000     0.000000     0.000000     0.000000
 181    8.2896     0.000000     0.000000     0.000000     0.000000
 182    8.2966     0.000000     0.000000     0.000000     0.000000
 183    8.2984     0.000000     0.000000     0.000000     0.000000
 184    8.3038     0.000000     0.000000     0.000000     0.000000
 185    8.3052     0.000000     0.000000     0.000000     0.000000
 186    8.3081     0.000000     0.000000     0.000000     0.000000
 187    8.3126     0.000000     0.000000     0.000000     0.000000
 188    8.3195     0.000000     0.000000     0.000000     0.000000
 189    8.3304     0.000000     0.000000     0.000000     0.000000
 190    8.3330     0.000000     0.000000     0.000000     0.000000
 191    8.3338     0.000000     0.000000     0.000000     0.000000
 192    8.3434     0.000000     0.000000     0.000000     0.000000
 193    8.3471     0.000000     0.000000     0.000000     0.000000
 194    8.3498     0.000000     0.000000     0.000000     0.000000
 195    8.3592     0.000000     0.000000     0.000000     0.000000
 196    8.3650     0.000000     0.000000     0.000000     0.000000
 197    8.3862     0.000000     0.000000     0.000000     0.000000
 198    8.3918     0.000000     0.000000     0.000000     0.000000
 199    8.4085     0.000000     0.000000     0.000000     0.000000
 200    8.4263     0.000000     0.000000     0.000000     0.000000
 201    8.4298     0.000000     0.000000     0.000000     0.000000
 202    8.4334     0.000000     0.000000     0.000000     0.000000
 203    8.4351     0.000000     0.000000     0.000000     0.000000
 204    8.4399     0.000000     0.000000     0.000000     0.000000
 205    8.4449     0.000000     0.000000     0.000000     0.000000
 206    8.4662     0.000000     0.000000     0.000000     0.000000
 207    8.4855     0.000000     0.000000     0.000000     0.000000
 208    8.4884     0.000000     0.000000     0.000000     0.000000
 209    8.4907     0.000000     0.000000     0.000000     0.000000
 210    8.5080     0.000000     0.000000     0.000000     0.000000
 211    8.5119     0.000000     0.000000     0.000000     0.000000
 212    8.5134     0.000000     0.000000     0.000000     0.000000
 213    8.5175     0.000000     0.000000     0.000000     0.000000
 214    8.5304     0.000000     0.000000     0.000000     0.000000
 215    8.5350     0.000000     0.000000     0.000000     0.000000
 216    8.5441     0.000000     0.000000     0.000000     0.000000
 217    8.5508     0.000000     0.000000     0.000000     0.000000
 218    8.5591     0.000000     0.000000     0.000000     0.000000
 219    8.5763     0.000000     0.000000     0.000000     0.000000
 220    8.5830     0.000000     0.000000     0.000000     0.000000
 221    8.5881     0.000000     0.000000     0.000000     0.000000
 222    8.5891     0.000000     0.000000     0.000000     0.000000
 223    8.5959     0.000000     0.000000     0.000000     0.000000
 224    8.6005     0.000000     0.000000     0.000000     0.000000
 225    8.6022     0.000000     0.000000     0.000000     0.000000
 226    8.6041     0.000000     0.000000     0.000000     0.000000
 227    8.6234     0.000000     0.000000     0.000000     0.000000
 228    8.6263     0.000000     0.000000     0.000000     0.000000
 229    8.6323     0.000000     0.000000     0.000000     0.000000
 230    8.6394     0.000000     0.000000     0.000000     0.000000
 231    8.6403     0.000000     0.000000     0.000000     0.000000
 232    8.6416     0.000000     0.000000     0.000000     0.000000
 233    8.6420     0.000000     0.000000     0.000000     0.000000
 234    8.6445     0.000000     0.000000     0.000000     0.000000
 235    8.6483     0.000000     0.000000     0.000000     0.000000
 236    8.6574     0.000000     0.000000     0.000000     0.000000
 237    8.6592     0.000000     0.000000     0.000000     0.000000
 238    8.6630     0.000000     0.000000     0.000000     0.000000
 239    8.6674     0.000000     0.000000     0.000000     0.000000
 240    8.7183     0.000000     0.000000     0.000000     0.000000
 241    8.7276     0.000000     0.000000     0.000000     0.000000
 242    8.7494     0.000000     0.000000     0.000000     0.000000
 243    8.7554     0.000000     0.000000     0.000000     0.000000
 244    8.7652     0.000000     0.000000     0.000000     0.000000
 245    8.7988     0.000000     0.000000     0.000000     0.000000
 246    8.8185     0.000000     0.000000     0.000000     0.000000
 247    8.8204     0.000000     0.000000     0.000000     0.000000
 248    8.8210     0.000000     0.000000     0.000000     0.000000
 249    8.8404     0.000000     0.000000     0.000000     0.000000
 250    8.8445     0.000000     0.000000     0.000000     0.000000
 251    8.8602     0.000000     0.000000     0.000000     0.000000
 252    8.8627     0.000000     0.000000     0.000000     0.000000
 253    8.8753     0.000000     0.000000     0.000000     0.000000
 254    8.8781     0.000000     0.000000     0.000000     0.000000
 255    8.8814     0.000000     0.000000     0.000000     0.000000
 256    8.8867     0.000000     0.000000     0.000000     0.000000
 257    8.9011     0.000000     0.000000     0.000000     0.000000
 258    8.9039     0.000000     0.000000     0.000000     0.000000
 259    8.9154     0.000000     0.000000     0.000000     0.000000
 260    8.9165     0.000000     0.000000     0.000000     0.000000
 261    8.9269     0.000000     0.000000     0.000000     0.000000
 262    8.9296     0.000000     0.000000     0.000000     0.000000
 263    8.9314     0.000000     0.000000     0.000000     0.000000
 264    8.9433     0.000000     0.000000     0.000000     0.000000
 265    8.9529     0.000000     0.000000     0.000000     0.000000
 266    8.9579     0.000000     0.000000     0.000000     0.000000
 267    8.9623     0.000000     0.000000     0.000000     0.000000
 268    8.9702     0.000000     0.000000     0.000000     0.000000
 269    8.9714     0.000000     0.000000     0.000000     0.000000
 270    8.9802     0.000000     0.000000     0.000000     0.000000
 271    8.9910     0.000000     0.000000     0.000000     0.000000
 272    8.9959     0.000000     0.000000     0.000000     0.000000
 273    9.0352     0.000000     0.000000     0.000000     0.000000
 274    9.0377     0.000000     0.000000     0.000000     0.000000
 275    9.0638     0.000000     0.000000     0.000000     0.000000
 276    9.0654     0.000000     0.000000     0.000000     0.000000
 277    9.0683     0.000000     0.000000     0.000000     0.000000
 278    9.0802     0.000000     0.000000     0.000000     0.000000
 279    9.0862     0.000000     0.000000     0.000000     0.000000
 280    9.0895     0.000000     0.000000     0.000000     0.000000
 281    9.1006     0.000000     0.000000     0.000000     0.000000
 282    9.1047     0.000000     0.000000     0.000000     0.000000
 283    9.1078     0.000000     0.000000     0.000000     0.000000
 284    9.1326     0.000000     0.000000     0.000000     0.000000
 285    9.1405     0.000000     0.000000     0.000000     0.000000
 286    9.1464     0.000000     0.000000     0.000000     0.000000
 287    9.1478     0.000000     0.000000     0.000000     0.000000
 288    9.1541     0.000000     0.000000     0.000000     0.000000
 289    9.1696     0.000000     0.000000     0.000000     0.000000
 290    9.2012     0.000000     0.000000     0.000000     0.000000
 291    9.2043     0.000000     0.000000     0.000000     0.000000
 292    9.2110     0.000000     0.000000     0.000000     0.000000
 293    9.2132     0.000000     0.000000     0.000000     0.000000
 294    9.2167     0.000000     0.000000     0.000000     0.000000
 295    9.2261     0.000000     0.000000     0.000000     0.000000
 296    9.2376     0.000000     0.000000     0.000000     0.000000
 297    9.2503     0.000000     0.000000     0.000000     0.000000
 298    9.2520     0.000000     0.000000     0.000000     0.000000
 299    9.2527     0.000000     0.000000     0.000000     0.000000
 300    9.2561     0.000000     0.000000     0.000000     0.000000
 301    9.2653     0.000000     0.000000     0.000000     0.000000
 302    9.2685     0.000000     0.000000     0.000000     0.000000
 303    9.2702     0.000000     0.000000     0.000000     0.000000
 304    9.2729     0.000000     0.000000     0.000000     0.000000
 305    9.2781     0.000000     0.000000     0.000000     0.000000
 306    9.2865     0.000000     0.000000     0.000000     0.000000
 307    9.3036     0.000000     0.000000     0.000000     0.000000
 308    9.3082     0.000000     0.000000     0.000000     0.000000
 309    9.3167     0.000000     0.000000     0.000000     0.000000
 310    9.3222     0.000000     0.000000     0.000000     0.000000
 311    9.3492     0.000000     0.000000     0.000000     0.000000
 312    9.3537     0.000000     0.000000     0.000000     0.000000
 313    9.3562     0.000000     0.000000     0.000000     0.000000
 314    9.3589     0.000000     0.000000     0.000000     0.000000
 315    9.3806     0.000000     0.000000     0.000000     0.000000
 316    9.3854     0.000000     0.000000     0.000000     0.000000
 317    9.3984     0.000000     0.000000     0.000000     0.000000
 318    9.4000     0.000000     0.000000     0.000000     0.000000
 319    9.4044     0.000000     0.000000     0.000000     0.000000
 320    9.4060     0.000000     0.000000     0.000000     0.000000
 321    9.4072     0.000000     0.000000     0.000000     0.000000
 322    9.4245     0.000000     0.000000     0.000000     0.000000
 323    9.4280     0.000000     0.000000     0.000000     0.000000
 324    9.4296     0.000000     0.000000     0.000000     0.000000
 325    9.4324     0.000000     0.000000     0.000000     0.000000
 326    9.4474     0.000000     0.000000     0.000000     0.000000
 327    9.4524     0.000000     0.000000     0.000000     0.000000
 328    9.4586     0.000000     0.000000     0.000000     0.000000
 329    9.4643     0.000000     0.000000     0.000000     0.000000
 330    9.4681     0.000000     0.000000     0.000000     0.000000
 331    9.4691     0.000000     0.000000     0.000000     0.000000
 332    9.4749     0.000000     0.000000     0.000000     0.000000
 333    9.4793     0.000000     0.000000     0.000000     0.000000
 334    9.4821     0.000000     0.000000     0.000000     0.000000
 335    9.4876     0.000000     0.000000     0.000000     0.000000
 336    9.4901     0.000000     0.000000     0.000000     0.000000
 337    9.4948     0.000000     0.000000     0.000000     0.000000
 338    9.4996     0.000000     0.000000     0.000000     0.000000
 339    9.5026     0.000000     0.000000     0.000000     0.000000
 340    9.5344     0.000000     0.000000     0.000000     0.000000
 341    9.5467     0.000000     0.000000     0.000000     0.000000
 342    9.5581     0.000000     0.000000     0.000000     0.000000
 343    9.5619     0.000000     0.000000     0.000000     0.000000
 344    9.5695     0.000000     0.000000     0.000000     0.000000
 345    9.5702     0.000000     0.000000     0.000000     0.000000
 346    9.5724     0.000000     0.000000     0.000000     0.000000
 347    9.5782     0.000000     0.000000     0.000000     0.000000
 348    9.5816     0.000000     0.000000     0.000000     0.000000
 349    9.5893     0.000000     0.000000     0.000000     0.000000
 350    9.5999     0.000000     0.000000     0.000000     0.000000
 351    9.6052     0.000000     0.000000     0.000000     0.000000
 352    9.6211     0.000000     0.000000     0.000000     0.000000
 353    9.6230     0.000000     0.000000     0.000000     0.000000
 354    9.6302     0.000000     0.000000     0.000000     0.000000
 355    9.6323     0.000000     0.000000     0.000000     0.000000
 356    9.6413     0.000000     0.000000     0.000000     0.000000
 357    9.6513     0.000000     0.000000     0.000000     0.000000
 358    9.6528     0.000000     0.000000     0.000000     0.000000
 359    9.6539     0.000000     0.000000     0.000000     0.000000
 360    9.6604     0.000000     0.000000     0.000000     0.000000
 361    9.6773     0.000000     0.000000     0.000000     0.000000
 362    9.6810     0.000000     0.000000     0.000000     0.000000
 363    9.6977     0.000000     0.000000     0.000000     0.000000
 364    9.7022     0.000000     0.000000     0.000000     0.000000
 365    9.7077     0.000000     0.000000     0.000000     0.000000
 366    9.7192     0.000000     0.000000     0.000000     0.000000
 367    9.7277     0.000000     0.000000     0.000000     0.000000
 368    9.7362     0.000000     0.000000     0.000000     0.000000
 369    9.7389     0.000000     0.000000     0.000000     0.000000
 370    9.7473     0.000000     0.000000     0.000000     0.000000
 371    9.7506     0.000000     0.000000     0.000000     0.000000
 372    9.7520     0.000000     0.000000     0.000000     0.000000
 373    9.7584     0.000000     0.000000     0.000000     0.000000
 374    9.7618     0.000000     0.000000     0.000000     0.000000
 375    9.7629     0.000000     0.000000     0.000000     0.000000
 376    9.7650     0.000000     0.000000     0.000000     0.000000
 377    9.7666     0.000000     0.000000     0.000000     0.000000
 378    9.7895     0.000000     0.000000     0.000000     0.000000
 379    9.7949     0.000000     0.000000     0.000000     0.000000
 380    9.7961     0.000000     0.000000     0.000000     0.000000
 381    9.8003     0.000000     0.000000     0.000000     0.000000
 382    9.8049     0.000000     0.000000     0.000000     0.000000
 383    9.8065     0.000000     0.000000     0.000000     0.000000
 384    9.8081     0.000000     0.000000     0.000000     0.000000
 385    9.8148     0.000000     0.000000     0.000000     0.000000
 386    9.8160     0.000000     0.000000     0.000000     0.000000
 387    9.8183     0.000000     0.000000     0.000000     0.000000
 388    9.8269     0.000000     0.000000     0.000000     0.000000
 389    9.8302     0.000000     0.000000     0.000000     0.000000
 390    9.8337     0.000000     0.000000     0.000000     0.000000
 391    9.8387     0.000000     0.000000     0.000000     0.000000
 392    9.8447     0.000000     0.000000     0.000000     0.000000
 393    9.8544     0.000000     0.000000     0.000000     0.000000
 394    9.8558     0.000000     0.000000     0.000000     0.000000
 395    9.8576     0.000000     0.000000     0.000000     0.000000
 396    9.8692     0.000000     0.000000     0.000000     0.000000
 397    9.8743     0.000000     0.000000     0.000000     0.000000
 398    9.8891     0.000000     0.000000     0.000000     0.000000
 399    9.8990     0.000000     0.000000     0.000000     0.000000
 400    9.9040     0.000000     0.000000     0.000000     0.000000
 401    9.9071     0.000000     0.000000     0.000000     0.000000
 402    9.9128     0.000000     0.000000     0.000000     0.000000
 403    9.9156     0.000000     0.000000     0.000000     0.000000
 404    9.9180     0.000000     0.000000     0.000000     0.000000
 405    9.9192     0.000000     0.000000     0.000000     0.000000
 406    9.9257     0.000000     0.000000     0.000000     0.000000
 407    9.9288     0.000000     0.000000     0.000000     0.000000
 408    9.9404     0.000000     0.000000     0.000000     0.000000
 409    9.9417     0.000000     0.000000     0.000000     0.000000
 410    9.9458     0.000000     0.000000     0.000000     0.000000
 411    9.9498     0.000000     0.000000     0.000000     0.000000
 412    9.9568     0.000000     0.000000     0.000000     0.000000
 413    9.9635     0.000000     0.000000     0.000000     0.000000
 414    9.9677     0.000000     0.000000     0.000000     0.000000
 415    9.9692     0.000000     0.000000     0.000000     0.000000
 416    9.9716     0.000000     0.000000     0.000000     0.000000
 417    9.9720     0.000000     0.000000     0.000000     0.000000
 418    9.9739     0.000000     0.000000     0.000000     0.000000
 419    9.9771     0.000000     0.000000     0.000000     0.000000
 420    9.9822     0.000000     0.000000     0.000000     0.000000
 421    9.9857     0.000000     0.000000     0.000000     0.000000
 422    9.9875     0.000000     0.000000     0.000000     0.000000
 423    9.9918     0.000000     0.000000     0.000000     0.000000
 424    9.9987     0.000000     0.000000     0.000000     0.000000
