           2           1  0.976723269463015     
           3           2  0.965902526048865     
           4           2  0.965564921267092     
           5           2  0.938354116908008     
           6           5   1.38819978692024     
           7           6   1.44121422253008     
           8           7   1.37212102335933     
           9           8   1.30788505165511     
          10           5   1.37832408226647     
          10           9   1.43040505456838     
          11           9  0.924460652418231     
          12          11  0.920902480097545     
          13          12   1.40395439442714     
          14          13   1.36533087121392     
          15          14   1.00226072262169     
          16          15   1.36634378117955     
          17          16   1.43062456739896     
          18          17   1.42948963681470     
          19          18   1.41417202719936     
          20          15   1.36522470188854     
          20          19   1.44035201658600     
          21          14   1.38168012079850     
          22          21   1.37643661995716     
          23          22   1.00102325208654     
          24          23   1.36658695750607     
          25          24   1.43075922210619     
          26          25   1.42911460338858     
          27          26   1.41487676187250     
          28          23   1.36595984992105     
          28          27   1.43991420250760     
          29          12   1.39362961491964     
          29          22   1.37213738768375     
          30          11  0.922663892650575     
          31          30   1.36268437786809     
          32          31   1.45169575411996     
          33          32   1.36964962337661     
          34          33   1.26094542108264     
          35          30   1.41731528320366     
          35          34   1.35917087573825     
          36          34   1.08546303069177     
          37          36   1.35409982568657     
          38          37   1.45986817609946     
          39          38   1.39488528635559     
          40          39   1.45114790852100     
          41          36   1.26520640248830     
          41          40   1.37034961227144     
          42          33   1.05498144190761     
          42          41   1.05328739208420     
          43          42  0.977522732868275     
          44          43   1.37959862689868     
          45          44   1.43381350389787     
          46          45   1.43395615931241     
          47          46   1.37936119903436     
          48          47  0.977222665284888     
          49          48   1.05530914238238     
          50          49   1.36986107653510     
          51          50   1.45146251756343     
          52          51   1.39463330218682     
          53          52   1.46003190646834     
          54          49   1.26484691437641     
          54          53   1.35391294723404     
          55          54   1.08760861147622     
          56          55   1.35353119388370     
          57          56   1.46033761246505     
          58          57   1.39461800133123     
          59          58   1.45147091995059     
          60          48   1.05410155880014     
          60          55   1.26543608481013     
          60          59   1.37012380795235     
          61          43   1.38916335810549     
          61          47   1.38979667611801     
          62          11  0.924315563573995     
          63          62   1.44134344048536     
          64          63   1.36635380940030     
          65          64  0.938594136165682     
          66          65  0.965928908895955     
          67          65  0.965648040695846     
          68          65  0.976313086690848     
          69          64   1.39988068689982     
          70          69   1.42996158296548     
          71           8   1.03810143966544     
          71          62   1.29974615562095     
          71          70   1.38083221761459     
          72           1  0.977567311945711     
          73           1  0.977433329754615     
          74           1  0.978259209796116     
          75           3  0.977887907390983     
          76           3  0.976046327013963     
          77           3  0.978269081584244     
          78           4  0.977897909470367     
          79           4  0.976193731556996     
          80           4  0.978223208962640     
          81           6  0.942713494709890     
          82           7  0.943470687208779     
          83          10  0.941926889818738     
          84          13  0.941859606823131     
          85          16  0.944970123121376     
          86          17  0.945814036482227     
          87          18  0.949112413623888     
          88          20  0.947447376841281     
          89          21  0.944505191362133     
          90          24  0.944977599865238     
          91          25  0.945800952366135     
          92          26  0.949090272747749     
          93          28  0.948054804380941     
          94          29  0.942387261692521     
          95          31  0.940964966912949     
          96          32  0.941363597018876     
          97          35  0.941284676806287     
          98          37  0.944666935069064     
          99          38  0.944998310607372     
         100          39  0.944686465398054     
         101          40  0.943349728949968     
         102          44  0.944553004192922     
         103          45  0.941225185710209     
         104          46  0.944644035848839     
         105          50  0.943656072261082     
         106          51  0.944785609779397     
         107          52  0.945083189693094     
         108          53  0.944693832721003     
         109          56  0.944745485799448     
         110          57  0.945059441968960     
         111          58  0.944679744464954     
         112          59  0.943467165511728     
         113          61  0.943971658041708     
         114          63  0.941800131526523     
         115          66  0.976007904542890     
         116          66  0.978030863341967     
         117          66  0.978265393476256     
         118          67  0.977950173255609     
         119          67  0.977782188684709     
         120          67  0.975919969021961     
         121          68  0.977535725779257     
         122          68  0.978132646539920     
         123          68  0.977524999992211     
         124          69  0.942909578327882     
         125          70  0.943474991106386     
