 -4.638432715232987E-002
 -3.501814191553887E-002
 -4.568378028316467E-002
  5.353993277828595E-002
 -0.126611819722386     
  5.347517665143009E-002
 -4.658080756812311E-002
 -3.427642913468176E-002
 -4.761255256347763E-002
 -3.451142061636325E-002
 -4.662054526766557E-002
  5.487849462615824E-002
 -4.179492344757119E-002
 -3.742391843091841E-002
 -1.166989264591134E-002
 -1.124295822485522E-003
 -3.116274832591159E-002
 -2.104262468427454E-002
  2.322301024812035E-002
  6.810109208822057E-002
 -0.223067043708599     
 -1.000415411380029E-002
  1.354525497174697E-002
 -2.809084556242958E-002
 -3.557291997976719E-002
 -4.100403371971506E-002
 -4.427589661966813E-002
 -1.211371891317459E-002
 -3.295569167055312E-003
 -4.048698120869165E-002
 -4.109498392334121E-002
 -3.779092482346069E-002
 -4.936618022285266E-002
  4.820187000816212E-003
  9.737523090283862E-003
 -8.103125542073641E-002
  6.897149438368588E-002
 -2.912763662467910E-002
 -2.554197709484285E-002
 -3.790767982633625E-002
  8.453226632413102E-003
 -7.484210918286216E-003
 -3.562340422434307E-002
 -3.912057907801625E-002
 -9.301779773593921E-004
 -3.650678480469782E-002
 -3.482949012619585E-002
 -1.841202011995335E-003
 -4.021067324489369E-002
 -3.200457160722880E-002
 -4.150887314886198E-002
 -2.856842905743839E-003
 -4.014123278228343E-002
 -4.362428940064422E-002
 -2.977396542982014E-003
 -7.710818280658671E-003
 -8.802225936322294E-003
 -3.359955785634128E-002
 -3.843157273759878E-002
 -3.471767668625958E-002
 -3.779074946243188E-002
 -4.088973251946015E-002
 -4.347478829572982E-002
 -3.382944753009820E-002
  3.832088015818114E-002
  4.290948344625811E-002
  3.825695220498415E-002
  3.767778058193838E-002
  4.163882703527011E-002
  3.831260150306171E-002
  4.145556048984322E-002
  3.783624726227197E-002
  4.083998662242228E-002
  4.455305924210884E-002
  4.288236389378441E-002
  4.825018094571298E-002
  4.422971299058887E-002
  4.031747212264691E-002
  3.894182016683090E-002
  4.145168029984181E-002
  4.427398293224949E-002
  3.995680425780268E-002
  4.010062374336887E-002
  4.195294341304534E-002
  4.415794140249263E-002
  4.779356467500984E-002
  4.181038861390884E-002
  4.127159511798117E-002
  4.136252514085503E-002
  4.084540956126304E-002
  4.091477248598929E-002
  3.860602637155186E-002
  4.240256059932379E-002
  4.118437889673365E-002
  4.476923891692353E-002
  4.512451379763516E-002
  4.297446277508221E-002
  4.375887944110568E-002
  4.179517261223076E-002
  4.325977883033172E-002
  4.117357017972023E-002
  3.826647980203179E-002
  4.182071158480971E-002
