           2           1   1.74106491657134     
           3           2  0.987538680538579     
           4           3   1.37598095937013     
           5           4   1.44007190100310     
           6           5   1.42762905721963     
           7           6   1.42382210939781     
           8           3   1.37152283560565     
           8           7   1.44371472066592     
           9           2   1.01101205175114     
          10           9   1.36449381436214     
          11          10   1.44432359399690     
          12          11   1.42458989849282     
          13          12   1.42270024292312     
          14           9   1.36460083707550     
          14          13   1.44690876058761     
          15           1   1.05827498434627     
          16          15   1.34656832303094     
          17          16   1.46518532334459     
          18          17   1.35747581627666     
          19          18   1.01202675359823     
          20          19   1.36068204959167     
          21          20   1.46200477076159     
          22          21   1.35062851750432     
          23          22   1.05818390382934     
          24          23   1.74094542741204     
          25          24   1.01083802492320     
          26          25   1.36446747730109     
          27          26   1.44436708334284     
          28          27   1.42455740202616     
          29          28   1.42278132335864     
          30          25   1.36480205901811     
          30          29   1.44678197258331     
          31          24  0.987900941840244     
          32          31   1.37132308582150     
          33          32   1.44383565920401     
          34          33   1.42373340552997     
          35          34   1.42766428743564     
          36          31   1.37597995454646     
          36          35   1.44003901509231     
          37          22   1.34669290040097     
          38          19   1.35762907044633     
          38          37   1.46503897302093     
          39          18   1.36083068812688     
          40          15   1.35071943157462     
          40          39   1.46187176831950     
          41           1  0.935905921521464     
          42           4  0.947177723344860     
          43           5  0.946590302028835     
          44           6  0.947601039472845     
          45           7  0.946329811167973     
          46           8  0.946487505903396     
          47          10  0.946441112831604     
          48          11  0.946351352504025     
          49          12  0.947516812647291     
          50          13  0.946527259288704     
          51          14  0.946085189485665     
          52          16  0.942646065214200     
          53          17  0.945098202602438     
          54          20  0.945005352284667     
          55          21  0.945609174179041     
          56          23  0.935872132678538     
          57          26  0.946435088732797     
          58          27  0.946348410787977     
          59          28  0.947516417739586     
          60          29  0.946530576075423     
          61          30  0.946110837207310     
          62          32  0.946467446410045     
          63          33  0.946327344186076     
          64          34  0.947599030662319     
          65          35  0.946594317415208     
          66          36  0.947172837650874     
          67          37  0.942695868779781     
          68          38  0.945110091103571     
          69          39  0.945019248787000     
          70          40  0.945617373858630     
