 -0.218627314397417     
  9.577585828757318E-002
  3.644216748125206E-003
  7.751808976529428E-002
  6.736744537466421E-003
 -2.005184158420814E-002
 -2.803808150260778E-002
  6.913445486951098E-002
 -9.205803854489325E-002
  3.553338962873154E-002
 -4.411889622591936E-002
 -3.894343765896302E-002
 -4.729069699328114E-002
 -3.568713269488910E-002
 -2.714896527422095E-002
 -2.751684323687353E-002
 -3.591483261327522E-002
 -4.709366303599616E-002
 -3.799333147624129E-002
 -4.304555818893441E-002
  3.549995355871260E-002
 -2.661706851051537E-002
 -2.652535834986303E-002
 -0.192231088753905     
  8.746271644964132E-002
 -0.192245519367873     
  7.744361112102860E-002
  6.759692886754820E-003
 -2.660082552206600E-002
 -2.658514040776350E-002
  6.916387314675365E-002
 -9.209025865213238E-002
  3.553113352948456E-002
 -4.412734746107105E-002
 -3.892882694817423E-002
 -4.728036486244402E-002
 -3.567502206503903E-002
 -2.714688521126352E-002
 -2.752186593052652E-002
 -3.589367229907925E-002
 -4.708447187762133E-002
 -3.798691290470746E-002
 -4.303751181351956E-002
  3.547141916494345E-002
 -2.794448061500621E-002
 -2.000917693950122E-002
  5.018481838516831E-002
  4.470824674289442E-002
  4.092149101317510E-002
  4.345787405559254E-002
  4.037049133938975E-002
  4.242323591059283E-002
  4.225387579012507E-002
  4.037591286962106E-002
  4.397825590539828E-002
  4.190762691878158E-002
  4.553527879365837E-002
  5.026427523094190E-002
  7.042116301040635E-002
  5.039466873427112E-002
  4.554393573026450E-002
  4.090545756750752E-002
  4.346152484478183E-002
  4.037589332918645E-002
  4.242438792755154E-002
  4.226074641719879E-002
  4.037906747246889E-002
  4.398300143721945E-002
  4.188377712253288E-002
  4.471543795921340E-002
  5.025483371785733E-002
