           2           1   1.75626463926372     
           3           2   1.79240507651884     
           4           2  0.744434624140923     
           5           4   1.40143081798739     
           6           5   1.41656039346368     
           7           6   1.43369945138132     
           8           7   1.41661021050112     
           9           4   1.39567658741987     
           9           8   1.40136613153215     
          10           9  0.743446363961395     
          11          10   1.75447747056487     
          12          10   1.79249729392985     
          13          10  0.741944324552230     
          14          13   1.42132315286994     
          15          14   1.34626208877739     
          16          15   1.01455427476806     
          17          16   1.35456499207302     
          18          17   1.46643382839397     
          19          18   1.35278168114124     
          20          19   1.02144090999157     
          21          20  0.990355269405360     
          22          21   1.37346382345456     
          23          22   1.44244721147935     
          24          23   1.42473548251682     
          25          24   1.42506106761516     
          26          21   1.37452605723952     
          26          25   1.44225109927352     
          27          20  0.989062214296110     
          28          27   1.37378321512926     
          29          28   1.44231186204424     
          30          29   1.42475565169683     
          31          30   1.42529744981992     
          32          27   1.37506530206388     
          32          31   1.44187627693400     
          33          19   1.35328607167934     
          34          16   1.35447228375182     
          34          33   1.46558959339492     
          35          15   1.36539285942625     
          36          35   1.43483962313964     
          37           2  0.751035661615096     
          37          13   1.38312143039878     
          37          36   1.39040873434203     
          38           5  0.938929615596729     
          39           6  0.937537322268943     
          40           7  0.937521057405210     
          41           8  0.938909219347064     
          42          14  0.936917824304274     
          43          17  0.943538774493375     
          44          18  0.943607169663787     
          45          22  0.946370273258028     
          46          23  0.945302244994601     
          47          24  0.946534454912892     
          48          25  0.945296438195349     
          49          26  0.946323680987439     
          50          28  0.946285535656248     
          51          29  0.945217179712230     
          52          30  0.946517292982358     
          53          31  0.945327763476232     
          54          32  0.946396176656937     
          55          33  0.943418243082145     
          56          34  0.943632756863115     
          57          35  0.936521738096949     
          58          36  0.936799736963240     
