           2           1  0.954284823016362     
           3           2  0.952463497522988     
           4           2  0.947035863691938     
           5           4   1.40140652687063     
           6           5   1.43233040944100     
           7           6   1.41572520183001     
           8           7   1.45044413522776     
           9           4   1.33347639310079     
           9           8   1.35878312438364     
          10           9   1.02322936582423     
          11          10  0.961378067734701     
          12          11   1.50519883498774     
          13          12   1.30705462308277     
          14          13   1.50502390765406     
          15          14  0.961800148317324     
          16          15   1.02350049640801     
          17          16   1.35432566042946     
          18          17   1.45547523582566     
          19          18   1.41138806391020     
          20          19   1.43613364579704     
          21          16   1.33839177639992     
          21          20   1.39614972519110     
          22          21  0.947534495254049     
          23          22  0.954401019388871     
          24          22  0.952352635060541     
          25          22  0.947023083438239     
          26          25   1.40144139325486     
          27          26   1.43230549615307     
          28          27   1.41577132149866     
          29          28   1.45036937784069     
          30          15   1.02313338329526     
          30          25   1.33343846165727     
          30          29   1.35888210835819     
          31          14   1.20487164419161     
          32          31   1.28356419268849     
          33          32   1.43213387824248     
          34          33   1.09076441435279     
          35          34   1.33178159121801     
          36          35   1.47532157501197     
          37          36   1.38101857589674     
          38          37   1.47083410144397     
          39          34   1.28492540999280     
          39          38   1.34283964619401     
          40          39   1.07258238404591     
          41          40   1.34283686980315     
          42          41   1.47083763804366     
          43          42   1.38101800058721     
          44          43   1.47531948088280     
          45          40   1.28492686602375     
          45          44   1.33179174989648     
          46          33   1.16207256509595     
          46          45   1.09075840872245     
          47          46   1.43217382373375     
          48          11   1.20502767260868     
          48          31   1.18139455558592     
          48          47   1.28348818262029     
          49          10   1.02370932450648     
          50          49   1.35435643990460     
          51          50   1.45538259441793     
          52          51   1.41149580553191     
          53          52   1.43602950731489     
          54           2  0.947536017862091     
          54          49   1.33823996193793     
          54          53   1.39632822371058     
          55           1  0.977657859556746     
          56           1  0.975510945029329     
          57           1  0.975835897074930     
          58           3  0.976195081436187     
          59           3  0.976487889128484     
          60           3  0.976027021498440     
          61           5  0.942112810014939     
          62           6  0.944722470938402     
          63           7  0.943961303054512     
          64           8  0.939947538162420     
          65          12  0.940791061255989     
          66          13  0.940752761402040     
          67          17  0.942061864508768     
          68          18  0.944003298919211     
          69          19  0.944921208807559     
          70          20  0.942431087085226     
          71          23  0.977675356545848     
          72          23  0.975801339674166     
          73          23  0.975499774226836     
          74          24  0.976207908349585     
          75          24  0.976483224384038     
          76          24  0.976054736439475     
          77          26  0.942106422129278     
          78          27  0.944717362222223     
          79          28  0.943958327827938     
          80          29  0.939888310978610     
          81          35  0.941458251795157     
          82          36  0.945359084783182     
          83          37  0.945656317868584     
          84          38  0.942926799397508     
          85          41  0.942927361665022     
          86          42  0.945655189646005     
          87          43  0.945359038821742     
          88          44  0.941506505522599     
          89          50  0.942031959556022     
          90          51  0.944005080115704     
          91          52  0.944922609738461     
          92          53  0.942441197156646     
