 -8.514255678491889E-002
 -9.057067936850238E-003
 -5.012984674445686E-002
 -4.956447520618479E-002
  4.243889139495005E-002
 -0.137185994835424     
  4.766104010822669E-002
 -4.512295531500055E-002
 -5.054884326737863E-002
 -9.394811889132271E-003
 -8.486085913987651E-002
 -5.045306213332967E-002
 -4.968969522273969E-002
  4.453789331039015E-002
 -3.977380024822530E-002
 -3.633371474089842E-002
 -3.729089650655570E-002
 -4.315035912269582E-002
 -1.439828435545465E-003
  1.197973495132043E-002
 -7.259802932191306E-004
 -4.209156229066391E-002
 -3.708536425002062E-002
 -3.616367675238674E-002
 -3.879768757568414E-002
  4.555293235811053E-002
 -0.135524264372138     
  4.879117408553979E-002
 -4.424780956069707E-002
 -5.080184686120948E-002
 -7.163122103225561E-003
 -8.554050568106941E-002
 -4.711165407803541E-002
 -4.683845981903278E-002
  4.408426217475103E-002
 -5.178406555070403E-002
 -5.095929290917933E-002
 -1.256993902755443E-002
 -8.525096377939345E-002
 -5.177880356490316E-002
 -5.397020545161535E-002
 -7.256663211575898E-002
 -5.802014402316580E-002
 -6.177038524568079E-002
 -5.754091456610766E-002
 -7.064409484058665E-002
 -5.091845938383432E-002
 -5.207809759316273E-002
  4.011161121908779E-002
  4.149875002740000E-002
  3.890495198089183E-002
  3.706772105687139E-002
  4.814162072805073E-002
  4.104407919031183E-002
  3.702681709337297E-002
  4.156231625840334E-002
  3.919791732632094E-002
  4.019818496883021E-002
  3.709097787921656E-002
  4.089509573373973E-002
  3.847357547176300E-002
  4.084435804017694E-002
  4.025547625846237E-002
  4.826979812333898E-002
  5.074439460180502E-002
  4.026206856780234E-002
  4.167240815471684E-002
  3.830890251201302E-002
  4.035207243683514E-002
  3.666749194336416E-002
  4.121170658815476E-002
  3.831278180966202E-002
  4.082530548695684E-002
  3.726914537077441E-002
  4.380334589324564E-002
  4.135516768799752E-002
  3.679616844327849E-002
  4.089398919843024E-002
  3.859499490913776E-002
  4.062629655950212E-002
  3.685036229161753E-002
  4.010724966948598E-002
  4.889725749606966E-002
  3.299140266402489E-002
  2.834466284128923E-002
  3.360133863957016E-002
  2.755603615334390E-002
  2.769830974048015E-002
  3.439997861464694E-002
  2.907205594622686E-002
  3.665288014405210E-002
  4.581414637814163E-002
  3.949510549813151E-002
  3.627649323786408E-002
