 -8.365619907958610E-002
 -8.837179862569933E-003
 -5.237878146899888E-002
 -4.378363708058686E-002
  2.883669695351232E-002
 -2.752504243580489E-002
 -5.119580893207409E-002
 -2.780933267581265E-002
 -5.137688865909862E-002
 -8.802295758139067E-003
 -8.365790871554513E-002
 -5.196327675284262E-002
 -4.382912806586159E-002
  2.832327489769382E-002
 -9.861554908918535E-002
  5.052943784845532E-002
 -2.454322307880741E-002
 -2.692964564911460E-002
  2.491542972365357E-002
  0.112029934002783     
 -0.218566618300645     
  0.112143502754218     
  2.489881838670760E-002
 -2.679826670563745E-002
 -2.443151168984681E-002
  5.060656942364528E-002
 -9.854847368262920E-002
  2.885975929714446E-002
 -4.377853489379291E-002
 -5.238282459324139E-002
 -8.835508466083830E-003
 -8.366079992806874E-002
 -5.119418216675697E-002
 -2.750176008020144E-002
 -2.779932224395232E-002
 -5.137939680489101E-002
 -8.803330498599493E-003
 -8.366602869815853E-002
 -5.196107372949221E-002
 -4.380503122946600E-002
  2.835098811211489E-002
  1.563150858610207E-002
 -8.368552811828334E-002
 -3.664949027310005E-002
 -0.218436081024536     
  0.112251335958285     
  2.488090592738290E-002
 -2.683008226296035E-002
 -2.442553301421402E-002
  5.064253776011274E-002
 -9.852689243350277E-002
  2.835917645418595E-002
 -4.383870901005960E-002
 -5.201244560094231E-002
 -8.846297718582363E-003
 -8.368063967403216E-002
 -5.139142718588996E-002
 -2.779097874193237E-002
 -2.753415088176769E-002
 -5.122312605697132E-002
 -8.823591748072346E-003
 -8.366415824018336E-002
 -5.231206768019803E-002
 -4.369801195158907E-002
  2.886435665189957E-002
  1.575085995133696E-002
 -8.365189291118469E-002
 -3.654408247602525E-002
 -0.218502089287678     
 -3.663020065417477E-002
  1.564896398952964E-002
 -8.367959711600026E-002
  4.103377173324330E-002
  4.115788486204031E-002
  3.912308537896469E-002
  3.980374785572027E-002
  4.359099328400629E-002
  3.859638236901375E-002
  3.851168548009121E-002
  4.108996175268853E-002
  4.115602706722865E-002
  3.906070812863938E-002
  3.987742039997577E-002
  4.249675418070586E-002
  4.535687858549886E-002
  5.313115466101814E-002
  5.319360207072055E-002
  4.543913211565231E-002
  4.360574006189144E-002
  3.980218842263450E-002
  4.101927058432853E-002
  4.117268077083758E-002
  3.912011628221790E-002
  3.858987930991853E-002
  3.850647248148231E-002
  4.105018199225408E-002
  4.118117455555392E-002
  3.905760565959526E-002
  3.985898177729186E-002
  4.249616050595284E-002
  4.044794837952903E-002
  4.452347746025809E-002
  4.523204933346925E-002
  4.863504800939200E-002
  5.318006802628139E-002
  4.544190960213690E-002
  4.246735579417027E-002
  3.983360616547560E-002
  3.906283765514784E-002
  4.115941227146713E-002
  4.105104379157576E-002
  3.850705245090003E-002
  3.856651973745473E-002
  3.909535943675013E-002
  4.105835197807528E-002
  4.116236578509824E-002
  3.985038500523252E-002
  4.364421130297336E-002
  4.532245458029638E-002
  4.051884102382552E-002
  4.448616233063629E-002
  4.868628638896388E-002
  4.864765998309806E-002
  4.048436932828647E-002
  4.520065405113205E-002
  4.452450619776238E-002
