 -0.140409427429469     
  0.285180156960861     
 -0.129081743819096     
 -0.136087501471863     
  2.519612430370666E-002
 -1.398707690291978E-002
 -2.040707253656926E-002
  7.541708270370551E-002
 -7.780405623213049E-002
  6.467021756510771E-002
  2.308560306217400E-002
 -2.144118439198195E-002
 -3.053592285823736E-002
 -1.696799698890139E-003
 -5.320266090832249E-003
 -3.518161083496540E-002
 -3.398823573514242E-002
  6.132826654226164E-002
 -9.351335872107569E-002
  3.538412452209805E-002
 -4.451541962324335E-002
 -3.963105623419150E-002
 -4.848086939591489E-002
 -3.638627935891225E-002
 -2.841679473868997E-002
 -2.833214935056017E-002
 -3.633929265333347E-002
 -4.848358134539854E-002
 -3.973696989605102E-002
 -4.463021823536018E-002
  3.536676652233650E-002
 -3.349533944871741E-002
 -3.342769004538226E-002
 -3.426042014131525E-002
 -4.047625263398569E-002
 -0.222451209652846     
 -1.445089093571106E-002
  1.920533102500332E-002
 -3.031309271245686E-002
 -3.479413946870480E-002
 -4.163675918890064E-002
 -3.726581504059556E-002
 -4.458611073976915E-002
 -1.099193530753162E-003
  1.152114137260085E-002
 -4.047174127014763E-002
 -3.298703663583957E-002
 -3.604893369173734E-002
 -3.089627574262366E-002
 -3.091761820322692E-002
 -2.184655257139045E-002
 -1.458518487311000E-002
  5.166497692353333E-002
  4.963147058765149E-002
  4.835705785637268E-002
  4.297157506436322E-002
  4.336061125103174E-002
  4.256723586267286E-002
  4.045290114873523E-002
  4.314358639913851E-002
  4.007702876374031E-002
  4.206837467993896E-002
  4.210006568175495E-002
  4.007686703434787E-002
  4.308341984451103E-002
  4.032453349936849E-002
  4.279645414828714E-002
  4.465447609483020E-002
  4.175679665159227E-002
  4.308811502241283E-002
  4.122579445360441E-002
  3.860703338776983E-002
  3.690557797214933E-002
  3.791237677723513E-002
  3.751709175939755E-002
  3.837904965285699E-002
  4.028076272779479E-002
  3.938934701876307E-002
  4.116053278310272E-002
  4.104143784340220E-002
  4.840765297038674E-002
  5.106012564142237E-002
