 -8.460211614229074E-002
 -8.501467734537194E-003
 -4.807936751083552E-002
 -4.668954559993477E-002
  4.752217711026896E-002
 -0.125594126893669     
  5.234489524989394E-002
 -4.512326322331717E-002
 -4.116622151209715E-002
 -1.282430312076954E-002
  1.262114438413020E-002
  6.252617135673155E-003
 -2.179425498852972E-002
 -2.554395759392403E-002
  1.924805309671740E-002
 -0.179822042767741     
  1.557984326073569E-002
 -1.689991003984037E-002
 -4.475086208143431E-002
 -1.080606950249496E-002
  2.745844928809094E-002
 -0.102080280786534     
 -0.101590848246064     
 -9.976172906206759E-002
 -4.433671253215365E-002
 -3.495108706277517E-002
 -1.547249297415387E-002
 -1.558991105497043E-002
 -3.537467439313602E-002
 -4.495956146243074E-002
 -1.025199387750764E-002
  2.743980181633709E-002
 -0.101061787654983     
 -0.104090197044695     
 -0.100769740079626     
 -4.381898008577600E-002
 -1.475019098576880E-002
 -4.145868121783103E-002
 -4.211376204552497E-002
  5.258026761896817E-002
 -3.963987819401460E-002
 -4.113609255546891E-002
 -1.018163630902880E-002
  1.306574158946150E-002
  6.190669717243136E-003
 -2.143161535567462E-002
 -2.544397675557342E-002
  1.927167104030847E-002
 -0.179704641652379     
  1.556923568698920E-002
 -1.758728551422273E-002
 -4.565277083131125E-002
 -1.104156126196010E-002
  2.720998678491382E-002
 -0.102582882608330     
 -9.992028426672483E-002
 -0.102850134879624     
 -4.428076156256822E-002
 -3.507822675025363E-002
 -1.544346285943732E-002
 -1.562552489365121E-002
 -3.496959768516827E-002
 -4.428645049127322E-002
 -9.754993002252021E-003
  2.771750026686837E-002
 -0.100012544467894     
 -0.101443507056143     
 -0.101866904403090     
 -4.326911104139075E-002
 -1.492360793549796E-002
 -3.917159937598491E-002
 -3.956113781174864E-002
 -4.822927811087308E-002
 -4.923462324325989E-002
  3.899003632940989E-002
  4.047713177690848E-002
  4.171709720726435E-002
  3.785489101447725E-002
  3.948380489341730E-002
  4.150382738340341E-002
  4.450398190732563E-002
  4.115020659713997E-002
  4.071506047008278E-002
  5.016446534998575E-002
  5.096907941506346E-002
  4.144818868411582E-002
  3.566454852227197E-002
  3.306172781218020E-002
  3.191019595060351E-002
  3.400175883955148E-002
  3.622265768806610E-002
  3.158880032043165E-002
  3.524160445513136E-002
  3.394591489133614E-002
  3.568716784095860E-002
  4.343078017321689E-002
  4.169912852016344E-002
  4.159684239007122E-002
  4.309941177272048E-002
  3.321382288728936E-002
  3.111182042733596E-002
  3.621746561536421E-002
  3.746878726324543E-002
  3.576253294603426E-002
  3.229488797792701E-002
  3.403135419059899E-002
  3.603848070043458E-002
  3.465088309315256E-002
  4.292090020928829E-002
  4.345556030551001E-002
  4.146062036923526E-002
  4.123816105215172E-002
  4.407205520008284E-002
  4.105722880544149E-002
  4.070155703179912E-002
  5.016917982131475E-002
  5.047471296460249E-002
  4.215933428747143E-002
  3.343836439569092E-002
  3.683983785757328E-002
  3.385377746679852E-002
  3.572273036973950E-002
  3.506189282757211E-002
  3.380441578911697E-002
  3.288557965601779E-002
  3.296740983715496E-002
  3.580190741241873E-002
  4.333541120154127E-002
  4.174605242207186E-002
  4.166064370421019E-002
  4.346024889771216E-002
  3.395807472874213E-002
  3.517700137957969E-002
  3.540903108810356E-002
  3.350601393976360E-002
  3.164785607606202E-002
  3.718824864938675E-002
  3.622724646733755E-002
  3.310501805614663E-002
  3.179384985525369E-002
  4.249900478524760E-002
  4.447635986796927E-002
  4.127060793422122E-002
  3.973371945046755E-002
  3.768421663601940E-002
