           2           1  0.991922858441748     
           3           2   1.38591679453853     
           4           3   1.45133508994422     
           5           4   1.36502674815469     
           6           5   1.00265913405120     
           7           6   1.00030589855823     
           8           7   1.36436137513242     
           9           8   1.45052462217518     
          10           9   1.38557341867093     
          11          10  0.922561210671279     
          12          11  0.927200789155993     
          13          12   1.38985365316888     
          14          13   1.41986243647174     
          15          14   1.43561797353921     
          16          15   1.41515662100396     
          17          12   1.38406605603710     
          17          16   1.43381520560795     
          18          11  0.922378575533683     
          19          18   1.44190198436916     
          20          19   1.36596020148249     
          21          20  0.938531706765005     
          22          21  0.965852115669894     
          23          21  0.965886962964776     
          24          21  0.976281293848276     
          25          20   1.40032502722891     
          26          25   1.42940955492606     
          27          18   1.29911768432131     
          27          26   1.38138203199029     
          28          27   1.03788267867618     
          29          28   1.38069378431185     
          30          29   1.43029779110335     
          31          30   1.39920263804904     
          32          31  0.938508239407259     
          33          32  0.963769198479230     
          34          32  0.968393364394226     
          35          32  0.975463856243036     
          36          31   1.36662147403072     
          37          11  0.922384798975648     
          37          28   1.29956516576732     
          37          36   1.44211432989281     
          38          10   1.38643441192019     
          39           7   1.36870849491931     
          39          38   1.44567157109040     
          40           6  0.987973213125398     
          41          40   1.36476572929647     
          42          41   1.45421295438126     
          43          42   1.37753850869328     
          44          43  0.925183985841798     
          45          44  0.924567026133072     
          46          45   1.38962997614185     
          47          46   1.42008511120776     
          48          47   1.43538130491270     
          49          48   1.41531579150522     
          50          45   1.38440730695381     
          50          49   1.43377168311788     
          51          44  0.920513556546645     
          52          51   1.44133732300577     
          53          52   1.36681827663771     
          54          53  0.938059523455539     
          55          54  0.965374355624905     
          56          54  0.976362870911690     
          57          54  0.965891556747005     
          58          53   1.39976654640867     
          59          58   1.43006557030500     
          60          51   1.30002399507995     
          60          59   1.38042214707660     
          61          60   1.03808516866845     
          62          61   1.38152863238304     
          63          62   1.42940378330176     
          64          63   1.40056974301717     
          65          64  0.938668891807092     
          66          65  0.976212168629384     
          67          65  0.965930307232073     
          68          65  0.965857707386249     
          69          64   1.36544834100263     
          70          44  0.923560767382402     
          70          61   1.29900394987060     
          70          69   1.44283084126515     
          71          43   1.39361875870839     
          72          40   1.37705003563291     
          72          71   1.44044913564306     
          73           5   1.37099986601843     
          74           2   1.39435152677241     
          74          73   1.44182675581114     
          75           1  0.978899175882832     
          76           1  0.975518233128963     
          77           1  0.970359944836392     
          78           3  0.945044666749755     
          79           4  0.944804815502743     
          80           8  0.942873585547829     
          81           9  0.941250544954692     
          82          13  0.942995744524073     
          83          14  0.945563941483779     
          84          15  0.948404533850070     
          85          17  0.946811764495965     
          86          19  0.942183294640064     
          87          22  0.976107936169024     
          88          22  0.978296892408292     
          89          22  0.978008303075772     
          90          23  0.978234747290169     
          91          23  0.975981462269137     
          92          23  0.978011099823625     
          93          24  0.977548990165823     
          94          24  0.978141128789379     
          95          24  0.977540071884644     
          96          25  0.942960492588111     
          97          26  0.943455342419790     
          98          29  0.943472765738864     
          99          30  0.942895983436038     
         100          33  0.977886722380754     
         101          33  0.977861067460035     
         102          33  0.976730606727718     
         103          34  0.975220210522797     
         104          34  0.975743714810840     
         105          34  0.977889809777959     
         106          35  0.977903464034974     
         107          35  0.976589719839255     
         108          35  0.977520249791189     
         109          36  0.941692690667361     
         110          38  0.942381282072764     
         111          39  0.943952528968302     
         112          41  0.944111172821834     
         113          42  0.941733201578730     
         114          46  0.943226095665794     
         115          47  0.945556992429663     
         116          48  0.948431322674076     
         117          50  0.947159537773100     
         118          52  0.941035443280144     
         119          55  0.976460174761788     
         120          55  0.975210814829405     
         121          55  0.977986975201921     
         122          56  0.977576295931380     
         123          56  0.977496381106738     
         124          56  0.978044373217566     
         125          57  0.978052656592838     
         126          57  0.976549556513756     
         127          57  0.975830101325367     
         128          58  0.942945283834817     
         129          59  0.943438646449557     
         130          62  0.943450477037730     
         131          63  0.942888342964270     
         132          66  0.978143790609319     
         133          66  0.977576171222239     
         134          66  0.977524510920945     
         135          67  0.978265683884163     
         136          67  0.978024408687321     
         137          67  0.975948986299771     
         138          68  0.976037048110690     
         139          68  0.978305702094724     
         140          68  0.978005133883388     
         141          69  0.941900710590231     
         142          71  0.941867935638600     
         143          72  0.944139824830531     
         144          73  0.944342672283789     
         145          74  0.944273104700130     
