           2           1   1.00197683800374     
           3           2  0.960235435863250     
           4           3   1.09579595404751     
           5           4   1.36190780158633     
           6           5   1.46043545406426     
           7           6   1.37593232516770     
           8           7   1.47752576029821     
           9           4   1.22031654333113     
           9           8   1.32355417653107     
          10           9   1.15288609457762     
          11           3   1.07960035021395     
          11          10   1.42909637048377     
          12          11   1.14004091432279     
          13          12   1.33108396643646     
          14          13   1.47051914894762     
          15          14   1.38435879583764     
          16          15   1.45126664194479     
          17          12   1.22904424778527     
          17          16   1.37391006543608     
          18          10   1.04163326145315     
          18          17   1.06485613497543     
          19          18  0.991787940154617     
          20          19   1.36704088534171     
          21          20   1.44118407924070     
          22          21   1.39322522961843     
          23          22  0.748358177517570     
          24          23   1.77146643994845     
          25          23   1.77146296065306     
          26          23  0.748351261749562     
          27          26   1.39324825357790     
          28          27   1.44117071404397     
          29          28   1.36704154164261     
          30          29  0.991833460997524     
          31          30   1.06483455301519     
          32          31   1.37391452975732     
          33          32   1.45126025466405     
          34          33   1.38436368451175     
          35          34   1.47051690071040     
          36          31   1.22905112189744     
          36          35   1.33108281065983     
          37          36   1.14004185162790     
          38          30   1.04163379759011     
          38          37   1.42909818548828     
          39          38   1.15288283628463     
          40          39   1.32355649733477     
          41          40   1.47752414162345     
          42          41   1.37593700958192     
          43          42   1.46042071028362     
          44          39   1.22031799718353     
          44          43   1.36191059637550     
          45          37   1.07960083022896     
          45          44   1.09579029729957     
          46          45  0.960238341406374     
          47          46   1.00197255539992     
          48          29   1.37706483854360     
          49          26   1.40291085294128     
          49          48   1.43055360197209     
          50          22   1.40290137468477     
          51          19   1.37708848770030     
          51          50   1.43055822097493     
          52           1  0.982602074064525     
          53           1  0.983236448532040     
          54           1  0.975466419698070     
          55           2  0.969919603049638     
          56           2  0.968916604007550     
          57           5  0.942762315837001     
          58           6  0.943937676280630     
          59           7  0.943636713697187     
          60           8  0.940016443567151     
          61          13  0.943143412113481     
          62          14  0.944354564644715     
          63          15  0.944500230592547     
          64          16  0.942633687269817     
          65          20  0.940309455734463     
          66          21  0.942730969010683     
          67          27  0.942732896407786     
          68          28  0.940308199251616     
          69          32  0.942626892853237     
          70          33  0.944499838369881     
          71          34  0.944354079353704     
          72          35  0.943142668972039     
          73          40  0.940025212980402     
          74          41  0.943643244260518     
          75          42  0.943937206251263     
          76          43  0.942763720258949     
          77          46  0.968917132673045     
          78          46  0.969919290017797     
          79          47  0.982612703901086     
          80          47  0.983238905637821     
          81          47  0.975466797549894     
          82          48  0.940053066821586     
          83          49  0.942276289626542     
          84          50  0.942274819720950     
          85          51  0.940058498257492     
