 -2.044027168303941E-002
  3.294005160043589E-002
 -0.172380669376437     
  5.903844170077477E-002
  9.721263691297999E-003
 -5.677499006340625E-003
  5.277101566477382E-002
 -0.189446431246899     
  4.900253849426406E-002
 -2.256848171370773E-002
  6.743083968895158E-002
 -9.578723037545611E-002
  3.627771072413122E-002
 -4.392086671928652E-002
 -3.842863958013520E-002
 -4.678843790341958E-002
 -3.507679634226424E-002
 -2.509108064588528E-002
 -2.504318581792742E-002
 -3.473375514388799E-002
 -4.583653785871800E-002
 -3.620332719269648E-002
 -4.197602212552187E-002
  3.740247928599771E-002
  6.741504018365774E-002
 -9.574274617496403E-002
  3.743661378306351E-002
 -4.197580511865695E-002
 -3.620500922210823E-002
 -4.583975342062629E-002
 -3.473835360768351E-002
 -2.504459018166738E-002
 -2.509011058158084E-002
 -3.508194129285869E-002
 -4.678337548576739E-002
 -3.843046217799273E-002
 -4.393527473786296E-002
  3.625909391529580E-002
 -2.265120229704021E-002
  4.900348266298282E-002
 -0.189466257825147     
  5.277532446718691E-002
  9.716714426378115E-003
 -5.675434381857691E-003
 -2.043912407715087E-002
  3.293831763925503E-002
 -0.172378511277176     
  5.904158978830099E-002
  4.396591583242426E-002
  5.535930936314426E-002
  4.873452553372515E-002
  5.217078887875448E-002
  4.090935630810821E-002
  4.374857720222225E-002
  4.045773412245823E-002
  4.267736028694291E-002
  4.198160253670014E-002
  3.994139984809042E-002
  4.382662341923882E-002
  4.106194108740524E-002
  4.106902773043741E-002
  4.382620852350549E-002
  3.994001545859982E-002
  4.198181572577575E-002
  4.267501071753366E-002
  4.045566480685858E-002
  4.374926417198433E-002
  4.093803167945698E-002
  5.217581143828232E-002
  4.873594453624497E-002
  4.396756136323499E-002
  5.535717630385029E-002
