 -4.798480307148090E-002
 -3.468166679668450E-002
 -4.568637391013208E-002
  5.427359654068820E-002
 -0.126616733698409     
  5.416304045944864E-002
 -4.539565120585376E-002
 -3.467384665837248E-002
 -4.789724156383279E-002
 -3.499006878434940E-002
 -4.590410565359004E-002
  5.309617545729584E-002
 -4.432297764170468E-002
 -3.321625017362351E-002
 -2.637214958832157E-002
 -1.409314382839977E-002
 -4.530183637066898E-002
 -1.206601201824320E-002
 -3.679195775413469E-002
 -3.638921489878122E-002
 -3.615080529961734E-002
 -3.490191850682134E-002
 -1.602595791568540E-002
  1.350639143689847E-002
 -1.357462705954227E-002
 -4.056371365691280E-002
 -4.997072650003531E-002
 -3.814775209935206E-002
 -5.604949743893428E-002
  5.029623501239300E-002
 -0.122071760968949     
  5.915410205912863E-002
 -2.957335004840189E-002
 -3.002664559791057E-002
 -3.401864792263076E-002
 -3.001515670462052E-002
 -2.953819888535314E-002
  5.026560151331427E-002
 -5.605988021829678E-002
 -3.820746629898508E-002
 -5.000954972770177E-002
 -4.055040519508601E-002
 -1.352248241940224E-002
 -4.587488264350625E-002
 -3.492557110383476E-002
  3.807640596522477E-002
  4.139181054265906E-002
  3.818211566503882E-002
  3.817713219298657E-002
  4.138336318960045E-002
  3.808241497146636E-002
  4.124548944534101E-002
  3.786111164634143E-002
  4.221737642757839E-002
  4.577173531686773E-002
  4.064134532436237E-002
  3.967409540588029E-002
  4.031647029281338E-002
  4.023706111620584E-002
  4.004951742943030E-002
  4.311055922201534E-002
  3.987261519846219E-002
  4.242755789985908E-002
  3.973605845066963E-002
  3.943281750954886E-002
  4.281537027800197E-002
  4.010245471642859E-002
  4.282038632914298E-002
  3.936330467856242E-002
  3.973548300429619E-002
  4.240566674188917E-002
  3.989525532385851E-002
  4.323361869017961E-002
  3.786774873758247E-002
  4.128154563665865E-002
