 -0.101988871125731     
  3.267353126591388E-002
 -9.989287914796474E-002
 -6.056802087477031E-002
  1.023529170354198E-003
 -4.055990574155288E-003
 -4.198598362405548E-002
 -2.287189577873061E-002
 -2.570109966991030E-002
  2.896500331176854E-002
  0.110883077669463     
 -0.218086248341196     
  0.111556960169734     
  2.334293420901368E-002
 -2.765581060386513E-002
 -2.637254733836247E-002
 -2.846715939313427E-002
 -2.497754208599279E-002
 -2.750059463746002E-002
 -0.214437522720696     
  0.110881642773725     
  2.622542326235200E-002
 -2.641713266592127E-002
 -2.560187877528275E-002
 -3.133731393734251E-002
 -2.492613752055295E-002
 -2.511741297095771E-002
 -0.217792123179563     
 -3.464855648607745E-002
 -9.668276120336561E-002
  4.917702645045274E-002
 -0.125481291011536     
  1.755730112134346E-002
 -5.550817555039789E-002
 -3.644209141465460E-002
  1.972329506982895E-003
 -2.660417360640199E-002
  7.795291836853124E-003
 -3.923452186052412E-002
 -2.736266881722393E-002
 -3.959145789148266E-002
 -4.423612059663906E-002
 -4.254579113143375E-002
 -3.697367476314728E-002
 -2.242033273781452E-002
 -3.950775457836109E-002
  3.365229893030974E-002
  3.688480103776937E-002
  4.264655474633183E-002
  4.009709799777128E-002
  3.409752664091792E-002
  3.461926161400741E-002
  3.754494547229226E-002
  3.752138583499709E-002
  5.407673562847726E-002
  3.897387154335941E-002
  4.348261457107550E-002
  4.850736424274193E-002
  4.468605751011245E-002
  3.963870294166805E-002
  4.292370074457308E-002
  4.774429286571624E-002
  4.524807449596746E-002
  4.553287077590751E-002
  4.018788391100259E-002
  4.157252960780744E-002
  4.057866088726092E-002
  4.633461629182001E-002
  4.929815444846963E-002
  4.657055394013720E-002
  0.142932092731786     
  3.657809865253270E-002
  5.136204236077024E-002
  3.540899387666774E-002
  3.644073343697585E-002
  3.774158872393585E-002
  3.521520120665700E-002
  3.284017819686813E-002
