           2           1  0.976591619353800     
           3           2  0.965897346663375     
           4           2  0.965785443327589     
           5           2  0.940302871457729     
           6           5   1.39250265380127     
           7           6   1.44305564322460     
           8           7   1.37098617873740     
           9           8   1.00733721451377     
          10           9   1.36121315407651     
          11          10   1.41120109360259     
          12          11  0.988004691316106     
          13          12   1.04678334918849     
          14          13   1.36727609697279     
          15          14   1.46017710619608     
          16          15   1.34124084524164     
          17          16   1.00152409355632     
          18          17   1.37335595817054     
          19          18   1.44234643999069     
          20          19   1.42574462038541     
          21          20   1.42576924683270     
          22          17   1.37361037542736     
          22          21   1.44232588338501     
          23          16   1.39735209100235     
          24          13   1.26311413341184     
          24          23   1.36730088669992     
          25          24   1.07918081513452     
          26          25   1.36708537116501     
          27          26   1.39769936793694     
          28          27   1.00196982179235     
          29          28   1.37349632786649     
          30          29   1.44234346880199     
          31          30   1.42574783824936     
          32          31   1.42567118707416     
          33          28   1.37314746302899     
          33          32   1.44247327796004     
          34          27   1.34059351553485     
          35          34   1.46081773733624     
          36          12   1.04676852189895     
          36          25   1.26340969047488     
          36          35   1.36649812904726     
          37          11   1.28708313469040     
          38          37   1.06867710360632     
          39          38   2.80947138113627     
          40          37   1.28767495624993     
          41          40  0.987656486404838     
          42          41   1.04734121521574     
          43          42   1.36702635694287     
          44          43   1.46041514548913     
          45          44   1.34109611831880     
          46          45   1.00141558267469     
          47          46   1.37345526140286     
          48          47   1.44228643942660     
          49          48   1.42579058757012     
          50          49   1.42575382077136     
          51          46   1.37361517017427     
          51          50   1.44233740905231     
          52          45   1.39755458932407     
          53          42   1.26317642597130     
          53          52   1.36709762090683     
          54          53   1.07926762556457     
          55          54   1.36746731771235     
          56          55   1.39759071140984     
          57          56   1.00043118894651     
          58          57   1.37372471558217     
          59          58   1.44231704715421     
          60          59   1.42573018804000     
          61          60   1.42602473451080     
          62          57   1.37425750007327     
          62          61   1.44190664988450     
          63          56   1.34200933649020     
          64          63   1.45961440989247     
          65          41   1.04661641481816     
          65          54   1.26279996595683     
          65          64   1.36750495275436     
          66           9   1.36213001177501     
          66          40   1.41086313610855     
          67           8   1.36179347244984     
          68           5   1.38091307987842     
          68          67   1.45443235850113     
          69           1  0.977629844269040     
          70           1  0.977616660050578     
          71           1  0.978359467980351     
          72           3  0.976310924238396     
          73           3  0.978345450735159     
          74           3  0.978170865746780     
          75           4  0.976308126186238     
          76           4  0.978345091721640     
          77           4  0.978130333991777     
          78           6  0.943821155237949     
          79           7  0.944889349561937     
          80          10  0.940255486550921     
          81          14  0.942053837777786     
          82          15  0.943204251787345     
          83          18  0.947023417190591     
          84          19  0.946608863127842     
          85          20  0.947543693972238     
          86          21  0.946593723285658     
          87          22  0.946940180783361     
          88          23  0.943228364816733     
          89          26  0.943313411757596     
          90          29  0.947030185938479     
          91          30  0.946664523343992     
          92          31  0.947581685298928     
          93          32  0.946585312540818     
          94          33  0.946807798766090     
          95          34  0.943082085991025     
          96          35  0.939988142542393     
          97          43  0.942035184111030     
          98          44  0.943246757846289     
          99          47  0.947039050825746     
         100          48  0.946610271847322     
         101          49  0.947541363072019     
         102          50  0.946590915529851     
         103          51  0.946952983747261     
         104          52  0.943247168337458     
         105          55  0.943409707019325     
         106          58  0.946964229560060     
         107          59  0.946626026240263     
         108          60  0.947568387568659     
         109          61  0.946629319479300     
         110          62  0.947080607161654     
         111          63  0.943145602503608     
         112          64  0.940082647370897     
         113          66  0.940941790452956     
         114          67  0.944892800130527     
         115          68  0.943631685333123     
