 -3.865941726417610E-002
 -2.894150820613106E-002
 -3.508392311248265E-002
  6.118778017187276E-002
 -9.378957885794126E-002
  3.553547599252660E-002
 -4.450307498428607E-002
 -4.031253647063071E-002
 -4.891784176751468E-002
 -3.638819068941945E-002
 -2.723056409954339E-002
 -2.736665728179766E-002
 -4.069482244385725E-002
 -1.277001170946690E-002
 -1.082356703931531E-002
 -4.417546628295632E-002
 -4.498466930776601E-002
  3.387150104364123E-002
 -2.556717557960742E-002
 -3.986463625931247E-002
 -2.521926845021483E-002
 -3.543311739934207E-002
 -4.687069766454321E-002
 -3.876694045216489E-002
 -4.345319696500649E-002
  3.655669000403972E-002
 -8.976266690784040E-002
  6.570278532120133E-002
 -3.411162299437898E-002
 -2.018918008167514E-002
  7.992851489082575E-003
  5.066620373426689E-002
 -2.851851299732466E-002
 -1.370676753728350E-002
 -3.038690227954532E-002
  2.077400040468635E-002
 -0.201790668721140     
  5.993032188107028E-002
 -9.607597119770261E-002
  3.580854377355669E-002
 -4.044158659380415E-002
 -3.830600675422247E-002
 -4.845907952591499E-002
 -3.712162765981031E-002
 -2.739005816113771E-002
 -2.690387339480260E-002
 -4.131288352521167E-002
 -1.205507183073973E-002
 -1.288034775511093E-002
 -4.366778208312638E-002
 -4.289078242831668E-002
  3.445755411676510E-002
 -2.762993342129860E-002
 -4.280256605597543E-002
 -2.792704187084727E-002
 -3.791124673041857E-002
 -4.996169206951517E-002
 -4.135068989884516E-002
 -4.498676332110296E-002
  3.542621129408996E-002
 -9.366651519147240E-002
  6.100353672318359E-002
 -3.634081411321777E-002
 -3.007834615479865E-002
 -3.853087100487773E-002
 -3.020036835011997E-002
 -3.645364134194740E-002
 -4.482498718381489E-002
 -4.468853861447197E-002
  3.114256506766955E-002
 -4.054030595076075E-002
 -4.460155540982047E-002
 -4.469783135114014E-002
  3.377169247529821E-002
 -3.682079935078164E-002
 -3.081437552065047E-002
  3.964546610988029E-002
  4.344894048162540E-002
  4.059801867453017E-002
  4.046079736914410E-002
  4.303356028441763E-002
  4.006099824306320E-002
  4.229683207477419E-002
  4.247010924219563E-002
  4.436139389554039E-002
  4.622788168354386E-002
  4.291965327592384E-002
  4.260172237774140E-002
  4.047078181679742E-002
  4.359136767377669E-002
  4.190442479159706E-002
  4.694480535046475E-002
  5.722711584672313E-002
  4.254117607983399E-002
  4.144602469584480E-002
  3.964610597961449E-002
  4.918719624030266E-002
  4.459644546104069E-002
  4.385902384055795E-002
  3.994586464092653E-002
  4.169142546657567E-002
  4.291733195983682E-002
  4.416763049144723E-002
  4.318571289666961E-002
  4.271696733569996E-002
  4.394481379402193E-002
  4.294412352826837E-002
  4.336750409337931E-002
  4.018859439860112E-002
  3.975833885600955E-002
  4.264493164245053E-002
  3.971271061599047E-002
  4.259729544786006E-002
  3.979153425834137E-002
  4.516291327085786E-002
  4.450391318872060E-002
  4.516361545509295E-002
  4.462074239961045E-002
  4.621774578727278E-002
  3.965656527018568E-002
  4.234930784262492E-002
