           2           1   1.42337048346833     
           3           2   1.44464468940367     
           4           3   1.36989395477003     
           5           4  0.997877752399407     
           6           5  0.997994422921101     
           7           6   1.37097871179450     
           8           7   1.44397974877464     
           9           8   1.42403139942405     
          10           9   1.42417674019776     
          11           6   1.37119442826621     
          11          10   1.44372427220095     
          12           5   1.00255445414771     
          13          12   1.36245427428476     
          14          13   1.45820860078804     
          15          14   1.35933290747749     
          16          15   1.01343731506640     
          17          16   1.47360053741612     
          18          17   1.32991941605748     
          19          18   1.47364103868853     
          20          19   1.01340165660541     
          21          20   1.35667957459574     
          22          21   1.46245451625690     
          23          22   1.35895597908815     
          24          23   1.00252351166829     
          25          24  0.997962642737989     
          26          25   1.37175436952792     
          27          26   1.44316504239765     
          28          27   1.42463994513839     
          29          28   1.42332098570919     
          30          25   1.36980075286148     
          30          29   1.44470595413227     
          31          24  0.997970984499244     
          32          31   1.37096565847501     
          33          32   1.44399628467002     
          34          33   1.42401815939303     
          35          34   1.42419903970861     
          36          31   1.37123809119668     
          36          35   1.44369253508945     
          37          23   1.36250659951674     
          38          20   1.35941216571822     
          38          37   1.45814739369437     
          39          19   1.19765138897200     
          40          39   1.30231146856984     
          41          40   1.39445322083485     
          42          41   1.11511683676545     
          43          42   1.39444965482236     
          44          16   1.19767087545426     
          44          39   1.16753418789085     
          44          43   1.30229842737031     
          45          42   1.18371717097646     
          46          45   1.11869081742793     
          47          46   1.17647839115556     
          48          47   1.65730066365809     
          49          45   1.37150705363543     
          49          48   1.20369417020909     
          50          49   1.11946144571842     
          51          50   1.20368942553893     
          52          51   1.65730912603166     
          53          52   1.17647077002243     
          54          41   1.18370932988575     
          54          50   1.37151125992076     
          54          53   1.11869707423534     
          55          15   1.35671588164494     
          56          12   1.35898608289311     
          56          55   1.46242158381599     
          57           4   1.37173178125435     
          58           1   1.42460515725506     
          58          57   1.44320397601122     
          59           1  0.946691062015480     
          60           2  0.945365506653353     
          61           3  0.945697278563712     
          62           7  0.946185688563435     
          63           8  0.945329192929846     
          64           9  0.946654092807404     
          65          10  0.945339709126486     
          66          11  0.946184693804475     
          67          13  0.944076611934320     
          68          14  0.943779235605048     
          69          17  0.942653239012532     
          70          18  0.942655332418487     
          71          21  0.941937713170151     
          72          22  0.944071607615358     
          73          26  0.946154683928863     
          74          27  0.945368329654015     
          75          28  0.946690753100346     
          76          29  0.945365605962760     
          77          30  0.945692774693430     
          78          32  0.946180109309221     
          79          33  0.945327989350691     
          80          34  0.946653506076382     
          81          35  0.945340837326948     
          82          36  0.946197017758610     
          83          37  0.944085744055626     
          84          38  0.943790152219157     
          85          47  0.950193180099588     
          86          48  0.939086500869039     
          87          51  0.939086193370641     
          88          52  0.950193625806697     
          89          55  0.941928184298729     
          90          56  0.944087960981325     
          91          57  0.946162327211581     
          92          58  0.945367974580912     
