 -0.100505426685965     
  2.788271570395162E-002
 -0.100481599809720     
 -9.991588551022446E-002
 -8.658775792258488E-003
 -2.792735973975091E-002
 -1.796387840617264E-002
  2.547140494771405E-002
  0.108876497213386     
 -0.171752092494895     
 -0.168766500328651     
  0.104128349468402     
  3.895075332484188E-002
 -4.227829655753634E-002
 -8.146574154035413E-003
 -1.887280977853401E-002
  4.302653805645607E-002
  0.105333053587901     
 -0.168243516810834     
 -0.174068518491388     
  0.109448451091246     
  2.581329708924818E-002
 -3.860184262831368E-002
 -3.239477781950839E-002
 -9.481481737307895E-003
  2.783089517681425E-002
 -0.100889652841642     
 -0.100895062236683     
 -9.984957658852078E-002
 -2.930659472131580E-002
 -1.912209972238443E-002
 -8.431398988108629E-002
 -2.871507621820157E-002
 -9.082508084165308E-002
 -4.075722696500961E-002
 -3.303437453070845E-002
  3.652066778263496E-002
  3.375754192086311E-002
  3.300099913781129E-002
  3.302871838823673E-002
  3.375800068032764E-002
  3.654881545044386E-002
  3.530625103865692E-002
  3.498450314714363E-002
  3.528469037958426E-002
  4.494859638387760E-002
  5.220352707971321E-002
  4.691482650092504E-002
  4.914308250873789E-002
  5.784504471673968E-002
  4.364488953667234E-002
  4.430573765880796E-002
  3.267165078834011E-002
  3.397062795981531E-002
  3.633857791503059E-002
  3.396116675824734E-002
  3.623422256424969E-002
  3.260328113467159E-002
  3.572190267337949E-002
  3.565880902657392E-002
  3.446483369043785E-002
  4.429707808340644E-002
  5.169948027754978E-002
  5.497818640522245E-002
  4.142030670128805E-002
  4.379009934293754E-002
