           2           1   1.70076018196835     
           3           2  0.807972975894465     
           4           3   1.40932727332830     
           5           4   1.42578100385459     
           6           5   1.42753464297441     
           7           6   1.43143276764832     
           8           3   1.41698411242449     
           8           7   1.41909902659479     
           9           2  0.812556123766510     
          10           9   1.40977232449368     
          11          10   1.42539763129828     
          12          11   1.42914534611744     
          13          12   1.43038268542198     
          14           9   1.41288846779664     
          14          13   1.42024108041708     
          15           2  0.805872033057584     
          16          15   1.41577517421247     
          17          16   1.40226763754393     
          18          17   1.45063420063056     
          19          18   1.35828495252369     
          20          15   1.37001644016079     
          20          19   1.26194801783653     
          21          20   1.04095206602282     
          22          21   1.03824179302855     
          23          22   1.36358831839014     
          24          23  0.803739905294557     
          25          24   1.70621028486462     
          26          24  0.807463997953809     
          27          26   1.41044953243118     
          28          27   1.42254341596487     
          29          28   1.42934187118954     
          30          29   1.43136420803129     
          31          26   1.41515843227445     
          31          30   1.42033087788605     
          32          24  0.812424343207637     
          33          32   1.41221733805394     
          34          33   1.42275870902867     
          35          34   1.43198699516450     
          36          35   1.42802632045243     
          37          32   1.40986924291290     
          37          36   1.42558345587846     
          38          23   1.43026099726583     
          39          38   1.34235926306310     
          40          39  0.998669062719370     
          41          40   1.37173248923426     
          42          41   1.44354156296809     
          43          42   1.39147836292990     
          44          43  0.924576645582955     
          45          44  0.924065731512122     
          46          45   1.39442131398436     
          47          46   1.43757114232528     
          48          47   1.38565174397722     
          49          48  0.970523098319129     
          50          49   1.05887545579989     
          51          50   1.36798927646407     
          52          51   1.45334525742247     
          53          52   1.39298246412573     
          54          53   1.46118914056914     
          55          50   1.26362149332575     
          55          54   1.35291186067374     
          56          55   1.08902001864033     
          57          56   1.35308223305939     
          58          57   1.46091970704913     
          59          58   1.39325773497699     
          60          59   1.45305112256390     
          61          49   1.05892745923854     
          61          56   1.26345004012013     
          61          60   1.36816660388240     
          62          48   1.38130413768094     
          63          45   1.38641583074938     
          63          62   1.44241414749063     
          64          44  0.925576350897352     
          65          64   1.42974826478509     
          66          65   1.41094190309883     
          67          66   1.43172230612910     
          68          67   1.43154415062569     
          69          64   1.30843852813096     
          69          68   1.37945623456870     
          70          69   1.03686271423489     
          71          70   1.37931766160051     
          72          71   1.43166148004883     
          73          72   1.43159970862061     
          74          73   1.41106570992844     
          75          44  0.925507738684462     
          75          70   1.30859089151384     
          75          74   1.42968580756919     
          76          43   1.38416398301123     
          77          40   1.36762791054530     
          77          76   1.44765356660803     
          78          39   1.39139262552884     
          79          19   1.06923666515185     
          79          22   1.25895237720408     
          79          78   1.36791889962333     
          80           4  0.945520233995665     
          81           5  0.943717786850756     
          82           6  0.943972423798541     
          83           7  0.943655246125120     
          84           8  0.944693550870481     
          85          10  0.945732321505881     
          86          11  0.943740466456687     
          87          12  0.943958880462939     
          88          13  0.941234250855582     
          89          14  0.942456421659193     
          90          16  0.941290285612649     
          91          17  0.940195251096933     
          92          18  0.940683607244334     
          93          27  0.944844542079994     
          94          28  0.943784420280300     
          95          29  0.943550880001318     
          96          30  0.941046365113481     
          97          31  0.945039245562362     
          98          33  0.945302428030497     
          99          34  0.943754309175264     
         100          35  0.944213385659240     
         101          36  0.942888447504776     
         102          37  0.942969999343863     
         103          38  0.940006846837321     
         104          41  0.944290675777294     
         105          42  0.943105615716475     
         106          46  0.941794812353203     
         107          47  0.944473497912365     
         108          51  0.943936464641063     
         109          52  0.944782027320985     
         110          53  0.945131941507254     
         111          54  0.944734944352760     
         112          57  0.944724945626337     
         113          58  0.945118935782981     
         114          59  0.944835617495919     
         115          60  0.943960705775755     
         116          62  0.944484586446974     
         117          63  0.942091859296585     
         118          65  0.945300523177771     
         119          66  0.945575917035922     
         120          67  0.945307917178278     
         121          68  0.945423486891110     
         122          71  0.945428666460704     
         123          72  0.945309670832539     
         124          73  0.945579550974962     
         125          74  0.945209821869169     
         126          76  0.943287264499888     
         127          77  0.944849019737784     
         128          78  0.939861863561308     
