$coord
         12.960858310397         -5.134833754002         -2.791052457195     c 
         11.410748805205         -4.429046466384         -0.426386023750     c 
         12.075137236269         -1.751428558981          0.324391566033     c 
         14.546568883252         -1.158977976342          0.974928052862     c 
         15.261998786512          1.270132371712          1.622659186839     c 
         13.479403303384          3.194020713334          1.597826545742     c 
         11.014394431212          2.665770177651          0.962228975641     c 
         10.266866048460          0.194159190073          0.350417974397     c 
          7.774172590886         -0.281022222906         -0.235125427617     n 
          6.945337666857         -2.662469403047         -0.887626825418     c 
          4.369282538283         -3.051510058023         -1.392483005888     c 
          3.485126166315         -5.396837376658         -2.083476210012     c 
          5.150062078694         -7.414529526247         -2.273314760051     c 
          7.682837888411         -7.051921438079         -1.739232296195     c 
          8.631264538614         -4.709774475814         -1.032597221765     c 
          6.005699970840          1.744243496430         -0.171038277217     c 
          5.096166051392          2.648070847095          2.156889835544     c 
          3.398362021789          4.601848817890          2.212445243399     c 
          2.588747880330          5.729970641452         -0.049902296467     c 
          3.479062573746          4.809048126192         -2.375008989019     c 
          5.175406075383          2.853922578682         -2.437196923398     c 
         -0.000050326581          7.806895320406         -0.001655053616     s 
         -0.035412822268          9.257750827344         -2.346448829139     o 
          0.035449015413          9.260839272434          2.341272270128     o 
         -2.588942440182          5.730098332026          0.048760861739     c 
         -3.398880730087          4.600635964651         -2.212793118397     c 
         -5.096192917644          2.646479351163         -2.155768326576     c 
         -6.005245306623          1.743878673218          0.172824420006     c 
         -5.174987015847          2.855176763913          2.438192977672     c 
         -3.478845026480          4.810467872971          2.374552107519     c 
         -7.773999985176         -0.281141402162          0.237789737190     n 
         -6.945602084871         -2.662870342949          0.889877862529     c 
         -4.369994955007         -3.052065065437          1.396888591569     c 
         -3.486198165560         -5.397933357467          2.086602164539     c 
         -5.151036606718         -7.416048117764          2.272707042653     c 
         -7.683378575362         -7.053190003006          1.736817735151     c 
         -8.631510716752         -4.710379293171          1.031966900809     c 
        -11.410532847450         -4.429510708915          0.423666598219     c 
        -12.075097742737         -1.750803178513         -0.323043137408     c 
        -14.546610825573         -1.157544473729         -0.972497468239     c 
        -15.261805829162          1.272057414016         -1.618599810599     c 
        -13.478750566025          3.195529775183         -1.593634496666     c 
        -11.013734447642          2.666539396564         -0.958720443878     c 
        -10.266566980857          0.194557515163         -0.347925218464     c 
        -12.963031791382         -5.140920553180          2.785044406659     c 
        -12.067108710907         -6.215689320936         -1.782579692951     c 
         12.070469810864         -6.219488372950          1.775411831830     c 
         12.469967713498         -3.886627228915         -4.350333196684     h 
         14.971183994333         -4.952600234716         -2.422588845509     h 
         12.578996151992         -7.069095936825         -3.359776503559     h 
         15.964596414393         -2.623233990011          0.972980647072     h 
         17.198459216853          1.665937920006          2.125190114210     h 
         14.013727469096          5.105588272929          2.068442504424     h 
          9.630064035734          4.160938167436          0.923538255992     h 
          3.081774628125         -1.480193080367         -1.232218804124     h 
          1.499772134928         -5.654979428824         -2.472481629582     h 
          4.475607389257         -9.259441644036         -2.821500378769     h 
          8.946516931322         -8.645245518312         -1.877863102010     h 
          5.752167845376          1.783277653179          3.885986881460     h 
          2.670295349083          5.342762335777          3.966808820699     h 
          2.819842594350          5.715600509059         -4.078074872052     h 
          5.902797468693          2.157989824731         -4.213348273519     h 
         -2.671195507285          5.340590276710         -3.967721150700     h 
         -5.752291776902          1.780493943088         -3.884234257494     h 
         -5.902276801109          2.160425620770          4.214846698901     h 
         -2.819599559528          5.718204577146          4.076986898252     h 
         -3.082540646386         -1.480418852014          1.239360305108     h 
         -1.501207987798         -5.656205219728          2.477364721104     h 
         -4.476835173163         -9.261459876448          2.819455868084     h 
         -8.947014159511         -8.646795982177          1.872526294507     h 
        -15.964855050097         -2.621593842258         -0.971202488062     h 
        -17.198353337337          1.668492436227         -2.120279448307     h 
        -14.012686612044          5.107356397366         -2.063641023415     h 
         -9.629078238718          4.161401887639         -0.919857707302     h 
        -12.477224099939         -3.893448042672          4.346470077773     h 
        -12.578284540969         -7.075030247365          3.352341332659     h 
        -14.973121205865         -4.962518604072          2.413517185545     h 
        -14.060679105212         -6.091712494010         -2.250792167074     h 
        -11.640556929371         -8.162372572859         -1.294830385821     h 
        -10.973362549322         -5.705465017380         -3.447829895771     h 
         10.978730646119         -5.712723545622          3.443033457660     h 
         11.643709811884         -8.165283565012          1.284330055637     h 
         14.064598744718         -6.096264868426          2.241361118306     h 
$end
