 -0.217002309536413     
  9.925676023050123E-002
  9.034586214683671E-003
 -1.861118931663874E-002
 -2.125209871868172E-002
  6.677525370700677E-002
 -0.127889400241569     
  4.613464562508662E-002
 -5.817149436456415E-002
 -4.727795385754074E-002
 -4.726043503012622E-002
 -5.826891929072264E-002
  4.624073333886214E-002
 -0.127888911162593     
  6.677455741908966E-002
 -2.137026873483627E-002
 -1.863068156723724E-002
  9.029575693232150E-003
  9.927268336578354E-002
 -0.217011965018217     
 -1.861710597823762E-002
 -2.124486524401892E-002
  4.613372807541349E-002
 -5.816607351819236E-002
 -4.727643860422681E-002
 -4.725793794406297E-002
 -5.826530506426941E-002
  4.624090609368059E-002
 -2.135865055935326E-002
 -1.863617040524446E-002
  5.252326310248456E-002
  4.507721755335337E-002
  4.252836265759863E-002
  4.402732346531713E-002
  4.402632321265454E-002
  4.259774936346283E-002
  4.500933357284553E-002
  5.249045873022973E-002
  5.252038361582922E-002
  4.507987448261852E-002
  4.252888666186538E-002
  4.402888480785749E-002
  4.402799930346923E-002
  4.259718554095271E-002
  4.501256538114184E-002
  5.248893294167956E-002
