           2           1  0.991904930331637     
           3           2   1.04136656390941     
           4           3   1.35722346787593     
           5           4   1.46440144588201     
           6           5   1.36068375719269     
           7           6  0.988656136182510     
           8           7  0.997334884244443     
           9           8   1.37835792766314     
          10           9   1.43954387273985     
          11          10   1.36994527528768     
          12          11   1.03820112218575     
          13          12  0.993759305202685     
          14          11   1.35503680225390     
          15           8   1.35507916344768     
          15          14   1.46868655387154     
          16           7  0.998688270964947     
          17          16   1.33736882227014     
          18          17   1.46103001447841     
          19          18   1.36557036157316     
          20          19   1.26015505237784     
          21          16   1.39638034569352     
          21          20   1.36418418149159     
          22          20   1.08507774690829     
          23          22   1.36268599364429     
          24          23   1.39942395389703     
          25          24  0.992390628585361     
          26          25  0.989930022722877     
          27          26   1.35406621596200     
          28          27   1.47049291682833     
          29          28   1.35365079237551     
          30          29   1.03733317179217     
          31          30  0.993156599579604     
          32          29   1.37228597455867     
          33          26   1.38324945938723     
          33          32   1.43682685642874     
          34          25   1.00175054493324     
          35          34   1.37692633539915     
          36          35   1.43997345299339     
          37          36   1.36997447083292     
          38          37   1.03752578644638     
          39          38  0.993802672804099     
          40          37   1.35507525106169     
          41          34   1.35352409229521     
          41          40   1.46892085548507     
          42          24   1.33861283192127     
          43          42   1.46193210752894     
          44          22   1.26074340054685     
          44          43   1.36249740983288     
          45          19   1.04972437355984     
          45          44   1.04982669654463     
          46          45  0.972377100970848     
          47          46   1.50435007025563     
          48          47   1.31372503178731     
          49          48   1.54978575812859     
          50          49   1.25593823697123     
          51          50   1.25424227090426     
          52          51   1.55655297494373     
          53          52   1.30712455552595     
          54          53   1.55294391044821     
          55          46   1.21385352490763     
          55          50   1.22381520574451     
          55          54   1.26131769046412     
          56           6   1.37700455098634     
          57           3   1.36585196760172     
          57          56   1.44335089398808     
          58           1  0.989597094916221     
          59           1  0.980636048055790     
          60           1  0.978723543490360     
          61           4  0.945765154573097     
          62           5  0.944631831837744     
          63           9  0.943745391011843     
          64          10  0.943876771828593     
          65          13  0.989387987358337     
          66          13  0.980441709882184     
          67          13  0.980359965498967     
          68          14  0.945744016091531     
          69          15  0.944762393194416     
          70          17  0.942458912720260     
          71          18  0.941323106300357     
          72          21  0.941256137473617     
          73          23  0.941643969882541     
          74          27  0.944622115936130     
          75          28  0.945623797408287     
          76          31  0.989343832411172     
          77          31  0.980579822209329     
          78          31  0.980401802465837     
          79          32  0.943850394591375     
          80          33  0.944086475292979     
          81          35  0.943659386531852     
          82          36  0.943906170732283     
          83          39  0.980337106393240     
          84          39  0.980462156365842     
          85          39  0.989380283194092     
          86          40  0.945761055939555     
          87          41  0.944645971960205     
          88          42  0.942763517528425     
          89          43  0.941163235618291     
          90          47  0.944599940509309     
          91          48  0.943211767811307     
          92          49  0.942904877030763     
          93          51  0.944170747945327     
          94          52  0.945988024956507     
          95          53  0.946058852893747     
          96          54  0.942509626286130     
          97          56  0.943867374668678     
          98          57  0.943692812095642     
