 -9.977985662816913E-002
  2.678896653299834E-002
 -0.101344779645358     
 -0.101211660392792     
 -1.020081634926573E-002
 -3.866449306185338E-002
 -2.871224428238328E-002
  5.888932813995140E-002
 -8.636605666289299E-002
  5.849114542298706E-002
 -5.321821915035851E-002
 -3.907068358938126E-002
 -2.234403094871773E-002
  2.624872307545534E-002
 -0.102546991236486     
 -0.100424681082771     
 -0.102523080682711     
 -4.540080083782616E-002
 -7.936914421369590E-002
 -6.027768063001204E-003
 -7.937483498858011E-002
 -4.541471718035783E-002
 -2.234925046366776E-002
  2.624397691982372E-002
 -0.102521799117079     
 -0.102540758466938     
 -0.100424167874878     
 -3.906122295653791E-002
 -5.321163319211664E-002
  5.848174886173974E-002
 -8.636311833614929E-002
  5.890629605802777E-002
 -2.828573400603851E-002
 -3.921009199269943E-002
 -1.019085996009661E-002
  2.678376468457389E-002
 -9.977480256363869E-002
 -0.101336052936808     
 -0.101228158071745     
 -3.866278873041384E-002
 -2.873758431949902E-002
  6.185371757433655E-002
 -7.060164081902176E-002
 -2.915689240736707E-002
 -7.056303636067796E-002
  6.184414457175613E-002
 -9.972739226674143E-002
 -2.833083009264303E-002
 -3.921623892102488E-002
  3.553689225130130E-002
  3.573175360785041E-002
  3.390510512356404E-002
  3.362180682195970E-002
  3.562550279887144E-002
  3.220606343925425E-002
  3.535870872676028E-002
  3.208518347883393E-002
  3.369226435174277E-002
  4.423567067502610E-002
  4.177427107625153E-002
  4.102131617295268E-002
  4.402437635414114E-002
  3.450676761331617E-002
  3.119305124827765E-002
  3.403623072872997E-002
  3.643975068548533E-002
  3.235139374846352E-002
  3.659439595277159E-002
  3.124574029918870E-002
  3.420590451578809E-002
  3.441938861142979E-002
  4.885830054336981E-002
  4.886173662522331E-002
  3.118380865695702E-002
  3.422062099190915E-002
  3.439241794191439E-002
  3.455346957805494E-002
  3.404021656567702E-002
  3.124922622443993E-002
  3.649584896555536E-002
  3.234444918335400E-002
  3.652868792035413E-002
  4.405175718997101E-002
  4.100293424107027E-002
  4.215903327649251E-002
  4.539579151411011E-002
  3.571824544842450E-002
  3.555344233203461E-002
  3.390378111382286E-002
  3.218653534061000E-002
  3.361938189837876E-002
  3.560583779180537E-002
  3.368583689736271E-002
  3.539713749838791E-002
  3.210212303833537E-002
  4.423700324125179E-002
  4.177160295551186E-002
  3.977045811673841E-002
  4.896875986967419E-002
  3.974882292683124E-002
  4.215069152902018E-002
  4.538760331209102E-002
