 -3.368431702446273E-002
 -3.240414745266662E-002
 -4.201639273176561E-002
  2.404226934943443E-002
  6.756749633911951E-002
 -0.219063172265261     
 -8.257444725149554E-003
  1.357402322014911E-002
 -2.763923151582137E-002
 -3.464055372722719E-002
 -3.973821982733217E-002
 -4.364844721281447E-002
 -1.175303788411508E-002
 -2.605021627034354E-003
 -3.947435411042211E-002
 -3.996843298090269E-002
 -3.773756675061257E-002
 -5.140607165311373E-002
  4.018920148432414E-003
  9.421377524498453E-003
 -8.223126144742032E-002
  7.139123664726332E-002
 -2.159198750831148E-002
 -1.942276158590772E-002
  6.817074224515540E-002
 -8.548465018260032E-002
  6.765445345212662E-002
  2.122271675252563E-002
 -3.965414817132196E-002
 -3.581305734542983E-002
 -5.914734888534667E-007
 -1.403147116942982E-002
 -3.767129306344597E-002
 -4.116620887087041E-002
  5.563011530348128E-002
 -0.126482053500188     
  5.342255917608796E-002
 -4.564373975712854E-002
 -3.429276396845893E-002
 -4.573792392572429E-002
 -3.359988532642166E-002
 -4.369554895102556E-002
  5.330847241189351E-002
 -4.582806352230584E-002
 -3.413659560585103E-002
 -4.661655558195221E-002
 -3.404333831176576E-002
 -4.525679571570862E-002
 -4.228553099813137E-002
 -3.867831789256382E-002
 -3.096130882922754E-002
 -2.091794181194917E-002
 -0.221116213315584     
 -9.860985132399414E-003
  1.348792124130638E-002
 -2.798353036622547E-002
 -3.484009169294033E-002
 -4.006913710915239E-002
 -4.384908176198277E-002
 -1.202633655165375E-002
 -2.711477504718118E-003
 -3.929702644020683E-002
 -4.010507402167374E-002
 -3.756234876972808E-002
 -5.036117255091010E-002
  4.101300226447613E-003
  8.893172671941674E-003
 -1.821106619447121E-002
 -2.027036616689859E-002
 -2.247288281419024E-002
 -2.534713465132299E-002
  4.127083829298062E-002
  4.446775992256580E-002
  4.006632271933763E-002
  4.416893856897652E-002
  4.076016421241602E-002
  3.936303386034035E-002
  4.175808373154544E-002
  4.491614138079858E-002
  4.058695242255750E-002
  4.084658673194941E-002
  4.102172839137275E-002
  5.035885578235411E-002
  5.010459793650790E-002
  4.290950789099435E-002
  4.213402322730875E-002
  4.312207384196964E-002
  4.134806660561607E-002
  3.743528727158463E-002
  4.164390752383973E-002
  3.870173716206105E-002
  4.190479854360296E-002
  3.813650104569255E-002
  3.750918837473349E-002
  4.169404081385086E-002
  3.853129522075938E-002
  4.171320041111493E-002
  3.791388584096855E-002
  4.077303106234231E-002
  4.274853825969871E-002
  4.312829955951725E-002
  4.748632001759157E-002
  4.407032965293856E-002
  4.071596379866671E-002
  3.929348935993349E-002
  4.167744711936805E-002
  4.478728667341791E-002
  4.055847019001657E-002
  4.079834541715033E-002
  4.015095160281612E-002
  5.027150331144681E-002
  5.099259253889443E-002
  4.552040669250956E-002
  4.209686135533341E-002
