 -8.278685185399226E-002
  4.810080626585833E-003
 -6.036330172168736E-002
 -3.470368902831478E-002
 -5.193556247099451E-002
  5.371718607074349E-002
 -0.122650867182710     
  5.458011285110231E-002
 -4.507977399310459E-002
 -3.447778139483670E-002
 -4.720361319113664E-002
 -3.441707185303766E-002
 -4.522590718841091E-002
  5.474859660541886E-002
 -4.496287549212052E-002
 -3.398736567615135E-002
 -2.409039799866086E-002
 -2.185588164385077E-002
 -4.623089008824177E-002
  2.230872485419466E-002
 -8.942908043779596E-002
 -8.900724211018218E-002
 -2.254992776229159E-002
 -4.299095934723507E-002
 -2.944554969602997E-003
 -1.088485563605524E-003
 -3.951979389394378E-002
 -3.412017168751724E-002
 -1.388718951524837E-002
 -2.168054370644867E-002
 -4.232650835450436E-002
  2.025985932993057E-002
 -8.938710753662260E-002
 -8.918999327888688E-002
 -2.167407353065798E-002
 -4.226465111904520E-002
 -1.126945245940369E-003
 -2.927576558035661E-003
 -4.006250722178883E-002
 -3.569326976336296E-002
 -1.350046105733682E-002
 -2.253341782301277E-002
 -4.297175046206636E-002
  2.230096983443186E-002
 -8.914871652790524E-002
 -8.927066863531152E-002
 -2.183640604752934E-002
 -4.610166105204172E-002
  5.472787281663249E-002
 -0.122757484761738     
  5.455040365992847E-002
 -4.548552542213269E-002
 -3.447736333972884E-002
 -4.735102108371425E-002
 -3.451889282102716E-002
 -4.520192963382641E-002
  5.367964649673596E-002
 -5.199683578242098E-002
 -3.473997537646678E-002
 -6.035381947351048E-002
  4.853709213962887E-003
 -8.275979582259740E-002
 -5.985030047643392E-002
 -4.470541008604201E-002
 -3.395875106025592E-002
 -2.397018104185022E-002
 -3.950295124511616E-002
 -3.413604968844908E-002
 -1.384888200095968E-002
 -4.010940413967301E-002
 -3.571444982403449E-002
 -1.348019690938163E-002
 -5.985393872553413E-002
  3.962016348284592E-002
  4.145941338196135E-002
  4.248168271375896E-002
  3.467453788737485E-002
  4.417217524286365E-002
  3.910344623115702E-002
  3.806885435014484E-002
  4.147239410282277E-002
  3.830151267427562E-002
  4.152170131571686E-002
  3.807320555806148E-002
  4.241524851106959E-002
  4.522683266030403E-002
  4.047919342120154E-002
  3.536879904087087E-002
  3.670298604748978E-002
  3.458343089883686E-002
  3.533909080773268E-002
  3.495485158577782E-002
  3.717892028691427E-002
  3.909036185492709E-002
  4.160164236237285E-002
  4.188708485257608E-002
  3.926085863331708E-002
  3.696615532399494E-002
  3.474968212800322E-002
  3.471009859721363E-002
  3.724417605296881E-002
  3.494587592555376E-002
  3.498060675415737E-002
  3.929906657852766E-002
  4.143542621259799E-002
  4.150308588271345E-002
  3.908300506789497E-002
  3.475170864322386E-002
  3.541964423821331E-002
  3.702782544338512E-002
  3.529427766100068E-002
  3.685076768433593E-002
  3.479958803666994E-002
  4.047341163564733E-002
  3.803880652661362E-002
  4.149677332497281E-002
  3.828272813542244E-002
  4.146361292440137E-002
  3.806566961622371E-002
  3.910200339557968E-002
  4.415495116298596E-002
  3.467079288745778E-002
  4.245935680834889E-002
  4.152876722893162E-002
  3.964127986172550E-002
  3.495650356160462E-002
  4.241224138468291E-002
  4.524186640234951E-002
  4.155707040988521E-002
  4.188712117325610E-002
  4.145494190055454E-002
  4.149415797070910E-002
  3.496005589421824E-002
