 -4.256505339291916E-002
 -0.126848678661273     
 -7.309917330212956E-002
 -0.112761825850987     
  2.786985441304068E-002
 -1.624078429632725E-002
  9.060201550913227E-002
 -2.174018710506331E-002
  2.254052466509338E-002
  8.130589492796325E-004
 -3.343159954145403E-002
 -2.626352584066893E-002
 -2.612000798108749E-002
 -2.767642297380934E-002
 -3.603824383330956E-002
 -3.606641478093753E-002
  5.407563528856896E-002
 -4.246466869418430E-002
  4.988722168381754E-002
 -4.450594676574315E-002
 -2.943557021771248E-002
  3.346095204630473E-003
 -9.462789246352799E-004
 -4.113391967581226E-002
 -3.395879442493133E-002
 -3.362668145059455E-002
 -3.078126428549322E-002
 -3.494260349075518E-002
 -2.300971781232253E-002
  7.894671231194916E-003
 -4.127855734109787E-003
 -5.577352836805538E-002
 -4.357435666956722E-002
 -3.921228678270161E-002
 -3.114797755349219E-002
 -7.244323614506154E-002
 -6.410621043916542E-002
 -5.854437529841761E-002
  3.445789030901902E-002
  2.365290765993444E-002
  6.689170584347437E-002
  3.923408462368372E-002
  4.136206478242632E-002
  4.083863084131589E-002
  4.087176228732903E-002
  3.766440041699870E-002
  6.136837011849949E-002
  7.058374108574306E-002
  4.400329324609398E-002
  4.838339986582696E-002
  3.551528386444558E-002
  3.854295081235459E-002
  3.843284367963706E-002
  3.997766970467087E-002
  3.952088284468969E-002
  5.799279468487784E-002
  3.280196461973417E-002
  3.666936676299071E-002
  3.711837645020788E-002
  4.174928809494194E-002
  3.137443946460150E-002
  2.655000128446894E-002
