 -2.893471893730482E-002
 -4.182365744498551E-002
  6.875112277090256E-003
  4.975948901992933E-003
 -4.321204472044382E-002
 -2.749923601226456E-002
 -2.955637823916923E-002
  6.902675213160903E-002
 -7.696970729958608E-002
  3.984468126470864E-002
 -3.789291917501991E-002
 -3.598308211813173E-002
 -4.725964301169672E-002
 -3.586457482229388E-002
 -2.966436453319066E-002
 -2.335845184280583E-002
 -1.950856476276641E-002
 -4.469536114276451E-002
  1.208258342145596E-002
 -0.202189109140394     
  8.901123844467929E-002
 -3.998809504996625E-002
 -3.481467467814792E-002
  6.833003845369268E-002
 -7.805721151994849E-002
  3.913105312236320E-002
 -4.018423593132781E-002
 -3.649754207446598E-002
 -4.597990512852235E-002
 -3.470120163894030E-002
 -2.889335556445705E-002
 -2.342300467059832E-002
 -1.903700450316848E-002
 -4.413784202125992E-002
  1.281411970551671E-002
 -0.201381670418119     
  8.851975952767743E-002
 -3.886618113635798E-002
  4.533641668008281E-002
  4.089983180988987E-002
  3.970032476177521E-002
  4.564987914146856E-002
  4.406102495992836E-002
  4.422958305519942E-002
  4.434791517070991E-002
  4.020667727660165E-002
  4.180388452826167E-002
  4.363766781956924E-002
  4.051512717016481E-002
  5.326542633842390E-002
  4.310743830146746E-002
  4.300492918441867E-002
  4.268358491440249E-002
  4.420111079615341E-002
  4.105127199836678E-002
  4.246120927675268E-002
  4.383971449749047E-002
  4.071636288672309E-002
  5.409304820894323E-002
  4.095002151057214E-002
