 C    4.82151534891499       -6.85160046638204        2.39782776512271     
   6.00000000000000     
 C    2.35520998411538       -6.87849568184701        1.53413997296225     
   6.00000000000000     
 C    1.32951501535366       -4.75231586469043       0.366626680438271     
   6.00000000000000     
 C   -1.30857441496796       -4.73548330833275      -0.514132481215708     
   6.00000000000000     
 C   -2.37111468798601       -6.85110130868067       -1.66619835800520     
   6.00000000000000     
 C   -4.86160837015051       -6.81416229500315       -2.45926478686376     
   6.00000000000000     
 C   -6.32548712828335       -4.67184467739052       -2.14526309067640     
   6.00000000000000     
 C   -5.27699941394133       -2.54453560644484       -1.01272718968060     
   6.00000000000000     
 N   -6.75312409470450      -0.358638731795542      -0.683099748589575     
   7.00000000000000     
 C   -6.01623938241133        2.10620907752472       -1.16147256815858     
   6.00000000000000     
 C   -3.79907188793436        3.01236703442973       -2.22919590274098     
   6.00000000000000     
 C   -3.56828852254326        5.59192059094163       -2.56791065090633     
   6.00000000000000     
 C   -5.49194077743018        7.25150583724960       -1.87511024794671     
   6.00000000000000     
 C   -7.72427193930378        6.36299373975993      -0.858915692216442     
   6.00000000000000     
 C   -8.00216379461737        3.77523702604932      -0.510010946730326     
   6.00000000000000     
 C   -10.0349345569660        2.22815573106603       0.394929179969336     
   6.00000000000000     
 C   -12.4526275965310        2.64837671867185        1.30906669040599     
   6.00000000000000     
 C   -13.8609218885983       0.547734780154045        1.99653427138541     
   6.00000000000000     
 C   -12.8171127377147       -1.85411197348756        1.75806127144320     
   6.00000000000000     
 N   -10.5148241367538       -2.31965345739069       0.893023158169438     
   7.00000000000000     
 C   -9.17892525237092      -0.311728851634989       0.228712509473650     
   6.00000000000000     
 C   -2.78741077413829       -2.58602412378854      -0.182594749617283     
   6.00000000000000     
 C    2.84054579826624       -2.62609095714922       4.548836462534313E-002
   6.00000000000000     
 C    5.32047015541403       -2.60775402067525       0.899608930178897     
   6.00000000000000     
 N    6.79181109305706      -0.417779354220474       0.585055181050259     
   7.00000000000000     
 C    9.29870891501742      -0.299641820928019      -0.157685072813692     
   6.00000000000000     
 C    10.8913759892765       -2.21262851121195      -0.983627063606550     
   6.00000000000000     
 C    13.3279784808925       -1.56562658222075       -1.66820445143962     
   6.00000000000000     
 C    14.1765042566187       0.924784436256331       -1.55876158567736     
   6.00000000000000     
 C    12.5881626534225        2.84747669172022      -0.793197639327453     
   6.00000000000000     
 C    10.1291666488506        2.24208814686602      -9.878686717205119E-002
   6.00000000000000     
 C    8.00708704770596        3.72173775178178       0.709516093566303     
   6.00000000000000     
 C    7.55031685448549        6.25969664957185        1.16587393339145     
   6.00000000000000     
 C    5.14351854548565        6.92494673334166        1.96187265633102     
   6.00000000000000     
 C    3.31459720106582        5.06229138999745        2.27669986353168     
   6.00000000000000     
 N    3.68906770396039        2.62348894143511        1.85436935232041     
   7.00000000000000     
 C    5.98592444540277        1.99549420211708        1.08610809416308     
   6.00000000000000     
 C    6.31253177454640       -4.72354804124873        2.10445936133573     
   6.00000000000000     
 H    5.58816761745998       -8.49502201028070        3.33429767660385     
   1.00000000000000     
 H    1.19768474536761       -8.53389122880997        1.81601878419834     
   1.00000000000000     
 H   -1.23352034971482       -8.51789899766120       -1.96332204878380     
   1.00000000000000     
 H   -5.67013521727674       -8.46507875609318       -3.34532992897083     
   1.00000000000000     
 H   -8.27069802656518       -4.63254937578223       -2.74970088010859     
   1.00000000000000     
 H   -2.30907210852261        1.74725640443155       -2.80719569544203     
   1.00000000000000     
 H   -1.85598936846576        6.33696091301582       -3.39252673075633     
   1.00000000000000     
 H   -5.23458708128735        9.25553572996185       -2.16248912625310     
   1.00000000000000     
 H   -9.23370648284172        7.64043505219255      -0.356304269432383     
   1.00000000000000     
 H   -13.2109232172660        4.53630718046548        1.47975471836915     
   1.00000000000000     
 H   -15.7563677483325       0.756869018938134        2.71738383546906     
   1.00000000000000     
 H   -13.8864945184548       -3.51488830015868        2.28783652608151     
   1.00000000000000     
 H   -2.01353269550101      -0.965228920429158       0.785144698577996     
   1.00000000000000     
 H    2.10268566165067      -0.966669931260444      -0.876988317329849     
   1.00000000000000     
 H    10.2474879988899       -4.14235789068952       -1.11735860985542     
   1.00000000000000     
 H    14.6009520148427       -3.02530158610100       -2.31173934165126     
   1.00000000000000     
 H    16.0964912330793        1.35131058254005       -2.10293020702089     
   1.00000000000000     
 H    13.2286287608727        4.78395175915520      -0.742888492271512     
   1.00000000000000     
 H    9.01011280378422        7.66455712395678       0.914541786550484     
   1.00000000000000     
 H    4.67552926703544        8.87191432713981        2.34452277305202     
   1.00000000000000     
 H    1.42901649784222        5.54605054405017        2.90390783123069     
   1.00000000000000     
 H    8.21550962262466       -4.68416122876076        2.83708881442972     
   1.00000000000000     
