           2           1   2.81016565132713     
           3           2   1.05844205547467     
           4           3   1.28669684832053     
           5           4   1.00931927508137     
           6           5   1.35886654649049     
           7           6   1.46111211284938     
           8           7   1.35754097698153     
           9           8   1.01439308433232     
          10           9  0.993965524594890     
          11          10   1.36545533051569     
          12          11   1.45621150178137     
          13          12   1.36466789910453     
          14          13   1.00559616882995     
          15          14   1.37216613616258     
          16          15   1.44302841821019     
          17          16   1.42542856987714     
          18          17   1.42545683027273     
          19          14   1.37227559761760     
          19          18   1.44298587612033     
          20          13   1.36520462537090     
          21          10   1.36655863633743     
          21          20   1.45572644141259     
          22           9  0.993730092775106     
          23          22   1.36547540612620     
          24          23   1.45625707939265     
          25          24   1.36457370206028     
          26          25   1.00586857933690     
          27          26   1.37211549276837     
          28          27   1.44306672709791     
          29          28   1.42539723017394     
          30          29   1.42542481641620     
          31          26   1.37209492819854     
          31          30   1.44306040461584     
          32          25   1.36505364846726     
          33          22   1.36656830294814     
          33          32   1.45577550943568     
          34           8   1.35624802719712     
          35           5   1.35815961412177     
          35          34   1.46271455854789     
          36           4   1.37034561757068     
          37          36   1.42714500777023     
          38          37   1.42823900760940     
          39           3   1.28554176605434     
          39          38   1.36913381157714     
          40          39   1.01170783386612     
          41          40   1.35685501536953     
          42          41   1.46293585790740     
          43          42   1.35570574959714     
          44          43   1.01652197661218     
          45          44  0.994129129185091     
          46          45   1.36654645196815     
          47          46   1.45569254148110     
          48          47   1.36527472604525     
          49          48   1.00537333750770     
          50          49   1.37221143870018     
          51          50   1.44304202579869     
          52          51   1.42540308247057     
          53          52   1.42551550773220     
          54          49   1.37241675089896     
          54          53   1.44291543660565     
          55          48   1.36472481540231     
          56          45   1.36537303947581     
          56          55   1.45615162483713     
          57          44  0.993039913437135     
          58          57   1.36556365430319     
          59          58   1.45607865099417     
          60          59   1.36479033532494     
          61          60   1.00533940155213     
          62          61   1.37228380881010     
          63          62   1.44298028081761     
          64          63   1.42544421293219     
          65          64   1.42552410956983     
          66          61   1.37243050186050     
          66          65   1.44287334714544     
          67          60   1.36540937304396     
          68          57   1.36693067845452     
          68          67   1.45542612803269     
          69          43   1.35538328524981     
          70          40   1.35718436002264     
          70          69   1.46353906563983     
          71           6  0.941863298073721     
          72           7  0.943687281368418     
          73          11  0.944679484067559     
          74          12  0.943834071540699     
          75          15  0.946991729559182     
          76          16  0.946629305419149     
          77          17  0.947585776384456     
          78          18  0.946636953992910     
          79          19  0.947020457434085     
          80          20  0.943871990645477     
          81          21  0.944589352996762     
          82          23  0.944558566269706     
          83          24  0.943806238643608     
          84          27  0.946990890308408     
          85          28  0.946634268063337     
          86          29  0.947586603076713     
          87          30  0.946640589815999     
          88          31  0.946995838898697     
          89          32  0.943842505426664     
          90          33  0.944620716124608     
          91          34  0.943709508401929     
          92          35  0.943965078357505     
          93          36  0.945135941734238     
          94          38  0.945095753664643     
          95          41  0.941664875597874     
          96          42  0.943612466309194     
          97          46  0.944523132615199     
          98          47  0.943879721027668     
          99          50  0.947006585852431     
         100          51  0.946629728954852     
         101          52  0.947583983038617     
         102          53  0.946626159745781     
         103          54  0.947026315405674     
         104          55  0.943859249251281     
         105          56  0.944657107962312     
         106          58  0.944396877658051     
         107          59  0.943725615601610     
         108          62  0.946947465978000     
         109          63  0.946621534173414     
         110          64  0.947595170678796     
         111          65  0.946662220339654     
         112          66  0.947043975927856     
         113          67  0.943907899607080     
         114          68  0.944654204027354     
         115          69  0.943573207784978     
         116          70  0.943923218525836     
