 -4.527831092948009E-002
 -3.396175730322426E-002
 -4.323719927553960E-002
  5.381541753137231E-002
 -0.125439553479205     
  5.328167172991360E-002
 -4.658979607939528E-002
 -3.511120263411005E-002
 -4.825849974875229E-002
 -3.536605691123196E-002
 -4.770606821194612E-002
  5.462076585474840E-002
 -4.396121347985371E-002
 -3.786039145454456E-002
 -1.378244250196214E-002
 -7.592270569798387E-004
 -3.320030251033934E-002
 -2.244147703708066E-002
  2.193323366549116E-002
  6.826588509775133E-002
 -0.222234911575969     
 -1.068219871609166E-002
  1.367563828551877E-002
 -2.809603617443912E-002
 -3.561471321275977E-002
 -4.104489316798876E-002
 -4.436562486830820E-002
 -1.228081675107351E-002
 -3.456361700957977E-003
 -4.052783126593429E-002
 -4.108249593092150E-002
 -3.760562171372595E-002
 -4.847175896759737E-002
  5.042463205676029E-003
  1.063995376758875E-002
 -7.910348449349502E-002
  6.801480063272658E-002
 -3.188588503640588E-002
 -2.687371313568843E-002
 -4.038488121679329E-002
  7.187246996421592E-003
 -1.451551005378349E-002
 -4.237299364968283E-002
 -4.139666105413564E-002
  3.661256624813314E-002
 -2.661094021413923E-002
 -4.089269060409961E-002
 -2.808532507907824E-002
 -3.628320883048808E-002
 -4.722371372377054E-002
 -3.929921534560510E-002
 -4.446636560539385E-002
  3.554876959901820E-002
 -9.303874907619125E-002
  6.072969650282634E-002
 -3.558173572042378E-002
 -2.979256189965973E-002
 -3.734778681285711E-002
 -2.942648411166715E-002
 -3.491475149603840E-002
 -3.891772990353015E-002
 -3.655435148499553E-002
 -3.546141723799412E-002
 -3.795610488122048E-002
 -4.244126631855583E-002
 -4.328669324851830E-002
 -3.370397389403923E-002
  3.864556727244362E-002
  4.165047091122398E-002
  3.793640958021882E-002
  3.769130646516672E-002
  4.128471578346704E-002
  3.789082442388381E-002
  4.192489396689925E-002
  4.008046383745456E-002
  4.043537464957259E-002
  4.342997680891081E-002
  4.254442459959895E-002
  4.692753171567376E-002
  4.412650738012802E-002
  4.046154984028449E-002
  3.900485427515732E-002
  4.141604467051863E-002
  4.430307138897016E-002
  4.006403531007618E-002
  4.034677008920151E-002
  4.203284069322377E-002
  4.409713324875097E-002
  4.748091659556231E-002
  4.162817498897620E-002
  4.423856259296299E-002
  4.364596303553270E-002
  4.530930710148284E-002
  4.470575792000298E-002
  4.151016194870061E-002
  4.349425522804318E-002
  4.021267084010438E-002
  3.940899337540360E-002
  4.281789124103530E-002
  4.003487149084162E-002
  4.302191027864699E-002
  4.003714382783663E-002
  4.278559662768877E-002
  4.362461529849493E-002
  4.187464102536520E-002
  4.366041345699556E-002
  4.127085664953101E-002
  3.798235316339094E-002
  4.182702407294014E-002
