 -0.224557760148679     
  9.749422680013531E-002
 -2.558080920762151E-003
 -2.136931578627976E-002
 -3.761328385498963E-002
  6.426819522684246E-002
 -0.117905061025700     
  5.313241527611412E-002
 -4.271587176289859E-002
 -3.128157461344827E-002
 -4.135616677353315E-002
 -3.078955195233490E-002
 -4.191035555019518E-002
  6.167409603966245E-002
 -5.045776666054902E-002
  6.814330316646311E-002
 -9.117357722364350E-002
  3.511492029809560E-002
 -4.679555646071343E-002
 -3.877867183743611E-002
 -4.648955751297468E-002
 -3.522137879483456E-002
 -2.718465007750304E-002
 -2.735210236915808E-002
 -3.547426364483641E-002
 -4.714395532463733E-002
 -3.859697652983662E-002
 -4.417084504611335E-002
  3.575085101300290E-002
 -4.858279703050261E-002
  6.838044842544244E-002
 -9.052528107173252E-002
  3.552368692242247E-002
 -4.590610074034274E-002
 -3.956748476391336E-002
 -4.747082339128372E-002
 -3.556676504645928E-002
 -2.721038966438805E-002
 -2.759138540801764E-002
 -3.564924068058595E-002
 -4.715214254609990E-002
 -3.836973703719160E-002
 -4.398235888457869E-002
  3.590246853575829E-002
 -4.957786974238765E-002
 -3.554322902799090E-002
 -2.074907826091277E-002
  5.130978225936034E-002
  4.331386620542876E-002
  3.845704592838006E-002
  4.268947862350025E-002
  3.975235864095905E-002
  4.311008898574475E-002
  3.797629292996529E-002
  4.423323144213720E-002
  4.063669685355309E-002
  4.374553629476174E-002
  4.088944040557296E-002
  4.262873052848237E-002
  4.252633035957831E-002
  4.046055696512396E-002
  4.369363637409218E-002
  4.131974600454102E-002
  4.657504031671245E-002
  4.178275220531957E-002
  4.306328796041603E-002
  4.030463594680500E-002
  4.251466400815840E-002
  4.238009815714328E-002
  4.045820002703415E-002
  4.377973045004480E-002
  4.131691781893410E-002
  4.500778476128564E-002
  4.333949059193754E-002
  5.169097441837400E-002
