           2           1   2.82942834113819     
           3           2   1.05481782567238     
           4           3   1.35946091675674     
           5           4   1.40115120188009     
           6           5  0.990544458383006     
           7           6   1.03359589852734     
           8           7   1.38073610967195     
           9           8   1.44387918819983     
          10           9   1.40034025784191     
          11          10   1.45617148846481     
          12           7   1.26812615758568     
          12          11   1.35544631856701     
          13          12   1.08361739353865     
          14          13   1.37661088270917     
          15          14   1.41871327145309     
          16          15   1.42930370240355     
          17          16   1.40542662515231     
          18           6   1.08660715039088     
          18          13   1.23393848543075     
          18          17   1.36698101489086     
          19           5   1.30210385266451     
          20          19  0.990560197610348     
          21          20   1.03356895256673     
          22          21   1.38075971939184     
          23          22   1.44386001020897     
          24          23   1.40035723522843     
          25          24   1.45615779056928     
          26          21   1.26812635264052     
          26          25   1.35545878003387     
          27          26   1.08360838461546     
          28          27   1.37660665204472     
          29          28   1.41871552194648     
          30          29   1.42930257798923     
          31          30   1.40542842824814     
          32          20   1.08658216997716     
          32          27   1.23395823642694     
          32          31   1.36698734899018     
          33          19   1.40114291625400     
          34           3   1.25476811494360     
          34          33   1.35946493034859     
          35          34   1.05481322404354     
          36          35   2.82943647524724     
          37           4  0.938970972621858     
          38           8  0.943702011931934     
          39           9  0.944589264853430     
          40          10  0.944750802870038     
          41          11  0.944721504176472     
          42          14  0.943044420658300     
          43          15  0.945564176214422     
          44          16  0.947343735879391     
          45          22  0.943699835528806     
          46          23  0.944589123660985     
          47          24  0.944750332320888     
          48          25  0.944721250122899     
          49          28  0.943044805023233     
          50          29  0.945564169057897     
          51          30  0.947343500559581     
          52          33  0.938970312261955     
