 -0.101633289686254     
  2.232527887596980E-002
 -9.980876048070986E-002
 -1.379460775384533E-002
 -3.935318879176375E-002
 -4.363104452836897E-002
 -3.308129017580619E-002
 -5.688800429412844E-002
  5.116044804563291E-002
 -0.110621603915164     
  7.983913420835087E-002
  0.104641076311303     
 -0.116239899187271     
  7.975094240871661E-002
 -0.110780997220449     
  5.212928034255793E-002
 -5.575347566665556E-002
 -3.393920089565672E-002
 -4.516445522002499E-002
 -4.085507788404552E-002
 -1.493192517568964E-002
  2.229797299704916E-002
 -0.101612750882212     
 -9.978817009204111E-002
 -1.379474515240009E-002
 -3.932905532283204E-002
 -4.367974050247092E-002
 -3.316196141032712E-002
 -5.706859714430212E-002
  5.112167556688663E-002
  2.226443499670649E-002
  0.105886475347336     
 -0.191756442022424     
  7.354581838939733E-002
 -0.114046627502031     
  5.217887779018016E-002
 -5.834946019999254E-002
 -3.392584311588820E-002
 -4.490573204837567E-002
 -3.946035160963479E-002
 -1.329103779876384E-002
  2.273823523692764E-002
 -0.100897292032531     
 -0.100586280106034     
 -1.349994930353660E-002
 -3.965363164647417E-002
 -4.502180294921487E-002
 -3.385374421291321E-002
 -5.835787108613921E-002
  5.232449476572221E-002
  2.179789033391755E-002
  0.105785902588649     
 -0.191913713167338     
  5.212728173656567E-002
 -5.579948284909619E-002
 -3.394819773913493E-002
 -4.514251804971359E-002
 -4.086875717789340E-002
 -1.488307922478693E-002
  3.417891524216565E-002
  3.460829695768419E-002
  3.466941462324491E-002
  3.639020607875554E-002
  3.436344970725913E-002
  3.373225723119500E-002
  4.475014828148038E-002
  4.041361206302796E-002
  4.311546738681515E-002
  3.517432395792841E-002
  3.561228882109246E-002
  4.344524447743503E-002
  4.033022572564848E-002
  4.474045841974950E-002
  3.418507639798862E-002
  3.458720862833342E-002
  3.467550712164158E-002
  3.638768637485379E-002
  3.372633248512547E-002
  3.441308079958116E-002
  4.480197453187018E-002
  4.040893593937567E-002
  4.310578296151801E-002
  3.516470968285224E-002
  3.428015851835320E-002
  4.263298177135277E-002
  4.017106081138311E-002
  4.471819264188304E-002
  3.570538778151189E-002
  3.431794855841563E-002
  3.404851479272342E-002
  3.416323068519911E-002
  3.387892212744148E-002
  3.597426828785455E-002
  4.469944201051745E-002
  4.016160133621871E-002
  4.267431488201712E-002
  3.453745147440634E-002
  3.568630102179549E-002
  4.345182850492968E-002
  4.032763337422995E-002
  4.474859280553323E-002
