 -4.376749414548264E-002
 -3.828407583394355E-002
 -4.535554824429600E-002
  1.976638212004289E-002
 -1.795126655653867E-002
 -0.231689222884089     
  6.484147787626204E-002
  1.362295912238931E-002
 -4.027087202036217E-002
 -4.581666463292411E-002
  7.690400178524559E-002
 -0.164333427530571     
  2.650866008302311E-002
 -5.158910406559869E-002
 -5.496703585608298E-002
 -5.492336668223530E-002
 -1.784567476078358E-002
 -5.527529577196599E-002
 -5.380920098432096E-002
 -4.400635470374503E-002
 -3.335325124564026E-002
  2.360820932748764E-002
 -0.101256138117590     
  3.285338545331529E-002
 -4.010729106837641E-002
 -3.139700670216161E-002
 -5.274083787002581E-002
 -4.382080649437370E-002
 -3.632436453194643E-002
 -4.218863961311481E-002
 -2.651885801132270E-002
 -7.309608585133187E-002
  6.943423246719060E-002
 -3.196905950370610E-002
 -2.840152195708523E-002
 -3.629540580738322E-002
 -2.823640954263062E-002
 -3.212097106909173E-002
 -4.232481169905711E-003
  1.292494682431355E-002
 -3.272166913495766E-002
 -3.282268898684748E-002
 -3.864368017716124E-002
 -3.432955977629337E-002
 -3.980785943244136E-002
 -3.219214200532416E-002
 -3.645399167851782E-002
  3.646236844928652E-002
  3.751392967405165E-002
  3.769131769395717E-002
  4.808563410883249E-002
  4.187593942052914E-002
  4.770409386991736E-002
  4.160753920595861E-002
  3.283833905982980E-002
  3.202675121175180E-002
  3.565189389472811E-002
  3.303343021147931E-002
  3.497296821534135E-002
  4.243607523820492E-002
  3.957485996461874E-002
  4.021434788408285E-002
  4.190679871204583E-002
  0.145443704116226     
  3.782999234834394E-002
  4.583893386267934E-002
  3.880643672823758E-002
  3.866864522851909E-002
  3.859746459111968E-002
  4.839379569200863E-002
  4.376884088903377E-002
  4.359341684165108E-002
  4.040409128252731E-002
  4.390521691010929E-002
  4.172952359092130E-002
  4.099579349560234E-002
  4.023883757866165E-002
  3.846607394535939E-002
  3.939078866051693E-002
  3.921366894575440E-002
  4.165784622573676E-002
  3.791171161325824E-002
