 -0.237944528799947     
  0.135686854187108     
 -1.079440341119042E-002
 -1.812306071448067E-002
 -1.703834479212940E-002
 -1.816615423540124E-002
 -1.907097667158020E-002
 -1.242822127383469E-002
  0.142526342366406     
 -0.235471433134349     
 -1.518839200900768E-002
 -4.034464737216936E-002
  1.254447847603535E-002
  4.586835204460016E-003
 -5.040648272080617E-003
 -2.343136782757416E-002
 -3.226471375135809E-002
  6.935998062343396E-002
 -9.368904555259316E-002
  3.528858419881553E-002
 -4.487696714123324E-002
 -3.982901300785269E-002
 -4.830903727009606E-002
 -3.630960526311711E-002
 -2.762163942017004E-002
 -2.838877824297370E-002
 -3.680720435729690E-002
 -4.834556222280284E-002
 -3.827622284106980E-002
 -4.258345949029430E-002
  3.541216353393128E-002
 -3.170835097831137E-002
 -2.636020670350536E-002
 -2.620629660008778E-002
 -1.888166663338975E-002
 -2.021205158131423E-002
  4.942360490343933E-002
  4.521329831599930E-002
  4.503867047303012E-002
  4.876293775623164E-002
  5.269797417489874E-002
  4.762180361084167E-002
  4.423772238533530E-002
  4.011634105495776E-002
  4.309419118049118E-002
  4.009789886355586E-002
  4.219641867940627E-002
  4.180570743959988E-002
  3.988453425898908E-002
  4.381425906849534E-002
  4.219975704463919E-002
  4.406727061750904E-002
  4.765068699780695E-002
  4.699016491592489E-002
  5.339351923979718E-002
