 -8.149643952957586E-002
  2.672937548742205E-004
 -5.545053782809184E-002
  5.443387908108877E-002
 -9.130649795491408E-002
  3.402012478468208E-002
 -4.389563182018019E-002
 -4.859113980875307E-002
 -2.496152231667992E-002
  2.735684930291793E-002
 -0.100333537605031     
 -0.102349226628458     
 -0.102264394965385     
 -4.680028320232488E-002
 -2.806454309012985E-002
 -2.801231242096769E-002
 -4.679079201124470E-002
 -2.493999538111691E-002
  2.736905445862359E-002
 -0.102313251140495     
 -0.100291729879377     
 -0.102297497146074     
 -4.862164357008147E-002
 -4.393743826596097E-002
  3.394506664099417E-002
 -5.545071649705680E-002
  8.734933665133227E-005
 -8.156839831090590E-002
 -9.724977031060700E-002
  0.106675928942439     
 -6.604379749874756E-002
 -1.911741399291067E-002
 -1.583865510944182E-002
 -1.585119481221575E-002
 -1.911938415587233E-002
 -6.602073899989147E-002
  0.106681176955516     
 -9.717883725021892E-002
  1.165039222104092E-004
 -8.156315971014116E-002
 -5.527969392547138E-002
  5.445384151201749E-002
 -9.145854220450200E-002
  3.393082782210488E-002
 -4.395697691817713E-002
 -4.863326045475791E-002
 -2.496804120856844E-002
  2.735867309362261E-002
 -0.102321395282132     
 -0.102301349814203     
 -0.100295020639507     
 -4.678705530758798E-002
 -2.803533461270824E-002
 -2.808779931186489E-002
 -4.679599787027477E-002
 -2.498775365450800E-002
  2.734613547003750E-002
 -0.102352547888875     
 -0.100325572310053     
 -0.102263954669772     
 -4.859544256392123E-002
 -4.388025171866161E-002
  3.398962884834633E-002
 -5.531219742507432E-002
  3.183120703340592E-004
 -8.151783605784768E-002
 -6.561100897383465E-002
 -1.889574350261025E-002
 -1.572816100767760E-002
 -1.572262878656883E-002
 -1.887403338934668E-002
 -6.560307962782552E-002
  3.755836953540292E-002
  4.423155530166156E-002
  4.394383865513973E-002
  3.949708367928950E-002
  4.223914114663796E-002
  4.423037630238180E-002
  3.549241855360563E-002
  3.298925241958706E-002
  3.541493021310749E-002
  3.502741741581195E-002
  3.365369510965377E-002
  3.136070398697244E-002
  3.497588605782964E-002
  3.129301496668979E-002
  3.373365001149597E-002
  4.371360909649935E-002
  4.369022808603451E-002
  3.366602300082344E-002
  3.503204717922959E-002
  3.139607190130245E-002
  3.300908917831824E-002
  3.551235453877344E-002
  3.539758978390117E-002
  3.124739937588317E-002
  3.494323037761993E-002
  3.374732157939275E-002
  4.420573912422199E-002
  4.224899196762355E-002
  3.949970396630476E-002
  3.761694205370703E-002
  4.387015116575377E-002
  4.422947320430404E-002
  4.384505860748178E-002
  4.383034542502973E-002
  4.381938898750970E-002
  4.383586122106398E-002
  3.763521821086635E-002
  4.421937851465008E-002
  4.387006044649278E-002
  3.948243155364894E-002
  4.220509898844471E-002
  4.420116145807396E-002
  3.367988541204225E-002
  3.495260197773187E-002
  3.132717298359766E-002
  3.374018218794494E-002
  3.502033276113259E-002
  3.131687183348597E-002
  3.547948037628790E-002
  3.543008755487165E-002
  3.300633272024123E-002
  4.369452050558120E-002
  4.371039669584598E-002
  3.507296243063796E-002
  3.365926792514506E-002
  3.140967714623466E-002
  3.537897620085839E-002
  3.552761857253306E-002
  3.300334535105387E-002
  3.374556019456210E-002
  3.124484164428987E-002
  3.491603615420702E-002
  4.421616914250781E-002
  4.217832533208377E-002
  3.946104849466636E-002
  4.422768495508800E-002
  4.396959575315962E-002
  3.756434597280756E-002
  4.381208875945308E-002
  4.389255805211978E-002
  4.389901164672216E-002
  4.381223325759698E-002
