 -3.551658051523088E-002
 -3.099975707212455E-002
 -3.082448938373084E-002
  5.789663241181930E-002
 -0.133099082556889     
  4.771586956162821E-002
 -6.021482598002592E-002
 -5.057026296704681E-002
 -5.258448229123847E-002
 -6.188869213378290E-002
  4.554178971925982E-002
 -0.130017037292522     
  5.798191883254500E-002
 -2.338016183543257E-002
 -1.933792965701819E-002
  2.233637940629318E-002
  6.669823178148304E-002
 -0.223120785718550     
 -1.062532727067733E-002
  1.352368899253120E-002
 -2.818521542902808E-002
 -3.556641749891742E-002
 -4.087863885200615E-002
 -4.431540037245352E-002
 -1.223423779466781E-002
 -3.290614246328261E-003
 -4.042582109542803E-002
 -4.095603345144205E-002
 -3.757425091360389E-002
 -4.917048868068541E-002
  4.746047910635820E-003
  1.004876030484558E-002
 -8.122559076793490E-002
  6.808381739403435E-002
 -2.981856944652428E-002
 -2.584617525345401E-002
 -3.249063402685337E-002
 -2.635493561876334E-002
 -2.702416122450924E-002
 -3.692404468604771E-002
 -2.709430850955918E-002
  4.516730364933741E-002
 -5.952827372756886E-002
 -5.044608727111566E-002
 -5.017333981142347E-002
 -6.031110304924869E-002
  4.652306334490364E-002
 -3.068601746999455E-002
 -3.093165369304174E-002
  3.982676792879558E-002
  4.242588884734144E-002
  3.931030432363058E-002
  4.223298553840327E-002
  4.246588271925755E-002
  4.176382116407673E-002
  4.147625014284584E-002
  4.517431931029026E-002
  5.143712751830520E-002
  4.401898514765734E-002
  4.045210927597209E-002
  3.903572814468703E-002
  4.148965471741362E-002
  4.436561422345453E-002
  4.006851029168668E-002
  4.031985672828353E-002
  4.173595520263373E-002
  4.181824589923644E-002
  4.496267890562100E-002
  4.185893481268799E-002
  4.506950468685633E-002
  4.242293287240051E-002
  4.760974190990253E-002
  4.369166374703737E-002
  4.298902203133859E-002
  4.304251663699987E-002
  4.255520481543940E-002
  4.190048098958610E-002
  3.937823750357827E-002
  4.246899822006878E-002
