 -3.850966248089627E-002
 -3.018262523634530E-002
 -3.626749805432983E-002
  6.118601971745985E-002
 -9.361028137684180E-002
  3.565754945863286E-002
 -4.448642105384781E-002
 -4.025395850833569E-002
 -4.895970916478110E-002
 -3.661155905550295E-002
 -2.735795253607876E-002
 -2.751568533781423E-002
 -4.180247846865370E-002
 -1.260838696987587E-002
 -1.260263529183181E-002
 -4.369452468446600E-002
 -4.299754228800268E-002
  3.432964238661018E-002
 -2.752840136358525E-002
 -4.186530335081695E-002
 -2.737009066469476E-002
 -3.661072705822832E-002
 -4.895582722113367E-002
 -4.025968301734562E-002
 -4.447935697582928E-002
  3.565496612598285E-002
 -9.363304487097679E-002
  6.118058105628155E-002
 -3.614361615508344E-002
 -3.007048757129382E-002
 -3.850776629888664E-002
 -3.018575853912697E-002
 -3.628465167994843E-002
 -4.375959489180925E-002
 -4.301265949482502E-002
  3.432030400997466E-002
 -3.616927545323101E-002
 -3.007560080816596E-002
  3.966585811222179E-002
  4.258401891974672E-002
  3.972519754300652E-002
  4.063368362037167E-002
  4.302860489499205E-002
  3.998634487640695E-002
  4.211088257898343E-002
  4.241521654377545E-002
  4.436368244567979E-002
  4.309172663011518E-002
  4.242921131908528E-002
  4.211630049052029E-002
  3.998733498064533E-002
  4.302600563387937E-002
  4.063104675813822E-002
  3.978642799087029E-002
  4.260969724674080E-002
  3.966629048425607E-002
  4.257973277547566E-002
  3.972350793727897E-002
  4.438474878616838E-002
  4.309911989812965E-002
  3.979343617054498E-002
  4.260562653058853E-002
