           2           1   1.72803273679321     
           3           2  0.809035844279653     
           4           3   1.41102698836436     
           5           4   1.42397318545408     
           6           5   1.42943811459912     
           7           6   1.43138822274189     
           8           3   1.41350867885942     
           8           7   1.42332132420292     
           9           2  0.808595255747292     
          10           9   1.41135950095096     
          11          10   1.42379411716045     
          12          11   1.42963806021229     
          13          12   1.43124553122967     
          14           9   1.41341160728163     
          14          13   1.42344199853806     
          15           2  0.809346751419983     
          16          15   1.40848085859496     
          17          16   1.43036036947164     
          18          17   1.38035550357384     
          19          18  0.970433433490267     
          20          19   1.31046533574061     
          21          20   1.21610305358718     
          22          21   1.59649690470911     
          23          22   1.26548820488124     
          24          23   1.59618676388163     
          25          20   1.17495361421509     
          25          24   1.21657638026240     
          26          25   1.30959087030660     
          27          26  0.974636506403140     
          28          27   1.37740588701467     
          29          28   1.44287505390399     
          30          29   1.38057214799967     
          31          30  0.971237086282303     
          32          31   1.05351721703053     
          33          32   1.37926366698328     
          34          33   1.42749888267092     
          35          34   1.40741477560547     
          36          35   1.43718558282675     
          37          32   1.23749149141519     
          37          36   1.35330563566550     
          38          37   1.10282655068763     
          39          38   1.36329679730489     
          40          39   1.43020410189010     
          41          40   1.41718499463468     
          42          41   1.41492385888478     
          43          31   1.09491585564291     
          43          38   1.23032543299698     
          43          42   1.36164128547003     
          44          30   1.38062579506651     
          45          27   1.37574272816343     
          45          44   1.44439084486230     
          46          26   1.30928340303056     
          47          46   1.21658429586982     
          48          47   1.59608155150700     
          49          48   1.26564412959661     
          50          49   1.59627987674077     
          51          19   1.31003555408386     
          51          46   1.17511314395782     
          51          50   1.21633200528768     
          52          18   1.37911538097450     
          53          15   1.40679386906013     
          53          52   1.43021867092026     
          54           4  0.944475062362344     
          55           5  0.943757482739559     
          56           6  0.944252616922553     
          57           7  0.943970881062796     
          58           8  0.945743900219995     
          59          10  0.944397033685584     
          60          11  0.943779080024833     
          61          12  0.944255836194294     
          62          13  0.943964890381661     
          63          14  0.945785911290497     
          64          16  0.943576983004564     
          65          17  0.942832429985558     
          66          21  0.940700378144017     
          67          22  0.945446838803939     
          68          23  0.945541400091591     
          69          24  0.940734655898802     
          70          28  0.943983713626063     
          71          29  0.944157471743535     
          72          33  0.940858048021238     
          73          34  0.944897870631604     
          74          35  0.947309782924979     
          75          39  0.942141126929473     
          76          40  0.945275370334036     
          77          41  0.947336080997883     
          78          44  0.943672896197039     
          79          45  0.943858564800665     
          80          47  0.940438947136122     
          81          48  0.945486659740084     
          82          49  0.945551373391399     
          83          50  0.940913229534535     
          84          52  0.942558711449365     
          85          53  0.942298776352712     
