 -9.988120777925769E-002
  2.686912732888747E-002
 -0.101463088638050     
 -0.101199601193271     
 -9.721263558663651E-003
 -3.818358507182307E-002
 -2.815415416232270E-002
  5.946255771058295E-002
 -8.508326774871033E-002
  5.866142396654395E-002
 -5.306869684330184E-002
 -3.932867395662054E-002
 -2.245367306165758E-002
  2.631431932060879E-002
 -0.102675846658571     
 -0.100488762011199     
 -0.102441940084594     
 -4.574909040040254E-002
 -7.877366575507416E-002
 -8.202386292268216E-003
 -7.880489702885107E-002
 -4.584176268935991E-002
 -2.249922726121145E-002
  2.631877205922795E-002
 -0.100470805044358     
 -0.102665142227449     
 -0.102415588654163     
 -3.935588144572222E-002
 -5.307067664691800E-002
  5.866419953766933E-002
 -8.509943499074257E-002
  5.945911602759946E-002
 -2.824027888611536E-002
 -3.896761478722777E-002
 -9.753410174566213E-003
  2.688941649756593E-002
 -9.987555170020457E-002
 -0.101379720378417     
 -0.101232420987680     
 -3.818631963521479E-002
 -2.822661687831918E-002
  6.391650395954329E-002
 -7.984322339763583E-002
  6.212878215422712E-002
 -0.120839682438585     
  5.541621822528064E-002
 -4.555965720479982E-002
 -3.484799093354951E-002
 -4.752420761710141E-002
 -3.411117317714663E-002
 -4.396907193472632E-002
  5.540655453777177E-002
 -4.404701827349378E-002
 -3.410590464279029E-002
 -4.753523277628968E-002
 -3.485058813048436E-002
 -4.550720237691142E-002
 -7.988549235410147E-002
  6.393113869245770E-002
 -0.106971092161016     
 -2.831045988679648E-002
 -3.894099987871069E-002
  3.568141132368563E-002
  3.549857939335288E-002
  3.371185159244894E-002
  3.583945516959619E-002
  3.418373241890882E-002
  3.198226968574669E-002
  3.186347242152920E-002
  3.516162237885656E-002
  3.358679827352484E-002
  4.419851096337302E-002
  4.171035179685256E-002
  4.111890738467017E-002
  4.417127954710687E-002
  3.124984570748912E-002
  3.454922771376689E-002
  3.402221462216282E-002
  3.652891258659197E-002
  3.648388005788283E-002
  3.232808667117559E-002
  3.122409419968986E-002
  3.419075353277390E-002
  3.440727741560379E-002
  4.909413035245991E-002
  4.910461324055748E-002
  3.646372789030206E-002
  3.654235184969357E-002
  3.232093573358896E-002
  3.464464737887873E-002
  3.132329328480477E-002
  3.402606438853728E-002
  3.421648643332253E-002
  3.433797726492094E-002
  3.112937602293708E-002
  4.418579511400866E-002
  4.110644897076676E-002
  4.169942671086757E-002
  4.509827798941257E-002
  3.371002396775680E-002
  3.567891414213453E-002
  3.549966090051593E-002
  3.199224508407694E-002
  3.578881278830759E-002
  3.419451705325793E-002
  3.185614110563784E-002
  3.358172087336064E-002
  3.519448695228578E-002
  4.416921619408720E-002
  4.169161594095727E-002
  4.148076646337229E-002
  3.759236176240643E-002
  4.124168553564711E-002
  3.800736494421963E-002
  4.146489974952638E-002
  3.884409865599014E-002
  3.885197038946986E-002
  4.146471552504172E-002
  3.801745386231170E-002
  4.124335899882781E-002
  3.757541182977386E-002
  4.145590555144207E-002
  4.169020591948747E-002
  4.509147812674352E-002
