 -0.102220232037165     
  2.754343528434822E-002
 -0.102102300952200     
 -0.100061600748678     
 -2.353055001183790E-002
 -4.806936377037285E-002
 -4.434725057148192E-002
  3.362053321987268E-002
 -2.627968123360258E-002
 -4.579448942761211E-002
 -2.687236105870383E-002
 -4.611038789110644E-002
 -2.335034675114223E-002
  2.753849275562859E-002
 -0.100293755730193     
 -0.102189615000864     
 -0.101970478447105     
 -4.700271651700039E-002
 -4.291182250239878E-002
  3.395609904687147E-002
 -9.161683979889190E-002
  6.359472296205482E-002
 -3.258792968052315E-002
 -2.753075034581975E-002
 -1.411514376211898E-003
  1.023812733806784E-002
 -3.468017627327225E-002
 -3.482096148854374E-002
  1.018258689641627E-002
 -1.237815280529020E-003
 -3.453971191909044E-002
 -3.437747362959165E-002
  6.358754772010755E-002
 -9.195190154523747E-002
  3.354303496880418E-002
 -4.435862982993566E-002
 -4.805559919931568E-002
 -2.360333282333560E-002
  2.751383366730442E-002
 -0.102252631290817     
 -0.100086989512268     
 -0.102094744616117     
 -4.580112759690458E-002
 -2.635719381313972E-002
 -2.692025634198369E-002
 -4.612210825953689E-002
 -2.342529495154988E-002
  2.753574209683451E-002
 -0.100289950918026     
 -0.102010812477423     
 -0.102170499058208     
 -4.698049704515128E-002
 -4.296660006598252E-002
  3.395070935499866E-002
 -3.215790591190615E-002
 -2.761749272280145E-002
  2.123025650916999E-002
 -0.208148114432516     
  0.265844209020314     
 -0.208276285478410     
  2.122535176978779E-002
 -3.442827431265005E-002
 -3.462902565302972E-002
  3.368952382891666E-002
  3.138416194480242E-002
  3.475635984339820E-002
  3.147824152958800E-002
  3.499273012872295E-002
  3.381457883614691E-002
  3.552622987256038E-002
  3.552404369325679E-002
  3.308119334558668E-002
  4.432688779612748E-002
  4.197273562161996E-002
  4.409150712051024E-002
  4.384308312629914E-002
  3.536775880871179E-002
  3.541709615406030E-002
  3.307175401288109E-002
  3.523803930292468E-002
  3.138355011754024E-002
  3.358980891820185E-002
  3.365583273956840E-002
  3.520544645776524E-002
  3.132636468245442E-002
  4.480183877155952E-002
  4.331704752204268E-002
  4.330519630856855E-002
  4.747898236400194E-002
  5.054461900362106E-002
  5.065997237035502E-002
  4.307676437061203E-002
  4.254094402230590E-002
  4.187193170562487E-002
  4.432626844919563E-002
  3.488458866078281E-002
  3.148910130855731E-002
  3.365676486437952E-002
  3.560115155067245E-002
  3.545284522033454E-002
  3.307228654403516E-002
  3.486796073413878E-002
  3.137878999345600E-002
  3.381034258154170E-002
  4.409095743670155E-002
  4.382737738648768E-002
  3.540174427369258E-002
  3.538897425205512E-002
  3.306944078413865E-002
  3.363808239202803E-002
  3.138829340547433E-002
  3.528443122750802E-002
  3.131110149388316E-002
  3.360268812370282E-002
  3.515439512730745E-002
  4.479760487181905E-002
  4.318023340854427E-002
  4.325231796195228E-002
  4.768551073221028E-002
  4.295052221396412E-002
  4.261271137061695E-002
