 -2.758782032097340E-002
 -1.050844547606822E-002
 -1.857099943755980E-002
  6.922732294639111E-002
  7.942717592905035E-002
 -0.187687489098773     
  4.296448408835341E-002
 -2.003493396294243E-002
 -2.483821785210338E-002
  6.236798594434045E-002
 -0.126165629734934     
  4.647042181571415E-002
 -5.518106519035371E-002
 -4.376833541572456E-002
 -4.839547397430533E-002
 -4.657969896564751E-002
  7.460637724350638E-002
 -0.138944122989592     
  7.392235464539310E-002
 -4.684886299579549E-002
 -4.841173115553055E-002
 -4.312930812835791E-002
 -5.409037458866095E-002
  4.730171340533840E-002
 -2.531673420095526E-002
  4.810716219050626E-002
 -0.184365998974877     
  7.963495245512275E-002
  7.005169298023084E-002
 -1.823621929564467E-002
 -1.025842339430572E-002
 -2.759216189509761E-002
  2.631031921336602E-002
 -0.190621380757782     
 -0.190564176566935     
  2.626625364019963E-002
  4.060820160328937E-002
  4.151782013112415E-002
  4.479912061149594E-002
  5.050420937479971E-002
  4.871919672635994E-002
  4.357310578691675E-002
  4.378021666700438E-002
  4.265321465000593E-002
  4.090666425903977E-002
  4.064261269751523E-002
  4.255364337066025E-002
  4.403013302501635E-002
  4.450622150442574E-002
  4.521104300106593E-002
  4.500072916134579E-002
  4.159606308769914E-002
  4.059463552773535E-002
  4.991037529528675E-002
  4.993218139461075E-002
