           2           1   1.00735291280724     
           3           2  0.993793868011942     
           4           3  0.987912346330393     
           5           4  0.990892696568492     
           6           5  0.988905406986637     
           7           6  0.944391829365063     
           8           7   1.04459294185607     
           9           8   1.79209887220716     
          10           8  0.959693915438274     
          11          10   1.03673614688814     
          12          11   1.34028182014202     
          13          12   1.46877120003293     
          14          13   1.35450369527742     
          15          14   1.00993469554142     
          16          15   1.36507891497318     
          17          16   1.45194328546291     
          18          17   1.37600422352992     
          19          18  0.978329628149972     
          20          19   1.05586551617725     
          21          20   1.36958747745262     
          22          21   1.45177610267114     
          23          22   1.39438479834127     
          24          23   1.46017629839886     
          25          20   1.26455845402719     
          25          24   1.35382931233936     
          26          25   1.08791251077621     
          27          26   1.35359517006196     
          28          27   1.46039510210932     
          29          28   1.39421176582482     
          30          29   1.45197246163934     
          31          19   1.05556379096716     
          31          26   1.26487169547029     
          31          30   1.36944672845607     
          32          18   1.37691494680339     
          33          15   1.36623417790321     
          33          32   1.45091077545456     
          34          14   1.36339565624974     
          35          11   1.35080244196270     
          35          34   1.45950985667394     
          36          10   1.61836945630324     
          37          36   1.03743496954732     
          38          37   1.33905661640308     
          39          38   1.46943375473397     
          40          39   1.35367841247377     
          41          40   1.01104578701819     
          42          41   1.36443706231018     
          43          42   1.45255684184197     
          44          43   1.37542054496934     
          45          44  0.979290830840345     
          46          45   1.05555479393547     
          47          46   1.36969536331474     
          48          47   1.45168310148809     
          49          48   1.39447872318828     
          50          49   1.46011391212700     
          51          46   1.26471187562793     
          51          50   1.35387333819859     
          52          51   1.08778145857821     
          53          52   1.35375774268631     
          54          53   1.46023511588690     
          55          54   1.39438296703598     
          56          55   1.45179710183572     
          57          45   1.05543537316976     
          57          52   1.26486648244278     
          57          56   1.36962089060816     
          58          44   1.37604867735571     
          59          41   1.36535909558769     
          59          58   1.45174809264383     
          60          40   1.36282495637977     
          61          37   1.35055202493335     
          61          60   1.45976150823740     
          62           7   1.04188926762865     
          62          36  0.960683418878280     
          63          62   1.79299521849742     
          64           1  0.984661906413669     
          65           1  0.979331624475190     
          66           1  0.982947935470900     
          67           2  0.971251771219543     
          68           2  0.966490127237574     
          69           3  0.966949449012070     
          70           3  0.965071091979131     
          71           4  0.966261867016243     
          72           4  0.965440010802721     
          73           5  0.966159739783971     
          74           5  0.958153988540776     
          75           6  0.966669163650940     
          76           6  0.965173739524231     
          77          12  0.944115386110348     
          78          13  0.944278007578249     
          79          16  0.943591297260479     
          80          17  0.944609438011301     
          81          21  0.943704052786186     
          82          22  0.944785283379610     
          83          23  0.945084727058524     
          84          24  0.944705671035957     
          85          27  0.944718612724374     
          86          28  0.945081035093950     
          87          29  0.944755880603900     
          88          30  0.943663576436104     
          89          32  0.944689856324485     
          90          33  0.943855454773844     
          91          34  0.944518402578468     
          92          35  0.943532598254778     
          93          38  0.943358622540064     
          94          39  0.944236829197860     
          95          42  0.943582668652109     
          96          43  0.944621607179720     
          97          47  0.943667056840670     
          98          48  0.944783648840058     
          99          49  0.945083703164329     
         100          50  0.944710981048232     
         101          53  0.944719352486275     
         102          54  0.945081879836481     
         103          55  0.944762735479790     
         104          56  0.943672098592797     
         105          58  0.944690380111568     
         106          59  0.943822556793371     
         107          60  0.944522428626124     
         108          61  0.943197621681255     
