           2           1  0.966132320386562     
           3           2  0.966060369435947     
           4           2  0.976574020108190     
           5           2  0.935951785096762     
           6           5   1.34447356466796     
           7           6   1.47822021273186     
           8           7   1.34778644613133     
           9           8   1.32251745508576     
          10           5   1.43586261603786     
          10           9   1.35509044316792     
          11           9  0.969320338159685     
          12          11  0.969307861069296     
          13          12   1.35505839943719     
          14          13   1.43589196321768     
          15          14  0.935960763602591     
          16          15  0.966206991629063     
          17          15  0.965975757374046     
          18          15  0.976577387832692     
          19          14   1.34443632735315     
          20          19   1.47826446570124     
          21          12   1.32254901771972     
          21          20   1.34774786331892     
          22          21   1.03858736367561     
          23          22   1.05513774870684     
          24          23   1.37729480754380     
          25          24   1.39117424368603     
          26          25  0.951886842188322     
          27          26   1.02737929127559     
          28          27   1.35561824501893     
          29          28   1.45032678396049     
          30          29   1.41554848524132     
          31          30   1.43172520197503     
          32          27   1.33247625260079     
          32          31   1.40451983697460     
          33          32  0.927032745266384     
          34          33  0.925626404368028     
          35          34   1.40436727864528     
          36          35   1.43178592800165     
          37          36   1.41551904810192     
          38          37   1.45036702769628     
          39          26   1.02720974764707     
          39          34   1.33263573929555     
          39          38   1.35555007231366     
          40          33  0.926403609539072     
          41          40   1.40496853342105     
          42          41   1.43132720232431     
          43          42   1.41582437910724     
          44          43   1.45011831707722     
          45          40   1.33195349891625     
          45          44   1.35568812904711     
          46          45   1.02803795384859     
          47          46  0.949489548952131     
          48          47   1.39260141915871     
          49          48   1.37663104798642     
          50          49   1.29619459619678     
          51          50   1.29618635742835     
          52          47   1.39206643861652     
          52          51   1.37668061521535     
          53          51   1.05541632267377     
          54          53   1.03861773610892     
          55          54   1.34761687290959     
          56          55   1.47839020039386     
          57          56   1.34432711536316     
          58          57  0.935943363841296     
          59          58  0.966193929932430     
          60          58  0.966001867918886     
          61          58  0.976570477403519     
          62          57   1.43602471477496     
          63          54   1.32257300756003     
          63          62   1.35492103076417     
          64          50   1.02023075747412     
          64          63  0.969289716677040     
          65          64  0.969301516483535     
          66          65   1.35486031469612     
          67          66   1.43608385401970     
          68          67  0.935957120976501     
          69          68  0.966120410233318     
          70          68  0.976577335703503     
          71          68  0.966061127727329     
          72          67   1.34425115532365     
          73          72   1.47848474536418     
          74          65   1.32259526263578     
          74          73   1.34752410603587     
          75          49   1.05550573815505     
          75          74   1.03870447013351     
          76          46   1.02803411481468     
          77          76   1.35552639595257     
          78          77   1.45026283513824     
          79          78   1.41571399058330     
          80          79   1.43143970125688     
          81          33  0.925908417321235     
          81          76   1.33216502357984     
          81          80   1.40478241923503     
          82          25   1.39135439953143     
          83          82   1.37724602853071     
          84          11   1.02061950675527     
          84          23   1.29590616150591     
          84          83   1.29598050926870     
          85           8   1.03856154244549     
          85          83   1.05512559972769     
          86           1  0.978216311720816     
          87           1  0.976256993334430     
          88           1  0.977874007368956     
          89           3  0.976248374711912     
          90           3  0.978192735092841     
          91           3  0.977862092890481     
          92           4  0.978252092502081     
          93           4  0.977380535160676     
          94           4  0.977369455901880     
          95           6  0.941878205345886     
          96           7  0.943541534482267     
          97          10  0.936019031657289     
          98          13  0.936027388938870     
          99          16  0.978227968831724     
         100          16  0.976220612803575     
         101          16  0.977876833086675     
         102          17  0.976273422285116     
         103          17  0.978176484617483     
         104          17  0.977858239220989     
         105          18  0.977419167160834     
         106          18  0.977329810807564     
         107          18  0.978260525906006     
         108          19  0.941861940085419     
         109          20  0.943540326292155     
         110          24  0.944446676643175     
         111          28  0.941331448326469     
         112          29  0.943886855241731     
         113          30  0.944605533228157     
         114          31  0.943758413027705     
         115          35  0.943701604475893     
         116          36  0.944599828946687     
         117          37  0.943883536972808     
         118          38  0.941307188853300     
         119          41  0.943763838162974     
         120          42  0.944625033984288     
         121          43  0.943895507677089     
         122          44  0.941451420872378     
         123          48  0.944512925402363     
         124          52  0.944510922598428     
         125          55  0.943539434040377     
         126          56  0.941857746424452     
         127          59  0.978226947041609     
         128          59  0.976224001129383     
         129          59  0.977872288379345     
         130          60  0.978179181053529     
         131          60  0.976276919991435     
         132          60  0.977861209193983     
         133          61  0.978253548568951     
         134          61  0.977334126078880     
         135          61  0.977410500009681     
         136          62  0.935787120854193     
         137          66  0.935800769241606     
         138          69  0.978215509048357     
         139          69  0.976242747540164     
         140          69  0.977871536648067     
         141          70  0.978254871271921     
         142          70  0.977384258551184     
         143          70  0.977363443998999     
         144          71  0.976248261342768     
         145          71  0.977863687853484     
         146          71  0.978190254180476     
         147          72  0.941847607432289     
         148          73  0.943534760488987     
         149          77  0.941557509249306     
         150          78  0.943903797971327     
         151          79  0.944629082452438     
         152          80  0.943745538647873     
         153          82  0.944462776584262     
