  1.801718633734328E-002
 -0.127112696100212     
  9.324524671073497E-002
 -8.736912476667502E-002
  0.214934545214516     
 -0.341804820790482     
 -0.107303891273040     
  9.171612846631350E-002
 -4.696942196983489E-002
  4.529871586590728E-002
 -2.768436828861631E-002
 -3.570683637325001E-002
 -1.460597130809216E-002
 -2.647761635309109E-002
 -3.555070834763985E-002
 -4.614816117905374E-002
 -3.750115566582313E-002
 -4.142335234785222E-002
  3.680547547241897E-002
 -8.889148781443001E-002
  6.015853558590889E-002
 -3.340770574622010E-002
 -2.739821365643014E-002
 -3.504738628519544E-002
 -2.846675651718478E-002
 -3.407927892761276E-002
  4.690885258512012E-002
  4.699095238134676E-002
  4.686002482125529E-002
  4.599089549650215E-002
  4.558902379537844E-002
  5.409336800703590E-002
  4.244457932395984E-002
  4.102124257317585E-002
  4.400752710881128E-002
  4.152334192820839E-002
  3.993607203594074E-002
  4.389727691475442E-002
  4.057939684649559E-002
  4.327206465244315E-002
  3.965850158721151E-002
