 -0.385851821362775     
  0.360680713793349     
 -4.353790561627591E-002
 -2.936064850038544E-002
 -2.438881487316813E-002
 -2.137598226465798E-002
 -1.952822280973798E-002
 -3.499163648789949E-002
 -4.982187473536825E-002
 -3.900880030547604E-002
 -2.978910341539276E-002
 -3.175489748103821E-002
 -2.719108603261589E-002
 -2.750493951306598E-002
 -5.622044133889847E-002
 -3.933650312788917E-002
 -3.603037604610559E-002
 -3.147792934597771E-002
 -1.855551902238606E-002
  6.811672728912033E-002
 -8.911767989855690E-002
  6.811364964507716E-002
 -5.622664608001848E-002
  0.360676998340844     
 -0.385879278216160     
 -4.982153141684709E-002
 -2.751082916313496E-002
 -2.719867446464441E-002
 -3.175686241054354E-002
 -2.978969275511645E-002
 -3.901105159592611E-002
 -4.353402453293054E-002
 -3.502311141260961E-002
 -1.953400491996415E-002
 -2.132710281397809E-002
 -2.435535152813806E-002
 -2.932360385876898E-002
 -3.933094244924895E-002
 -3.602567158691361E-002
 -3.148131127996834E-002
 -1.855785522798303E-002
  4.591460024969052E-002
  3.982213700239601E-002
  4.175589085544107E-002
  4.202998914872424E-002
  3.845739461918685E-002
  4.080509072122018E-002
  4.104315463038877E-002
  4.084377597611144E-002
  4.147583919679676E-002
  4.840039927473949E-002
  4.814473494385296E-002
  4.530305841376780E-002
  4.747397637633854E-002
  4.839976236284205E-002
  4.147368808454510E-002
  4.084400572911229E-002
  4.104512824856588E-002
  4.082055574621923E-002
  3.845146698793489E-002
  4.201579495033259E-002
  4.175819109755818E-002
  3.982861318253805E-002
  4.592309056327393E-002
  4.814301264167431E-002
  4.530088710276059E-002
  4.746940071610428E-002
