 -0.314872922647404     
  0.219855883005865     
 -0.154268579861513     
 -7.979587418422973E-003
 -2.202376295458830E-002
 -3.509164436918244E-002
  1.624274476819121E-003
 -5.213429844521045E-002
  1.898407872223951E-002
 -5.668166056524093E-003
 -3.403795711645774E-002
 -2.219347562425167E-002
 -7.739488817883888E-003
  0.220670011784623     
 -0.314391803952975     
 -0.153278065915957     
 -3.234230573345975E-002
 -3.355401936557900E-002
 -3.748408398736025E-003
 -3.241675636138552E-002
 -2.068740541169412E-002
 -6.700594299036133E-003
  0.220940659252696     
 -0.313734638372033     
 -0.153454025736974     
 -3.139918435532252E-002
 -3.679663266350541E-002
 -3.032650430186301E-003
 -3.502233308516267E-002
 -2.106725880236215E-002
 -6.988703321204603E-003
  0.221011420697439     
 -0.314587350366538     
 -0.152829935961662     
 -2.991450194873746E-002
 -3.326459254903025E-002
 -3.472159341931480E-002
 -3.195901842086357E-002
  0.183697954811111     
  4.921809587040049E-002
  4.109994618725932E-002
  5.092346909118106E-002
  4.608887106066950E-002
  4.218939047368819E-002
  4.931479111236448E-002
  0.184024466761740     
  4.573000660391358E-002
  4.506415423563381E-002
  4.260035568999776E-002
  4.956926058904187E-002
  0.184016503868257     
  4.539863399277211E-002
  4.336143563303563E-002
  4.250440016021528E-002
  4.959189919354978E-002
  0.183983699253344     
  4.568446807131610E-002
  4.083913073603507E-002
  3.881930585459692E-002
  4.509509499335673E-002
