 -9.168210563324131E-002
  7.993749757155699E-002
 -8.459004033444728E-002
 -0.195978555611561     
  0.106774603845651     
 -4.750750863485997E-002
 -2.604696828507169E-002
 -3.076250263458213E-002
  5.870475323244140E-003
 -1.010185841116851E-002
 -1.082048460191487E-002
  6.806201576168291E-004
 -3.809063920691358E-002
 -3.326743861557979E-002
 -3.658853858703903E-002
 -3.456286345058679E-002
 -3.993369358669785E-002
  1.871113054955131E-003
 -3.940794766375699E-002
 -3.452627952736265E-002
 -3.715756686117810E-002
 -3.431372641374075E-002
 -3.829264527691745E-002
  8.391768315307857E-004
 -3.931122234298279E-002
 -3.422846990598938E-002
 -3.703783185439757E-002
 -3.454840692406425E-002
 -3.848157011812070E-002
 -3.189624765636889E-002
 -2.621306751911412E-002
 -0.196340094844766     
  7.986730066416925E-002
 -9.169444787458847E-002
 -8.460744007830012E-002
  3.690181975884099E-002
  3.572721126722023E-002
  3.926652288793731E-002
  3.969640127902929E-002
  3.752328413609352E-002
  4.101112353393588E-002
  4.238778486310280E-002
  4.260674263169961E-002
  3.887604442492987E-002
  3.911877795693408E-002
  3.790359883987582E-002
  3.835448511216399E-002
  3.713324279131636E-002
  3.733510056311262E-002
  3.844593861858014E-002
  3.781725323545537E-002
  3.864645856439164E-002
  3.864341188465259E-002
  3.762693516892379E-002
  3.861728518548335E-002
  3.778283110143721E-002
  3.859171006784567E-002
  3.850222869238773E-002
  4.130199582108240E-002
  4.223673891648172E-002
  3.572961809132047E-002
  3.928743126063605E-002
  3.688480389385596E-002
  3.969564475705456E-002
  4.097758887083824E-002
  3.751936082996810E-002
