           2           1   1.42307859726004     
           3           2   1.44567252289016     
           4           3   1.36538059234365     
           5           4   1.01703650571402     
           6           5   1.49218225018597     
           7           6   1.25278834491919     
           8           7   1.21550053647059     
           9           8   1.00638678818657     
          10           9   1.36483634732775     
          11          10   1.45198569423517     
          12          11   1.37538866466730     
          13          12  0.976507745323251     
          14          13   1.05786405440060     
          15          14   1.36881598492004     
          16          15   1.45247969336832     
          17          16   1.39381039562237     
          18          17   1.46042477949481     
          19          14   1.26380876575983     
          19          18   1.35372933299269     
          20          19   1.08841903077631     
          21          20   1.35334025543567     
          22          21   1.46073367014810     
          23          22   1.39354713777447     
          24          23   1.45276544731389     
          25          13   1.05701045604165     
          25          20   1.26441325503729     
          25          24   1.36856757148467     
          26          12   1.37787516790850     
          27           9   1.36563520344576     
          27          26   1.44955749764418     
          28           8   1.46395319596270     
          29          28   1.34344145934260     
          30          29   1.46391628777810     
          31          30   1.00642107802570     
          32          31   1.36489094818166     
          33          32   1.45196279238922     
          34          33   1.37532909991400     
          35          34  0.976784004144650     
          36          35   1.05691666895900     
          37          36   1.36860198501415     
          38          37   1.45272988352212     
          39          38   1.39357174179239     
          40          39   1.46072285356212     
          41          36   1.26445114208761     
          41          40   1.35334688972506     
          42          41   1.08840342935494     
          43          42   1.35372440949471     
          44          43   1.46042166091999     
          45          44   1.39382431982999     
          46          45   1.45246228416400     
          47          35   1.05777594810331     
          47          42   1.26386890817040     
          47          46   1.36882328062402     
          48          34   1.37768041459057     
          49          31   1.36550811694260     
          49          48   1.44968299380885     
          50           7   1.20277671084761     
          50          30   1.21550267173794     
          51          50   1.25279266973455     
          52           5   1.16567192085450     
          52          51   1.49204241973433     
          53          52   1.01729700247711     
          54          53   1.36360938922498     
          55          54   1.44538650754823     
          56          55   1.42362926351208     
          57          56   1.42306167555170     
          58          53   1.36529437806120     
          58          57   1.44571129014085     
          59           4   1.36370540054343     
          60           1   1.42366285243645     
          60          59   1.44534536108727     
          61           1  0.947344332434286     
          62           2  0.946250094912058     
          63           3  0.945384435716997     
          64          10  0.941434829493030     
          65          11  0.944553832404521     
          66          15  0.943763488766696     
          67          16  0.944811138173944     
          68          17  0.945139995216785     
          69          18  0.944731613440965     
          70          21  0.944739908291270     
          71          22  0.945142249029257     
          72          23  0.944840457605086     
          73          24  0.943349020857536     
          74          26  0.944538003298188     
          75          27  0.943824225501567     
          76          28  0.942665464085734     
          77          29  0.942663824022258     
          78          32  0.941449525292431     
          79          33  0.944538341798589     
          80          37  0.943329565028354     
          81          38  0.944838169587253     
          82          39  0.945139336297139     
          83          40  0.944738523708041     
          84          43  0.944731189638129     
          85          44  0.945137774469117     
          86          45  0.944808486339556     
          87          46  0.943734286916488     
          88          48  0.944509226038014     
          89          49  0.943817471883867     
          90          54  0.946371637951970     
          91          55  0.946143509516438     
          92          56  0.947343765080251     
          93          57  0.946251263469497     
          94          58  0.945350899458715     
          95          59  0.946377527052484     
          96          60  0.946141839444061     
