 -0.266582655617861     
  0.127556856423382     
 -2.186909628599309E-002
 -2.562018638491104E-002
 -3.161919416907377E-002
 -2.699345379627438E-002
 -3.680906316061883E-002
  3.129708151089261E-003
  6.675693572395414E-002
 -1.380984081489345E-004
 -3.621582622902420E-002
 -3.275875657691074E-002
  2.865458242379049E-003
 -1.487061724024485E-002
 -3.968908959862283E-002
 -4.098744359215001E-002
  3.674369517117482E-002
 -2.778762588683747E-002
 -4.160438406387001E-002
 -2.767179026952071E-002
 -3.706597802732770E-002
 -4.885414979749747E-002
 -4.000946205871170E-002
 -4.386831069269981E-002
  3.597727311662391E-002
 -9.225430108868693E-002
  6.106922168150275E-002
 -3.517838295326214E-002
 -2.945359917069990E-002
 -3.814677246740938E-002
 -3.030576707529509E-002
 -3.632163612477601E-002
 -3.304005151601608E-002
 -2.123515034722701E-002
  5.060839397764294E-002
  4.191562025456474E-002
  4.562031617316065E-002
  4.108003307380093E-002
  4.336988254378449E-002
  4.656465830765077E-002
  4.659926150133520E-002
  4.383185875566931E-002
  4.180462203928748E-002
  4.174075670592914E-002
  3.992776001842135E-002
  4.307510185952501E-002
  4.082041202798703E-002
  4.035123261053031E-002
  4.298278945226441E-002
  3.968670817577324E-002
  4.248009670989306E-002
  3.950834911121881E-002
  5.088384079104380E-002
