           2           1   1.42411100734399     
           3           2   1.44374184455126     
           4           3   1.37119983237519     
           5           4  0.996958588265344     
           6           5  0.995364161562499     
           7           6   1.37185278391653     
           8           7   1.44341402049428     
           9           8   1.42434041813050     
          10           9   1.42446739417243     
          11           6   1.37221881237116     
          11          10   1.44325648422261     
          12           5   1.00384641471463     
          13          12   1.36250866394906     
          14          13   1.45765003483449     
          15          14   1.36391094610530     
          16          15   1.00648306575723     
          17          16   1.36497058098515     
          18          17   1.43238275262775     
          19          18   1.44089694543179     
          20          19   1.35156648043187     
          21          20   1.02576692897750     
          22          21   1.55605522476581     
          23          22   1.17326790883308     
          24          23   1.13260017911780     
          25          24   1.30896588051812     
          26          25   1.49952195386554     
          27          26   1.35784040605964     
          28          27   1.49607438000102     
          29          24   1.26577714314149     
          29          28   1.31892775801393     
          30          29   1.10853084012365     
          31          30   1.32560921824145     
          32          31   1.49072176778650     
          33          32   1.36003489525126     
          34          33   1.49778702826106     
          35          30   1.24885270952141     
          35          34   1.30452240474279     
          36          23   1.38473996724792     
          36          35   1.15366840279868     
          37          21   1.11638523492361     
          37          36   1.08392910426014     
          38          37  0.952349281387066     
          39          38   1.39164627198741     
          40          39   1.43231312215464     
          41          40   1.42911831452921     
          42          41   1.42607028939654     
          43          38   1.38117230119872     
          43          42   1.43628581755413     
          44          16   1.38135442303127     
          44          20   1.37465355796981     
          45          15   1.36232777686987     
          46          12   1.36196577393126     
          46          45   1.45848398903419     
          47           4   1.37162975631974     
          48           1   1.42434382651383     
          48          47   1.44353216776835     
          49           1  0.946599575531390     
          50           2  0.945309647967613     
          51           3  0.946182075612496     
          52           7  0.946205421003977     
          53           8  0.945259832351410     
          54           9  0.946576814674707     
          55          10  0.945300102970027     
          56          11  0.946256118483526     
          57          13  0.944227625963083     
          58          14  0.943847784035922     
          59          17  0.945566802596526     
          60          18  0.943601831929691     
          61          19  0.945698498030540     
          62          25  0.944883293956858     
          63          26  0.945397346794248     
          64          27  0.945726019033839     
          65          28  0.942149261308504     
          66          31  0.941116215314968     
          67          32  0.945438839875529     
          68          33  0.945150317062810     
          69          34  0.938293359307394     
          70          39  0.946899373353055     
          71          40  0.944858004605268     
          72          41  0.945945441449744     
          73          42  0.944737940173081     
          74          43  0.946973924323273     
          75          44  0.941690667559979     
          76          45  0.940633333045995     
          77          46  0.944286921722598     
          78          47  0.946188590807254     
          79          48  0.945290840331748     
