 -6.263400206550251E-002
  0.100808708781335     
 -5.810624906042783E-002
  5.282151796601475E-002
 -0.227319825632583     
  0.116262715619512     
 -0.101492830290535     
  5.313567361890970E-002
 -3.275760890916768E-002
 -3.945995993752849E-002
 -3.994802589266300E-002
 -4.192429471529024E-002
  7.527245699100416E-002
 -0.138915189251136     
  7.978560610138441E-002
 -3.968660804579560E-002
 -3.857068844517819E-002
 -3.939619857437737E-002
 -3.761038392732896E-002
  4.574992474604223E-002
 -4.216549799579994E-002
 -4.598856713814214E-003
 -3.032581999465922E-002
  0.218028040445382     
 -0.322876381609497     
 -0.101761168287257     
  5.056273488953378E-002
  5.046563599785259E-002
  4.793580625972216E-002
  5.134103291423597E-002
  5.041158783702071E-002
  4.436066412277540E-002
  4.355531709385441E-002
  4.113179504861619E-002
  4.288543096060304E-002
  4.476261443571128E-002
  4.560083696534745E-002
  4.584712919434941E-002
  4.523160804308368E-002
  5.359275131622898E-002
