           2           1   1.42302436714832     
           3           2   1.44535071788430     
           4           3   1.36120955872744     
           5           4   1.02221458370499     
           6           5   1.58561793882045     
           7           6   1.13544958753694     
           8           7   1.34234295544563     
           9           8   1.47295953594403     
          10           9   1.38643207176027     
          11          10   1.45678070554912     
          12           7   1.25343474956450     
          12          11   1.36780053297731     
          13           5   1.10405779569337     
          13          12   1.05950589356321     
          14          13  0.961710836908173     
          15          14   1.38142068369991     
          16          15   1.44368118554158     
          17          16   1.37744982631655     
          18          17  0.969648607677310     
          19          18   1.31169226556951     
          20          19   1.21578942811718     
          21          20   1.59696686064257     
          22          21   1.26495979562985     
          23          22   1.59696050959682     
          24          19   1.17435520526653     
          24          23   1.21579865003623     
          25          24   1.31166684238994     
          26          25  0.969702121005800     
          27          26   1.37748161932990     
          28          27   1.44364669112251     
          29          28   1.38144425684836     
          30          29  0.961715581465246     
          31          30   1.10407782564301     
          32          31   1.02208081619859     
          33          32   1.36131158700400     
          34          33   1.44529089796789     
          35          34   1.42306791641886     
          36          35   1.42386276235799     
          37          32   1.36472071386340     
          37          36   1.44445224450590     
          38          31   1.58572241741714     
          39          38   1.13540380161487     
          40          39   1.34235354658687     
          41          40   1.47295618014805     
          42          41   1.38643656801468     
          43          42   1.45678504514921     
          44          30   1.05951391757797     
          44          39   1.25345148091663     
          44          43   1.36779270384208     
          45          29   1.38540577561869     
          46          26   1.38121970130423     
          46          45   1.43957443146225     
          47          25   1.31123614872049     
          48          47   1.21603734458774     
          49          48   1.59673380617616     
          50          49   1.26516631467656     
          51          50   1.59673800076968     
          52          18   1.31125082079557     
          52          47   1.17468654220613     
          52          51   1.21603182824435     
          53          17   1.38129890098949     
          54          14   1.38543350922685     
          54          53   1.43952647460269     
          55           4   1.36470311075157     
          56           1   1.42387295459603     
          56          55   1.44444585456291     
          57           1  0.946927880580906     
          58           2  0.945624442142283     
          59           3  0.946610966695704     
          60           8  0.944702873449881     
          61           9  0.944847320942722     
          62          10  0.944459023368632     
          63          11  0.943341824774517     
          64          15  0.944285816788615     
          65          16  0.943839717179317     
          66          20  0.941117131964430     
          67          21  0.945438476244926     
          68          22  0.945438322114232     
          69          23  0.941115188906511     
          70          27  0.943837897319880     
          71          28  0.944286200611298     
          72          33  0.946616281474156     
          73          34  0.945625853294319     
          74          35  0.946927729670257     
          75          36  0.946049334625356     
          76          37  0.945226952539404     
          77          40  0.944703521602475     
          78          41  0.944846189165614     
          79          42  0.944458113892282     
          80          43  0.943346803182458     
          81          45  0.944697420939696     
          82          46  0.943887874801575     
          83          48  0.941037623220419     
          84          49  0.945503309359218     
          85          50  0.945502975695115     
          86          51  0.941043031256609     
          87          53  0.943888514620344     
          88          54  0.944698081006197     
          89          55  0.945219861335512     
          90          56  0.946050699591981     
