           2           1   1.42581544230889     
           3           2   1.43889139480575     
           4           3   1.38338337753745     
           5           4  0.962971666204699     
           6           5   1.09870785744367     
           7           6   1.02778900010599     
           8           7   1.36154023577560     
           9           8   1.45051411696056     
          10           9   1.37405714821377     
          11          10  0.984754395387462     
          12          11   1.40197199501435     
          13          12   1.38088765046022     
          14          13  0.977218722642837     
          15          14   1.05528551357704     
          16          15   1.36962380413736     
          17          16   1.45183381449979     
          18          17   1.39430714022665     
          19          18   1.46038414576258     
          20          15   1.26476691183025     
          20          19   1.35365572158334     
          21          20   1.08786358113486     
          22          21   1.35377152691549     
          23          22   1.46024409912357     
          24          23   1.39439799681199     
          25          24   1.45175937356103     
          26          14   1.05563516899164     
          26          21   1.26470216689999     
          26          25   1.36960310300555     
          27          13   1.37858896392912     
          28          27   1.43772074044401     
          29          11   1.31678606697462     
          29          28   1.38894833576366     
          30          29  0.988795359837148     
          31          30   1.38031867145126     
          32          31   1.44026651400455     
          33          32   1.38615185251530     
          34          33  0.975564147558002     
          35          34   1.05840050877944     
          36          35   1.36982863746715     
          37          36   1.45148338559038     
          38          37   1.39463858176511     
          39          38   1.45951996644634     
          40          35   1.26276778892626     
          40          39   1.35474262587114     
          41          40   1.08767001455467     
          42          41   1.35194486238159     
          43          42   1.46173629597286     
          44          43   1.39303266835605     
          45          44   1.45327263709089     
          46          34   1.05400740979710     
          46          41   1.26656767897972     
          46          45   1.36776411764580     
          47          33   1.37140247248671     
          48          30   1.36561454686298     
          48          47   1.45522690897275     
          49          10   1.36314149573837     
          50           7   1.34759000379102     
          50          49   1.46187939337597     
          51           6   1.58505166464735     
          52          51   1.13597649862067     
          53          52   1.34214255549091     
          54          53   1.47302972045270     
          55          54   1.38623882110630     
          56          55   1.45659056848786     
          57           5   1.06064330066973     
          57          52   1.25095031307944     
          57          56   1.36797398677768     
          58           4   1.38983303962597     
          59           1   1.43134822426823     
          59          58   1.43303236639042     
          60           1  0.946065047844236     
          61           2  0.944867661243241     
          62           3  0.943695643076233     
          63           8  0.943120846555941     
          64           9  0.944705500480742     
          65          12  0.943295041869803     
          66          16  0.943719255712372     
          67          17  0.944746523716843     
          68          18  0.945058768392157     
          69          19  0.944682670443670     
          70          22  0.944692476066090     
          71          23  0.945065395994867     
          72          24  0.944793528104077     
          73          25  0.943547215970341     
          74          27  0.943739643482974     
          75          28  0.941810430575578     
          76          31  0.944043404296799     
          77          32  0.944637944346596     
          78          36  0.944305894618598     
          79          37  0.944858164997726     
          80          38  0.945162591460914     
          81          39  0.944703011887895     
          82          42  0.944858998991704     
          83          43  0.945060818845589     
          84          44  0.942326705675240     
          85          45  0.940517402533925     
          86          47  0.943666564072578     
          87          48  0.942711422161355     
          88          49  0.943265480432794     
          89          50  0.943319076302934     
          90          53  0.944679228564321     
          91          54  0.944866474135471     
          92          55  0.944483491907690     
          93          56  0.943220755820822     
          94          58  0.946829688618746     
          95          59  0.945022147622347     
