           2           1   1.00958714821270     
           3           2   1.26236574834019     
           4           3   1.56890881313451     
           5           4   1.25079756606549     
           6           5   1.28105300830105     
           7           6   1.42974160107866     
           8           7   1.09363888980512     
           9           8   1.32700837272074     
          10           9   1.48335544485232     
          11          10   1.34530724201169     
          12          11   1.00627187096316     
          13          11   1.43116372090944     
          14           8   1.28160007755628     
          14          13   1.34663227295856     
          15          14   1.07303658104904     
          16          15   1.34261385668706     
          17          16   1.47069321556075     
          18          17   1.38143095361693     
          19          18   1.47479958599007     
          20          15   1.28485713473825     
          20          19   1.33268919075298     
          21           7   1.16042029270428     
          21          20   1.08951698951843     
          22          21   1.43543694118458     
          23           5   1.17699377311215     
          23          22   1.27354302249355     
          24           2   1.51456875413145     
          24          23   1.26278973731805     
          25           3  0.941196540927597     
          26           4  0.941486118982965     
          27           9  0.941560781279034     
          28          10  0.941584682964209     
          29          13  0.938480002448550     
          30          16  0.942740847763358     
          31          17  0.945526450402027     
          32          18  0.945334540531823     
          33          19  0.943652466899617     
          34          24  0.940299821281348     
