 -5.072056220778620E-002
 -4.389661621984065E-002
 -5.430204120157178E-002
  4.832999599082966E-002
  7.145987462101067E-002
 -4.757475973778469E-002
 -0.144431312137493     
  7.126944146233694E-002
 -4.736118055108918E-002
 -5.075617375315300E-002
 -4.414382249541760E-002
 -5.590653576808791E-002
  4.730986274468441E-002
 -0.127741823504147     
  5.458011700694776E-002
 -3.180021382229903E-002
  4.334135609256329E-003
  5.719171357672526E-003
 -3.572125964926265E-002
 -3.224892290377479E-002
 -3.279694798488908E-002
 -3.652647288562427E-002
  3.652033272565802E-003
  3.108358854594151E-003
 -3.086122213396703E-002
 -2.989466373177851E-002
  9.588936833808681E-004
 -2.994092518233504E-002
 -3.055632419282972E-002
  3.445938560429962E-003
  1.959457210963578E-003
 -3.792197434076172E-002
 -3.294354078090933E-002
 -3.209302308159945E-002
 -3.456068948075863E-002
  5.086752745473433E-003
  5.434152170470608E-003
 -2.394820544794296E-002
 -2.086404422073151E-002
 -3.058310602202674E-002
 -2.223205415993412E-002
 -2.762725729382431E-002
  4.203477802374067E-002
  4.357328769478341E-002
  4.393371644601618E-002
  4.045115731251214E-002
  4.065610064920189E-002
  4.231326996601059E-002
  4.367624677358328E-002
  4.276837179112869E-002
  4.591255981669040E-002
  4.124317213718487E-002
  4.149846135410706E-002
  4.117206559369646E-002
  4.070312978741297E-002
  4.467989345968804E-002
  4.348389176218892E-002
  4.354696245059464E-002
  4.507291912307443E-002
  3.993884929776703E-002
  4.056834666738307E-002
  4.161634878247156E-002
  4.446396071173209E-002
