           2           1   1.44320168677362     
           3           2   1.41631893003490     
           4           3   1.39074056474066     
           5           4   1.30140762843453     
           6           1   1.40751936520394     
           6           5   1.41530297140942     
           7           5   1.00451045459693     
           8           7   1.00455232763452     
           9           8   1.41556521905895     
          10           9   1.40732325705341     
          11          10   1.44317695129373     
          12          11   1.41635292533786     
          13           8   1.30114102421203     
          13          12   1.39034219254091     
          14           4   1.01134519759036     
          14          13   1.01412853667184     
          15          14  0.953182087647076     
          16          15   1.50178196659296     
          17          16   1.26542552098827     
          18          17   1.07806481916734     
          19          18   1.35234121301971     
          20          19   1.46694651373742     
          21          20   1.38506588209786     
          22          21   1.46828563597836     
          23          18   1.25700089522151     
          23          22   1.34973053020539     
          24          23   1.08367576554149     
          25          24   1.22208292673153     
          26          25   1.59893411895473     
          27          26   1.21033434582633     
          28          27   1.21099803221573     
          29          28   1.59855830714276     
          30          29   1.22178935138632     
          31          30   1.08370997982218     
          32          31   1.35060145415147     
          33          32   1.46701782799501     
          34          33   1.38667101282622     
          35          34   1.46507656111746     
          36          31   1.25523491253076     
          36          35   1.35401367406337     
          37          15   1.21917343360259     
          37          36   1.07781977832569     
          38          37   1.34872806361735     
          39          30   1.37522141787065     
          39          38   1.09695760202421     
          40          27   1.29727328462600     
          40          39   1.17203598418510     
          41          24   1.37368505718642     
          41          40   1.17183372216562     
          42          17   1.34246409613593     
          42          38   1.19801424268638     
          42          41   1.10149167531418     
          43           1  0.944785132273114     
          44           2  0.943875614057552     
          45           3  0.942220411410913     
          46           6  0.945760249213593     
          47           9  0.945785488030438     
          48          10  0.944760620307055     
          49          11  0.943874870077827     
          50          12  0.942235622586581     
          51          16  0.941739686436281     
          52          19  0.944177690993288     
          53          20  0.945382829623166     
          54          21  0.945382771385238     
          55          22  0.944018872203071     
          56          25  0.943062180356495     
          57          26  0.943268352899345     
          58          28  0.943196324196206     
          59          29  0.942881066170043     
          60          32  0.943831869950665     
          61          33  0.945313559768096     
          62          34  0.945300616474686     
          63          35  0.941680756459014     
