 -0.102162079048119     
  2.077672747121628E-002
 -0.102411743081695     
 -2.144334142971083E-002
 -4.431877388234984E-002
 -5.120133428552975E-002
 -3.774919796515519E-002
 -5.880820910451856E-002
  5.023973746532873E-002
 -0.116769175854237     
  6.760220456559862E-002
 -3.583903226286633E-002
  1.998813886499029E-002
  6.805902298052358E-002
 -3.770326633355570E-002
  6.539554291088923E-002
  1.157434587457074E-002
 -3.710935251942438E-002
 -3.393733923324227E-002
 -1.505425187398046E-004
 -1.207473390160807E-003
 -3.950800251173714E-002
 -3.300905655819442E-002
 -3.546101335683982E-002
 -3.279974634319505E-002
 -3.891627551303056E-002
 -3.206796395624867E-002
 -2.478284387406315E-002
 -0.211406243693443     
  9.442440471837754E-002
  2.508529923693681E-002
 -2.824234265215786E-002
 -2.779257975415739E-002
 -3.395812421942157E-002
 -2.808973697587813E-002
 -2.834394118927896E-002
 -0.213231693801577     
 -2.378888687621039E-002
  6.951192160468667E-002
 -0.114373258596987     
  5.115939941038627E-002
 -5.751701203172299E-002
 -3.725718251610211E-002
 -5.122710221417481E-002
 -4.462785210326459E-002
 -2.126949173446757E-002
  2.078306395625784E-002
 -0.102561249880271     
 -0.102507504802545     
 -2.165345621891213E-002
 -4.512044613003141E-002
 -5.138474410388394E-002
 -3.679225587597568E-002
 -5.574029216873377E-002
  5.118076350422829E-002
 -2.648804139629135E-002
  5.033805448814421E-002
 -5.649420723736931E-002
 -3.615845095271819E-002
 -5.059894743051974E-002
 -4.445811072598360E-002
 -2.192063271904399E-002
  3.445248229718301E-002
  3.348710771592545E-002
  3.383689366851583E-002
  3.364644890176904E-002
  3.399924402932786E-002
  3.402697700340618E-002
  4.350894093142721E-002
  3.929418561980624E-002
  4.225902577880691E-002
  3.869779589439060E-002
  4.622042546520122E-002
  4.546458465344538E-002
  4.228984381897649E-002
  4.064067529132531E-002
  3.737751565034886E-002
  3.883358076659460E-002
  3.842098192620069E-002
  3.896671383791506E-002
  3.773422450631092E-002
  4.103473759600562E-002
  4.696738562901182E-002
  4.479371813304489E-002
  4.004802760563630E-002
  4.031281572413214E-002
  3.979196283564046E-002
  4.446340612399191E-002
  5.098306747346082E-002
  3.901417758808745E-002
  4.228198136484052E-002
  3.902339594692550E-002
  4.316644878426357E-002
  3.360328251719502E-002
  3.425508842362357E-002
  3.359131635056822E-002
  3.346679636799732E-002
  3.457736550140245E-002
  3.358020710635912E-002
  4.296272198917339E-002
  3.881881147652910E-002
  4.262860881496477E-002
  4.037793825520430E-002
  4.607070199758845E-002
  3.976237280348260E-002
  4.301538819141426E-002
  3.928132351050029E-002
  4.321022810376385E-002
