 -3.448445835675340E-002
 -3.448327596867529E-002
 -3.884212497831729E-002
 -1.974304558543416E-003
 -4.378769424366169E-002
  3.126021938445689E-003
 -1.131705820621942E-002
 -2.988717146478415E-003
 -3.946383616111060E-002
 -3.538619929067011E-002
 -3.505408972949020E-002
 -4.099514178393893E-002
 -2.862895386308573E-003
 -1.355778075323411E-002
 -6.733755368788508E-004
 -3.301403477958065E-002
 -3.517461555808588E-002
  5.941725797215769E-002
 -9.416237837019814E-002
  3.528777068613032E-002
 -4.470450592874897E-002
 -4.000933600306578E-002
 -4.899365378713672E-002
 -3.663220142651724E-002
 -2.872556465731346E-002
 -2.875591836139613E-002
 -3.662812316092978E-002
 -4.901185644733452E-002
 -4.000168057908304E-002
 -4.467377308392972E-002
  3.538372506686738E-002
 -3.516248544617007E-002
 -3.299280424262463E-002
 -2.830581353726380E-003
 -4.124510546814975E-002
 -3.506298025172594E-002
 -3.548873180856305E-002
 -3.961666206528047E-002
 -2.691206894241738E-003
 -3.589457320835798E-002
 -3.960170849896816E-002
 -4.345434784788438E-003
 -3.964853953963221E-002
  3.996919341144445E-002
  4.015669098904939E-002
  3.753191703979786E-002
  3.764967918020767E-002
  4.261865622384187E-002
  4.073340230041711E-002
  4.056841869119188E-002
  4.180075532757876E-002
  4.381904282744609E-002
  4.231531257993726E-002
  4.028067909135447E-002
  4.300828921618982E-002
  3.996953587183971E-002
  4.200426717787442E-002
  4.200166542761363E-002
  3.997287386146842E-002
  4.300635856611479E-002
  4.023342739457614E-002
  4.234141889581711E-002
  4.380282751376097E-002
  4.180984006055244E-002
  4.055952577888966E-002
  4.076360704034410E-002
  4.262996598649837E-002
  4.107886645505665E-002
  3.975205516228741E-002
  3.734636007106906E-002
