           2           1  0.976644808562558     
           3           2  0.966314121577863     
           4           2  0.965982776813247     
           5           2  0.937501598971289     
           6           5   1.35506432481019     
           7           6   1.45761793404129     
           8           7   1.36679685900870     
           9           8   1.26969998965287     
          10           5   1.42662933957044     
          10           9   1.35370982662786     
          11           9   1.08129780041019     
          12          11   1.35380395371842     
          13          12   1.42654525638242     
          14          13  0.937441699097164     
          15          14  0.965887164387238     
          16          14  0.966358117322346     
          17          14  0.976703463774776     
          18          13   1.35524507175701     
          19          18   1.45739335401831     
          20          11   1.26958137076223     
          20          19   1.36698016266657     
          21           8   1.04681080370645     
          21          20   1.04644649500084     
          22          21  0.985224162845447     
          23          22   1.38562310019095     
          24          23   1.36741086800730     
          25          24  0.970793502111339     
          26          25   1.83707544966679     
          27          25  0.966693192823022     
          28          27   1.35990621161875     
          29          28   1.43257647689056     
          30          29   1.42661834799629     
          31          30   1.41298513605550     
          32          27   1.36426983385790     
          32          31   1.44013443040522     
          33          24   1.36481549349172     
          34          33   1.38759245137341     
          35          34  0.983890831560912     
          36          35   1.04727002465334     
          37          36   1.36641507677328     
          38          37   1.45810425416906     
          39          38   1.35468179263298     
          40          39  0.937458402629476     
          41          40  0.976669706204624     
          42          40  0.966338039975678     
          43          40  0.965955208362662     
          44          39   1.42699419526563     
          45          36   1.26959573519985     
          45          44   1.35349695768123     
          46          45   1.08148741798859     
          47          46   1.35389789346607     
          48          47   1.42654470907001     
          49          48  0.937454566070191     
          50          49  0.966134115632882     
          51          49  0.966135468924118     
          52          49  0.976700986788967     
          53          48   1.35509426547583     
          54          53   1.45762865280441     
          55          35   1.04811211443776     
          55          46   1.26903850147714     
          55          54   1.36657066522389     
          56          22   1.37983530251728     
          56          34   1.37893405494652     
          57           1  0.978329890772665     
          58           1  0.977702996914254     
          59           1  0.977537817954249     
          60           3  0.975994177730998     
          61           3  0.978255019507835     
          62           3  0.977938903400275     
          63           4  0.977973892330985     
          64           4  0.976143710515426     
          65           4  0.978198490828398     
          66           6  0.941622637645600     
          67           7  0.940488641433978     
          68          10  0.942245718006179     
          69          12  0.942218219548673     
          70          15  0.976163249712436     
          71          15  0.978208269565852     
          72          15  0.977944818068201     
          73          16  0.978214296022679     
          74          16  0.976036094058169     
          75          16  0.977951692190631     
          76          17  0.978314302897960     
          77          17  0.977659911401335     
          78          17  0.977547877098285     
          79          18  0.941752530376947     
          80          19  0.941236113078319     
          81          23  0.941860270098730     
          82          28  0.945125388106749     
          83          29  0.945228152303941     
          84          30  0.948917316763398     
          85          32  0.946711683622568     
          86          33  0.943266457792516     
          87          37  0.941363427274726     
          88          38  0.941746387126515     
          89          41  0.978333742026027     
          90          41  0.977664324648766     
          91          41  0.977560706412830     
          92          42  0.978196913641723     
          93          42  0.975999527637387     
          94          42  0.977946059652195     
          95          43  0.977963846316628     
          96          43  0.978214533635982     
          97          43  0.976134760360832     
          98          44  0.942248851610628     
          99          47  0.942233220392052     
         100          50  0.976130645823049     
         101          50  0.978200165158661     
         102          50  0.977933285677673     
         103          51  0.977966871526259     
         104          51  0.976068516084573     
         105          51  0.978204553934440     
         106          52  0.977617956284273     
         107          52  0.978318793632884     
         108          52  0.977587818715404     
         109          53  0.941806765810989     
         110          54  0.941645446805413     
         111          56  0.942603756055867     
