  7.234478733935568E-003
 -0.154736089519224     
  7.297917714814783E-002
 -5.710486352992561E-002
 -4.005275671985675E-002
 -1.331473173973308E-002
 -1.700021964917653E-002
 -1.697008235141428E-002
 -1.332299467412046E-002
 -4.173387859776501E-002
 -4.934755187715467E-002
  7.298596508571897E-002
 -0.154726895814094     
  7.235400289990590E-003
 -5.710717613561744E-002
 -4.006112339586920E-002
 -1.333585244736213E-002
 -4.175539851026855E-002
 -4.938368353019040E-002
  7.296013123689615E-002
 -0.154751333746279     
  7.229540317241323E-003
 -5.711549947123196E-002
 -4.006176020032104E-002
 -1.331170744497356E-002
 -4.004369576052724E-002
 -5.711269018754006E-002
  7.295378006505349E-002
 -0.154766146339665     
  7.228694654151102E-003
 -4.938023250829282E-002
 -4.174422743662287E-002
 -4.173332298367249E-002
 -4.934567206172780E-002
  4.124444025096397E-002
  4.351586070781155E-002
  4.106172403673380E-002
  3.806410594492271E-002
  4.323176659207795E-002
  4.056158262650178E-002
  3.693948756114884E-002
  4.351593305665891E-002
  4.105832029468504E-002
  4.125034657070192E-002
  3.806536914254577E-002
  4.325167949190367E-002
  4.056937531309979E-002
  3.692917252616235E-002
  4.103647740939376E-002
  4.351013523425051E-002
  4.126736256347652E-002
  3.806816127894819E-002
  4.327006113706300E-002
  4.324627975648787E-002
  3.806614387980856E-002
  4.104010658858837E-002
  4.351080132863849E-002
  4.126014863252847E-002
  3.692989264178670E-002
  4.055339331565100E-002
  4.055488974196086E-002
  3.693940147696539E-002
