           2           1  0.993707276686346     
           3           2   1.40731149631099     
           4           3   1.42631761850911     
           5           4   1.43015125101368     
           6           5   1.42876426938707     
           7           2   1.36110686610267     
           7           6   1.41307604567307     
           8           7  0.943566934138856     
           9           8  0.945337405849516     
          10           9  0.943666071488387     
          11          10  0.964810560369770     
          12          11  0.947273520655538     
          13          12  0.942549309432021     
          14          13   1.41374897909925     
          15          14   1.42838823125430     
          16          15   1.43042732960156     
          17          16   1.42628950919526     
          18          13   1.36179258955634     
          18          17   1.40714728298130     
          19          18  0.993736861105579     
          20          12  0.930689292032091     
          21          20   1.40994235268109     
          22          21   1.43127517161295     
          23          22   1.42732165249372     
          24          23   1.42986144695863     
          25          20   1.36776436076343     
          25          24   1.40093802232812     
          26          25  0.993725924307382     
          27          10  0.941078466543351     
          28          27   1.40367413566252     
          29          28   1.43380187568201     
          30          29   1.42877232657882     
          31          30   1.42778978217012     
          32          27   1.40664121926927     
          32          31   1.43411970895481     
          33           8  0.931501926688704     
          34          33   1.40613829320651     
          35          34   1.43479644344654     
          36          35   1.42400832364659     
          37          36   1.43387519462038     
          38          33   1.36945202138831     
          38          37   1.39759186040908     
          39          38  0.994390988835021     
          40           1  0.966043684866989     
          41           1  0.970712514634446     
          42           1  0.977206934396792     
          43           3  0.944777224655768     
          44           4  0.945949717582003     
          45           5  0.945329382689443     
          46           6  0.943205951501050     
          47           9  0.975270029392893     
          48           9  0.975682114976403     
          49          11  0.969823213010625     
          50          11  0.975610845475167     
          51          14  0.943077840425651     
          52          15  0.945342535656318     
          53          16  0.945923814121917     
          54          17  0.944769229864217     
          55          19  0.970531867393969     
          56          19  0.966019021747827     
          57          19  0.977222520721821     
          58          21  0.942884094151034     
          59          22  0.945341452742640     
          60          23  0.945910072862497     
          61          24  0.944531485170918     
          62          26  0.966122048476644     
          63          26  0.969584361318726     
          64          26  0.978081820072124     
          65          28  0.946300139944446     
          66          29  0.946473378884976     
          67          30  0.947175423303299     
          68          31  0.946766470933095     
          69          32  0.944112308239033     
          70          34  0.942735306377299     
          71          35  0.945290239752501     
          72          36  0.945944699575136     
          73          37  0.944824544910451     
          74          39  0.962186094426706     
          75          39  0.971695411477858     
          76          39  0.976901363883227     
