           2           1  0.958186164813164     
           3           2  0.957507118124675     
           4           2  0.942860355626018     
           5           4   1.43246793869787     
           6           5   1.40896332855687     
           7           6   1.43321062225271     
           8           7   1.43005749304266     
           9           4   1.30717820752935     
           9           8   1.38049554123805     
          10           9   1.03673161755508     
          11          10   1.40645158519744     
          12          11   1.35587603641772     
          13          12   1.08200226632195     
          14          13   1.35549431794279     
          15          14   1.45695010709444     
          16          15   1.39921204500930     
          17          16   1.44566698533094     
          18          13   1.26906050556773     
          18          17   1.37618622581643     
          19          18   1.03961237324562     
          20          19   1.00330140527822     
          21          20   1.37316149655982     
          22          21   1.46264017340880     
          23          22   1.33518926908369     
          24          23   1.04198858621342     
          25          24   1.34579205531968     
          26          25   1.33870138805832     
          27          26   1.04641188402866     
          28          27   1.35501577992737     
          29          28   1.45103136178505     
          30          29   1.42039285645840     
          31          30   1.42004241441001     
          32          27   1.35465321395149     
          32          31   1.45139231975072     
          33          26   1.34456051251192     
          34          33   1.34623185507467     
          35          34   1.04590954236440     
          36          35   1.35508773974021     
          37          36   1.45122803541460     
          38          37   1.42022028531113     
          39          38   1.42035304309341     
          40          35   1.35513549429709     
          40          39   1.45102543970609     
          41          24   1.34562730070079     
          41          34   1.33805101547811     
          42          23   1.37293008961379     
          43          20   1.28373277387466     
          43          42   1.36458114566392     
          44          43   1.05636093200040     
          45          44   2.82247233623321     
          46          12   1.26894849572206     
          46          19   1.04280336133309     
          47          46   1.35460455627032     
          48           2  0.942456688852956     
          48          10   1.27564526907391     
          48          47   1.44909360915365     
          49           1  0.978314110695711     
          50           1  0.978546999460481     
          51           1  0.978445132441601     
          52           3  0.978648447644824     
          53           3  0.978405259470074     
          54           3  0.978605115577913     
          55           5  0.946016495916916     
          56           6  0.946036768527837     
          57           7  0.945614089907783     
          58           8  0.945911279410362     
          59          11  0.942198957811100     
          60          14  0.944668983500853     
          61          15  0.944833212586556     
          62          16  0.944595160712208     
          63          17  0.943900664744212     
          64          21  0.942169903367621     
          65          22  0.941451583052823     
          66          28  0.945965373130496     
          67          29  0.946431921499854     
          68          30  0.947283964563656     
          69          31  0.946495736943534     
          70          32  0.945848937130803     
          71          36  0.946013174866927     
          72          37  0.946499288020157     
          73          38  0.947289582965610     
          74          39  0.946473699581383     
          75          40  0.945845456938766     
          76          42  0.940198435646207     
          77          47  0.940695178331195     
