           2           1  0.976271465181635     
           3           2  0.965800240697003     
           4           2  0.966024181120360     
           5           2  0.938446737464023     
           6           5   1.40089789933060     
           7           6   1.42920112682833     
           8           7   1.38150860798819     
           9           8   1.29887526937053     
          10           5   1.36530714060253     
          10           9   1.44278402032877     
          11           9  0.922923050449091     
          12          11  0.923500443024992     
          13          12   1.38965450283622     
          14          13   1.41981482394895     
          15          14   1.43572468825143     
          16          15   1.41493670963707     
          17          12   1.38400961007741     
          17          16   1.43391780409741     
          18          11  0.923442179272233     
          19          18   1.35397880006536     
          20          19   1.45741316688183     
          21          20   1.36539115129585     
          22          21   1.26387485368969     
          23          18   1.42649731553216     
          23          22   1.35415937150982     
          24          22   1.08650890820784     
          25          24   1.35382395895150     
          26          25   1.46015373123456     
          27          26   1.39443116880732     
          28          27   1.45147314788431     
          29          24   1.26423065008376     
          29          28   1.37008876176603     
          30          21   1.05629368252221     
          30          29   1.05434085160186     
          31          30  0.974909634732016     
          32          31   1.38052249294938     
          33          32   1.43304350792551     
          34          33   1.43457124891863     
          35          34   1.37855487204598     
          36          35  0.977962197474326     
          37          36   1.05406549001189     
          38          37   1.37018230953438     
          39          38   1.45125046881041     
          40          39   1.39473130411394     
          41          40   1.46008251543663     
          42          37   1.26523078092466     
          42          41   1.35380940245065     
          43          42   1.08756114084424     
          44          43   1.35374192256587     
          45          44   1.46011235943986     
          46          45   1.39489922751223     
          47          46   1.45110818613442     
          48          36   1.05415128998179     
          48          43   1.26525174411526     
          48          47   1.37061092742950     
          49          31   1.39061575404828     
          49          35   1.38987286321222     
          50          11  0.922986220702131     
          51          50   1.44164655750110     
          52          51   1.36622111356741     
          53          52  0.938676538623828     
          54          53  0.965665125121844     
          55          53  0.966110142122860     
          56          53  0.976195078985205     
          57          52   1.39993639685737     
          58          57   1.43002206380408     
          59           8   1.03818791658845     
          59          50   1.30002910557015     
          59          58   1.38076571501422     
          60           1  0.977513119216556     
          61           1  0.978135139998036     
          62           1  0.977543409562755     
          63           3  0.978295638257436     
          64           3  0.976090631415738     
          65           3  0.977995327227133     
          66           4  0.978004333181618     
          67           4  0.976018694011048     
          68           4  0.978211271011284     
          69           6  0.942894458534145     
          70           7  0.943411573146159     
          71          10  0.941689369649392     
          72          13  0.942979793608505     
          73          14  0.945538311362185     
          74          15  0.948408155466940     
          75          17  0.946767469790393     
          76          19  0.941472417532366     
          77          20  0.939284803945267     
          78          23  0.941049353333949     
          79          25  0.944569892690822     
          80          26  0.945041770800759     
          81          27  0.944765825261645     
          82          28  0.943658697034528     
          83          32  0.944725473581177     
          84          33  0.941226934488016     
          85          34  0.944524493419061     
          86          38  0.943465801804109     
          87          39  0.944775041226546     
          88          40  0.945058615775325     
          89          41  0.944672100513170     
          90          44  0.944754433617267     
          91          45  0.945028533691844     
          92          46  0.944682135589196     
          93          47  0.941475586287297     
          94          49  0.944941668717023     
          95          51  0.941866932957110     
          96          54  0.976035306686626     
          97          54  0.978003480693449     
          98          54  0.978290265355122     
          99          55  0.978031821267975     
         100          55  0.978292432201388     
         101          55  0.975893883906348     
         102          56  0.978153104556631     
         103          56  0.977523416662303     
         104          56  0.977585810692570     
         105          57  0.942906968126240     
         106          58  0.943478964053098     
