           2           1   1.43491996777757     
           3           2   1.40686757372541     
           4           3   1.43424974199991     
           5           4   1.29927682127690     
           6           1   1.42731580504568     
           6           5   1.38353230353900     
           7           5   1.03219133599662     
           8           7   1.38433867701776     
           9           8   1.42618371810661     
          10           9   1.43617707343904     
          11          10   1.40556365486225     
          12           7   1.29749896084867     
          12          11   1.43677866345143     
          13           4  0.915272598774542     
          13          12  0.923356411675184     
          14          13  0.939240881944924     
          15          14   1.43729940840375     
          16          15   1.23451434278537     
          17          16   1.58622157843217     
          18          17   1.23546421075535     
          19          18   1.27470178987078     
          20          19   1.47976729294671     
          21          20   1.00317530736678     
          22          21   1.25213844780115     
          23          22   1.57173366774987     
          24          23   1.24954501689423     
          25          24   1.25968668446050     
          26          25   1.55423887422005     
          27          26   1.30495017275457     
          28          27   1.55792417009479     
          29          24   1.21939195085152     
          29          28   1.25198093609825     
          30          21   1.49005999110910     
          30          29   1.26581188591368     
          31          20   1.25879899958803     
          32          31   1.56327135793979     
          33          14   1.22716062221882     
          33          18   1.21669634944181     
          33          32   1.25468230067453     
          34          15   1.04355110862866     
          35          34   1.45637388186562     
          36          35   1.33789107752927     
          37          36   1.48776219911139     
          38          37  0.970284401726433     
          39          38   1.60241651127197     
          40          39   1.18280101740389     
          41          40   1.29166085285592     
          42          41   1.51375849505145     
          43          42   1.34713927068418     
          44          43   1.50624209970792     
          45          40   1.25812241220531     
          45          44   1.31044728198802     
          46          45   1.12288530898039     
          47          46   1.30849250700482     
          48          47   1.50679696927207     
          49          48   1.34909806307918     
          50          49   1.51123009100497     
          51          38   1.13343640234327     
          51          46   1.26400746571605     
          51          50   1.29915943618869     
          52          37   1.20501503407106     
          53          52   1.26714442138739     
          54          53   1.53737114512181     
          55          54   1.32698281476254     
          56          13  0.919905071304365     
          56          55   1.49261172072883     
          57          34   1.19897700747239     
          57          52   1.22247457525594     
          57          56   1.24733773162734     
          58           1  0.945359715334321     
          59           2  0.945479017502819     
          60           3  0.946123255406235     
          61           6  0.945308837747800     
          62           8  0.945361778157072     
          63           9  0.945374345714905     
          64          10  0.945545035177933     
          65          11  0.946047866084666     
          66          16  0.939303615990872     
          67          17  0.940534785660061     
          68          19  0.942456270032213     
          69          22  0.944787306669000     
          70          23  0.942761127778140     
          71          25  0.944703588722775     
          72          26  0.946277445927618     
          73          27  0.946075509074309     
          74          28  0.944614072113495     
          75          30  0.943303428150109     
          76          31  0.944370704307304     
          77          32  0.932739323839093     
          78          35  0.940639524702265     
          79          36  0.942924124303492     
          80          39  0.940964956605750     
          81          41  0.944758513523199     
          82          42  0.945770117372855     
          83          43  0.945899135382871     
          84          44  0.942856710604695     
          85          47  0.942481195859942     
          86          48  0.945830654991582     
          87          49  0.945765073340230     
          88          50  0.942214498373434     
          89          53  0.940533259849094     
          90          54  0.943544152970991     
          91          55  0.942311408837778     
