 -4.328556713385101E-002
 -4.812823271142985E-002
 -4.607117986976927E-002
  7.347746905472885E-002
  4.629696064692546E-002
 -5.519579552034237E-002
 -0.127942738865825     
  4.655783394607571E-002
 -5.694350234066281E-002
 -4.444878317888978E-002
 -4.822629054213490E-002
 -4.575697295750203E-002
  7.437880844483402E-002
 -0.140870980180567     
  6.136862664684628E-002
 -2.773117772395128E-002
 -3.501958210905531E-002
 -1.349604099444246E-002
 -2.234995138146267E-002
 -2.453555431339982E-002
  0.141966462127854     
 -0.237196297399727     
 -1.346466664380230E-002
 -3.500945323729177E-002
 -2.768251443441017E-002
  6.140340424730750E-002
 -2.445984175323979E-002
 -2.229657508450256E-002
 -0.127984762394978     
  4.630400655326916E-002
 -5.520944263760708E-002
 -4.328264751448341E-002
 -4.813417167139367E-002
 -4.606835806328125E-002
  7.347593465100832E-002
 -0.140878769380716     
  7.437278785691959E-002
 -4.575336102539129E-002
 -4.823355358793435E-002
 -4.444253414958155E-002
 -5.694338887746753E-002
  4.654837850884919E-002
  4.408059007057208E-002
  4.286251528557972E-002
  4.100866811148285E-002
  4.341428715786266E-002
  4.201947093206260E-002
  4.339591590581815E-002
  4.290572097628809E-002
  4.127200719993218E-002
  4.240513213581787E-002
  4.758660019142391E-002
  5.099059932699257E-002
  4.348218849766039E-002
  4.761422980717289E-002
  4.239890076313924E-002
  4.348880990524662E-002
  5.102253056489725E-002
  4.340239323166128E-002
  4.408032852737698E-002
  4.286270558188043E-002
  4.100990436392882E-002
  4.127462748113142E-002
  4.290326784087373E-002
  4.339938829778178E-002
  4.201123283791230E-002
