           2           1  0.976712392214035     
           3           2  0.966694356545309     
           4           2  0.965915849810245     
           5           2  0.939435727793105     
           6           5   1.39617041116212     
           7           6   1.43607655710292     
           8           7   1.38187147788533     
           9           8  0.978030682946730     
          10           9   1.34538496367642     
          11          10   1.19702263675623     
          12          11   1.62221440516520     
          13          12   1.20928808615772     
          14          13  0.938813310287272     
          15          14  0.966197873771581     
          16          14  0.965745383644548     
          17          14  0.975985566536548     
          18          13   1.57624718359635     
          19          10   1.15370913781157     
          19          18   1.20017800475445     
          20          19   1.34111064619461     
          21          20  0.977377891720913     
          22          21   1.37521465002043     
          23          22   1.43915118963825     
          24          23   1.42478120384354     
          25          24   1.42795019558688     
          26          21   1.38054188605125     
          26          25   1.43732425655870     
          27          20   1.26259016178503     
          28          27   1.25939315768546     
          29          28  0.978103433142822     
          30          29   1.36862828982371     
          31          30   1.44861528822027     
          32          31   1.38263762587041     
          33          32  0.939444148624511     
          34          33  0.976711090061899     
          35          33  0.966684133834288     
          36          33  0.965920661325201     
          37          32   1.39611440196973     
          38          29   1.38178821444534     
          38          37   1.43614277119384     
          39          28   1.34530594175810     
          40          39   1.19704078357271     
          41          40   1.62219198612578     
          42          41   1.20929875071738     
          43          42  0.938810625168437     
          44          43  0.966208879498513     
          45          43  0.965741229332359     
          46          43  0.975982051129313     
          47          42   1.57624779242956     
          48          39   1.15373814012037     
          48          47   1.20017091987439     
          49          48   1.34108674738383     
          50          49  0.977355773483295     
          51          50   1.37508971155203     
          52          51   1.43926366948774     
          53          52   1.42465148882077     
          54          53   1.42806638612256     
          55          50   1.38066201607050     
          55          54   1.43720262080572     
          56           9   1.25937650127862     
          56          27   1.14009627587747     
          56          49   1.26263106768088     
          57           8   1.36862026305888     
          58           5   1.38260182621208     
          58          57   1.44865945469743     
          59           1  0.977608844870101     
          60           1  0.977552254169806     
          61           1  0.978409649238357     
          62           3  0.976031606063800     
          63           3  0.976791409957757     
          64           3  0.978092702003733     
          65           4  0.978122032635481     
          66           4  0.978271052165951     
          67           4  0.976287103449264     
          68           6  0.943683584749599     
          69           7  0.945029607972309     
          70          11  0.937030632599608     
          71          12  0.942413387011375     
          72          15  0.976226141278823     
          73          15  0.978307115853568     
          74          15  0.978002102101799     
          75          16  0.976279644290691     
          76          16  0.978317459835416     
          77          16  0.977994422805327     
          78          17  0.977580372603395     
          79          17  0.977484200560236     
          80          17  0.978416837521779     
          81          18  0.935312336051010     
          82          22  0.946467741820076     
          83          23  0.945927399149460     
          84          24  0.946975587312384     
          85          25  0.946107521210422     
          86          26  0.946932894202776     
          87          30  0.944631426282305     
          88          31  0.943522829319538     
          89          34  0.977607128115795     
          90          34  0.977553516069459     
          91          34  0.978413450833677     
          92          35  0.976037417486383     
          93          35  0.978094612703144     
          94          35  0.976817848206607     
          95          36  0.976279549821306     
          96          36  0.978120722276833     
          97          36  0.978272418929398     
          98          37  0.943683507644612     
          99          38  0.945025718071228     
         100          40  0.937018499910016     
         101          41  0.942411819057234     
         102          44  0.978306362998662     
         103          44  0.978001628904081     
         104          44  0.976223352265430     
         105          45  0.978315491732248     
         106          45  0.976281688565018     
         107          45  0.977993107755536     
         108          46  0.977483467917893     
         109          46  0.977577883414027     
         110          46  0.978419929420453     
         111          47  0.935296855767288     
         112          51  0.946466100083906     
         113          52  0.945920928836098     
         114          53  0.946969139141264     
         115          54  0.946107865417397     
         116          55  0.946933493368774     
         117          57  0.944630340107206     
         118          58  0.943525451264114     
