           2           1  0.966130963504901     
           3           2  0.966245412101943     
           4           2  0.976754759535150     
           5           2  0.939054995177586     
           6           5   1.39836548047196     
           7           6   1.43111148153469     
           8           7   1.39432014015102     
           9           8  0.937694704016499     
          10           9   1.05931368512985     
          11          10   1.33002837243409     
          12          11   1.48434259853501     
          13          12   1.33986405205499     
          14          13  0.935822301670521     
          15          14  0.965676040794412     
          16          14  0.966092233132951     
          17          14  0.976743190916516     
          18          13   1.43481271451733     
          19          10   1.30759463427031     
          19          18   1.35663745519380     
          20          19  0.979652253451670     
          21          20  0.978566786582660     
          22          21   1.35770073471012     
          23          22   1.43407274469480     
          24          23  0.935859850358056     
          25          24  0.965761842365028     
          26          24  0.965933858291684     
          27          24  0.976759653742434     
          28          23   1.34009129877714     
          29          28   1.48365823221272     
          30          21   1.30726092000792     
          30          29   1.33090713762410     
          31          30   1.05800902200989     
          32          31  0.944532891672119     
          33          32   1.37933427567976     
          34          33   1.44825829558770     
          35          34   1.38237724071604     
          36          35  0.939137639237395     
          37          36  0.965892967322671     
          38          36  0.976733869670052     
          39          36  0.966233274938388     
          40          35   1.39909287777043     
          41          32   1.39614594348510     
          41          40   1.42614781627098     
          42          31   1.06227401388232     
          43          42   1.36742726485641     
          44          43   1.38069514560826     
          45          44  0.963845867744983     
          46          45   1.02382752961988     
          47          46   1.36703312996972     
          48          47   1.44245166431601     
          49          48   1.42150657538085     
          50          49   1.42335330723692     
          51          46   1.32463464236314     
          51          50   1.40842237011495     
          52          51  0.925981259467008     
          53          52  0.928796193716601     
          54          53   1.40316577538152     
          55          54   1.42573713858488     
          56          55   1.43677827530194     
          57          56   1.42166972858208     
          58          53   1.38460997822548     
          58          57   1.44309916284763     
          59          52  0.911052849341291     
          60          59   1.40254352931057     
          61          60   1.42530889578324     
          62          61   1.43619697065294     
          63          62   1.42228223030994     
          64          59   1.38692959514127     
          64          63   1.44122954384205     
          65          52  0.932798847132390     
          66          65   1.40324315656269     
          67          66   1.42917799067834     
          68          67   1.41737582785622     
          69          68   1.44775586870559     
          70          45   1.01769277632929     
          70          65   1.33186500578376     
          70          69   1.36281071358252     
          71          44   1.39284864870861     
          72           9   1.06796182369093     
          72          71   1.35147439567328     
          73          20   1.04619499043159     
          73          42   1.27836645881828     
          73          72   1.28647619112443     
          74           8   1.38606608078240     
          75           5   1.38616403939535     
          75          74   1.44357912096131     
          76           1  0.975934929264772     
          77           1  0.978068319441880     
          78           1  0.978242208557092     
          79           3  0.978165040669432     
          80           3  0.978269833102655     
          81           3  0.976278480045735     
          82           4  0.978310532814033     
          83           4  0.977476225591474     
          84           4  0.977670809849333     
          85           6  0.942492777961028     
          86           7  0.945416653174126     
          87          11  0.937616267746796     
          88          12  0.940916059932388     
          89          15  0.977808238954399     
          90          15  0.976352856340165     
          91          15  0.978094330583789     
          92          16  0.977887741765771     
          93          16  0.976159170454783     
          94          16  0.978190176576594     
          95          17  0.977237180466764     
          96          17  0.976162841549647     
          97          17  0.978294318121024     
          98          18  0.936214423830859     
          99          22  0.936273534767279     
         100          25  0.978107994536470     
         101          25  0.976301600658508     
         102          25  0.977792195895275     
         103          26  0.976216360051411     
         104          26  0.978173658690713     
         105          26  0.977907552035331     
         106          27  0.978301028743840     
         107          27  0.976067694769883     
         108          27  0.977334539304874     
         109          28  0.940898670405893     
         110          29  0.936828928223335     
         111          33  0.945090425051534     
         112          34  0.942119318414238     
         113          37  0.976468653917544     
         114          37  0.975893906880748     
         115          37  0.978112531632296     
         116          38  0.977005553215083     
         117          38  0.977648241176162     
         118          38  0.978402366375933     
         119          39  0.976140897150880     
         120          39  0.978317798165746     
         121          39  0.978017179949126     
         122          40  0.942003888803985     
         123          41  0.944995719404598     
         124          43  0.937294801520151     
         125          47  0.937146394105630     
         126          48  0.943333238100525     
         127          49  0.944388217227919     
         128          50  0.940063677413962     
         129          54  0.943782697276164     
         130          55  0.946168400913508     
         131          56  0.946745256137205     
         132          57  0.946184520376687     
         133          58  0.946769655374562     
         134          60  0.941844512271095     
         135          61  0.940974511324708     
         136          62  0.946616602710402     
         137          63  0.946105586390538     
         138          64  0.944715712203674     
         139          66  0.941490152184666     
         140          67  0.944544746137442     
         141          68  0.943768799604748     
         142          69  0.942487416915424     
         143          71  0.936392418247761     
         144          74  0.945390775024635     
         145          75  0.942393210978146     
