           2           1  0.966361999307881     
           3           2   1.41740262309564     
           4           3   1.34633838373895     
           5           4   1.05952236560623     
           6           5  0.960929505301947     
           7           6   1.38883548242308     
           8           7   1.43401765995538     
           9           8   1.42047383710755     
          10           9   1.43654391426290     
          11           6   1.34895582216482     
          11          10   1.38905613750715     
          12          11   1.00160024437618     
          13          12   1.00269756154125     
          14          13   1.38744283871910     
          15          14   1.43739839610671     
          16          15   1.42032531550632     
          17          16   1.43195465137438     
          18           5  0.958256180743395     
          18          13   1.34948434666066     
          18          17   1.38653633140614     
          19           4   1.30632264885200     
          20          19  0.956793561297434     
          21          19   1.42836673830942     
          22           2   1.34573871553342     
          22          21   1.36957812404198     
          23          22  0.953812665834611     
          24          23   1.01223440146614     
          25          24   1.37492281690259     
          26          25   1.42948099274199     
          27          26   1.42758367118877     
          28          27   1.42148727011730     
          29          24   1.32781011106408     
          29          28   1.40235105148760     
          30          29   1.00873172521619     
          31          30   1.00841230480523     
          32          31   1.40254749649226     
          33          32   1.42139223859906     
          34          33   1.42775017235457     
          35          34   1.42934143518528     
          36          23   1.01184024509014     
          36          31   1.32780110871422     
          36          35   1.37522590006835     
          37           3  0.933771998374509     
          38           7  0.945126973985870     
          39           8  0.943566450473097     
          40           9  0.943596245623803     
          41          10  0.943205320543617     
          42          14  0.943094357377052     
          43          15  0.943480440974569     
          44          16  0.943522210013119     
          45          17  0.943875918285570     
          46          21  0.939513355069572     
          47          25  0.941639837096444     
          48          26  0.944056682676746     
          49          27  0.943983447840849     
          50          28  0.943803716162543     
          51          32  0.943802205479116     
          52          33  0.943960063350700     
          53          34  0.943972416182955     
          54          35  0.941451095924090     
