           2           1   1.42280924929155     
           3           2   1.44608105435001     
           4           3   1.36524945093943     
           5           4   1.01093799699981     
           6           5  0.986489952722472     
           7           6   1.37191500796293     
           8           7   1.44489629944722     
           9           8   1.42093931670031     
          10           9   1.42767394453106     
          11           6   1.37767796780550     
          11          10   1.43933276829370     
          12           5  0.991491216684967     
          13          12   1.37706275069414     
          14          13   1.44070137788239     
          15          14   1.41845169743922     
          16          15   1.43264602665930     
          17          12   1.32502769912732     
          17          16   1.38870240134977     
          18          17  0.976454471739790     
          19          18   1.30708433741635     
          20          19   1.21713866795857     
          21          20   1.59472712732398     
          22          21   1.26610392288618     
          23          22   1.59553937874973     
          24          19   1.17527293613692     
          24          23   1.21664706422260     
          25          24   1.30840988246928     
          26          25  0.974790531613533     
          27          26   1.37899285588901     
          28          27   1.44795386096799     
          29          28   1.33225523683536     
          30          29   1.17497814738929     
          31          30   1.65686878375434     
          32          31   1.17505978793470     
          33          32   1.29545334685289     
          34          33  0.975309987046718     
          35          34   1.39264444523879     
          36          35   1.43138092189201     
          37          36   1.42104371516116     
          38          37   1.43869320884495     
          39          34   1.32955011180489     
          39          38   1.38117949282651     
          40          39  0.984064176432742     
          41          40   1.01268364348897     
          42          41   1.36552102693025     
          43          42   1.44580048015611     
          44          43   1.42326410349570     
          45          44   1.42245745906821     
          46          41   1.36474158669317     
          46          45   1.44648626057370     
          47          40  0.989677649486675     
          48          47   1.37086280867227     
          49          48   1.44518537635797     
          50          49   1.42164367303420     
          51          50   1.42750735498032     
          52          47   1.37625018474431     
          52          51   1.43971240303270     
          53          33   1.38240740504222     
          54          53   1.44811033787768     
          55          54   1.33330555715549     
          56          55   1.17387580534440     
          57          56   1.65876089943095     
          58          26   1.29245992420068     
          58          57   1.17419526066664     
          59          29   1.22323125755272     
          59          58   1.22576573735787     
          60          32   1.22634144920823     
          60          55   1.22310082609294     
          60          59   1.21530476170437     
          61          25   1.30472738587785     
          62          61   1.21683037846810     
          63          62   1.59521717454673     
          64          63   1.26648142574487     
          65          64   1.59436259545777     
          66          18   1.30602451230707     
          66          61   1.17645351580313     
          66          65   1.21822297205888     
          67           4   1.36544783973392     
          68           1   1.42296620706606     
          68          67   1.44573018929666     
          69           1  0.946644951269323     
          70           2  0.945355742482950     
          71           3  0.945411091415370     
          72           7  0.946245179264855     
          73           8  0.944996064731823     
          74           9  0.946203199855011     
          75          10  0.945180435453772     
          76          11  0.946247757954768     
          77          13  0.944035073073639     
          78          14  0.944151677428664     
          79          15  0.944351872235329     
          80          16  0.943493977156412     
          81          20  0.939992626186671     
          82          21  0.945604875581615     
          83          22  0.945542858986676     
          84          23  0.940929685472995     
          85          27  0.941398013695500     
          86          28  0.942834415639189     
          87          30  0.942147904637158     
          88          31  0.939187341903768     
          89          35  0.943657489494640     
          90          36  0.944484719066531     
          91          37  0.944204884825315     
          92          38  0.944542996031739     
          93          42  0.945827146671825     
          94          43  0.945392589677436     
          95          44  0.946730620006672     
          96          45  0.945342870286457     
          97          46  0.945738831550865     
          98          48  0.946381779289600     
          99          49  0.945205822952623     
         100          50  0.946393857846327     
         101          51  0.945064258495106     
         102          52  0.946338554804904     
         103          53  0.943140011921694     
         104          54  0.942919441719289     
         105          56  0.942067339635919     
         106          57  0.940074266783874     
         107          62  0.940748773506154     
         108          63  0.945570841921864     
         109          64  0.945586236896797     
         110          65  0.939571550078595     
         111          67  0.944378796520204     
         112          68  0.945338455861293     
