 -4.837669941220835E-002
 -4.352852656532225E-002
 -5.574320616587158E-002
  4.627708154452082E-002
  7.390417512806380E-002
 -4.643899908802496E-002
 -0.139255637239653     
  7.411858844169217E-002
 -4.644616562899362E-002
 -4.856663375751502E-002
 -4.406754005405400E-002
 -5.682560225185807E-002
  4.625492451950297E-002
 -0.128355044953200     
  6.008383254530303E-002
 -2.457425043373185E-002
 -2.176546439338001E-002
  5.013067495324819E-003
  8.062510054522853E-004
 -3.783543797891120E-002
 -1.108317427973127E-003
 -3.629021455244175E-002
 -2.984667734535229E-002
 -2.647135684138302E-002
 -2.473250083070155E-002
  8.203198950868629E-003
  4.930424620718954E-002
 -0.189570172759119     
  4.481961596511219E-002
 -2.445679511355703E-002
 -2.738965869404630E-002
 -2.763749069123556E-002
 -2.419317533901033E-002
  4.441967229545440E-002
 -0.190011870558645     
  4.937273012680965E-002
  4.275482772878703E-002
  4.389215786459233E-002
  4.325764920021058E-002
  4.092284199592522E-002
  4.100025339774438E-002
  4.277598123835402E-002
  4.374038148718007E-002
  4.299307193611801E-002
  4.584858976184158E-002
  5.503526876501796E-002
  4.662778064806139E-002
  4.464050250160334E-002
  4.344906662323722E-002
  4.256876514193697E-002
  4.842955250250436E-002
  4.242170682092117E-002
  4.409085997153062E-002
  4.414079348641764E-002
  4.232000277890191E-002
