           2           1  0.990544751702236     
           3           2   1.35797390990340     
           4           3   1.46501864258073     
           5           4   1.35158319893059     
           6           5   1.08551369115969     
           7           6   1.34903343088729     
           8           7   1.46805591720972     
           9           8   1.35615761496712     
          10           9  0.991131125377194     
          11           9   1.42159883544394     
          12           6   1.26801535606931     
          12          11   1.36978211851332     
          13          12   1.04838944315563     
          14          13  0.984431424467810     
          15          14   1.39479304620193     
          16          15   1.43526996609111     
          17          16   1.40794164620274     
          18          17   1.45644305110578     
          19          14   1.30501756730102     
          19          18   1.34808732638108     
          20          19   1.06062881889895     
          21          20   1.62673575170412     
          22          21   1.13562664531324     
          23          22   1.64585888653800     
          24          23   1.01949645225557     
          25          24   1.37479037492054     
          26          25   1.44023459616628     
          27          26   1.41860029391342     
          28          27   1.43256458922378     
          29          24   1.31134945722218     
          29          28   1.39423455675638     
          30          29  0.988501622250082     
          31          30   1.04351757537802     
          32          31   1.37456410556255     
          33          32   1.41746295019929     
          34          33  0.991034495550411     
          35          33   1.35936449860803     
          36          35   1.46529103563020     
          37          31   1.26851598178178     
          37          36   1.35166102770178     
          38          37   1.08305928803341     
          39          38   1.35354794343927     
          40          39   1.46078165586597     
          41          40   1.36349350786115     
          42          41  0.990495370955751     
          43          41   1.41418948153369     
          44          30   1.04491322793082     
          44          38   1.26811630973599     
          44          43   1.37573506530390     
          45          20   1.06069171723696     
          45          23   1.07648560783370     
          46           5   1.26503469851694     
          46          13   1.05016593400113     
          47           2   1.41681474151126     
          47          46   1.37196004164061     
          48           1  0.978966105429261     
          49           1  0.972860776963998     
          50           1  0.971486342467755     
          51           3  0.945248576938198     
          52           4  0.943007174839233     
          53           7  0.943302007233954     
          54           8  0.945163868185757     
          55          10  0.970016187692363     
          56          10  0.974687819652221     
          57          10  0.978747733089370     
          58          11  0.943910286344954     
          59          15  0.944120636787788     
          60          16  0.943635943901657     
          61          17  0.944045068515109     
          62          18  0.943886795192503     
          63          25  0.944299775868302     
          64          26  0.944059644072458     
          65          27  0.943791364302581     
          66          28  0.943765701630100     
          67          32  0.942441923412213     
          68          34  0.972246664398383     
          69          34  0.972055799917442     
          70          34  0.979044633524585     
          71          35  0.945217328990831     
          72          36  0.943043308304215     
          73          39  0.943132159953724     
          74          40  0.941783471860119     
          75          42  0.977532305516243     
          76          42  0.976342355176968     
          77          42  0.968197137175434     
          78          43  0.943518837948113     
          79          47  0.942460559381477     
