 -8.118784263970547E-002
 -3.070750692192004E-002
 -6.297185977006237E-003
 -3.897508255524773E-002
 -4.051205347532694E-002
  1.297595266393170E-003
  4.227356489873157E-002
 -0.155602417344420     
  7.289031055628259E-002
 -5.707250043134415E-002
 -4.660232754408344E-002
 -2.391152208505787E-002
  2.357336931422349E-002
 -9.772334297701768E-002
 -9.717622686735705E-002
 -2.566322404509691E-002
 -4.657455781550723E-002
 -5.138071221159901E-002
  6.961769259865536E-002
 -0.175348257112462     
 -6.146122409703025E-002
 -4.413348846971665E-002
 -4.377973297412918E-002
 -4.894118024529259E-002
 -4.542101938902743E-002
 -3.832537282833481E-002
  4.126243250563799E-002
  3.304621118488826E-002
  3.554668151856055E-002
  3.773181123046099E-002
  4.010766441809110E-002
  5.162189591822641E-002
  4.723019832709274E-002
  3.931496143563662E-002
  4.211409663754606E-002
  3.593034567357101E-002
  3.369505709718967E-002
  3.441007215990932E-002
  3.673455555501548E-002
  3.414404625666601E-002
  3.391128034811686E-002
  4.098312755118017E-002
  3.702837698704131E-002
  0.165490207970367     
  3.228681840020575E-002
  4.077102445220504E-002
  4.050771523741636E-002
  3.626131398265398E-002
  3.547124151460324E-002
  4.154310901011815E-002
