 -0.135375522284434     
  0.284578337781696     
 -0.142302529006127     
 -0.131176345982457     
  2.857262706237007E-002
 -1.252470103549186E-002
 -1.843255926838072E-002
  7.634865866938911E-002
 -8.380800608626959E-002
  6.862381423328312E-002
  2.321851126848040E-002
 -3.937145494707117E-002
 -3.465917574515398E-002
  1.282331019067939E-004
 -3.306621776144603E-003
 -3.047900894709965E-002
 -2.087967190050222E-002
  2.532966705514639E-002
  6.110693455230454E-002
 -0.226193559393442     
 -1.710111817322701E-002
  1.945104760525762E-002
 -3.063960004491140E-002
 -3.526711061080423E-002
 -4.256924230492309E-002
 -3.786935813650416E-002
 -4.516900634541887E-002
 -1.352776415777690E-003
  1.228339158842617E-002
 -3.925051023496717E-002
 -3.361266846676259E-002
 -3.703608336023922E-002
 -3.162447022858306E-002
 -3.102993371727969E-002
 -7.601620382973096E-002
  6.777815726378122E-002
 -3.012489919809713E-002
 -2.657045849017514E-002
 -3.442851213075215E-002
 -2.728788966765894E-002
 -3.215102661655411E-002
 -3.936688134131838E-002
 -3.456999305120245E-002
 -2.869355458101719E-002
 -1.975451036211151E-002
 -0.217821921031442     
 -8.274115350350719E-003
  1.353817039371874E-002
 -2.771307003572865E-002
 -3.462902995012751E-002
 -3.979140413900417E-002
 -4.360438794202981E-002
 -1.168338838673222E-002
 -2.545654699014577E-003
 -3.950646628461030E-002
 -3.960653887535148E-002
 -3.645292118102184E-002
 -4.987153983351789E-002
  4.054229082081751E-003
  1.049833621804419E-002
 -1.619898399596487E-002
 -1.320336561063051E-002
  5.240842142762403E-002
  4.920369521928925E-002
  4.323820981759685E-002
  4.160850761108659E-002
  4.303297933109740E-002
  4.850220277800799E-002
  4.102563870870790E-002
  3.853653215949604E-002
  3.674172566040013E-002
  3.769336604657747E-002
  3.727741312791133E-002
  3.869563713222102E-002
  3.970092659816860E-002
  3.885574612474241E-002
  4.078365964257824E-002
  4.073971040993107E-002
  4.245409112601473E-002
  4.475111969616574E-002
  4.122453644417556E-002
  4.445809634390763E-002
  4.140938459454979E-002
  4.404023419986014E-002
  4.147820845730632E-002
  4.443159040229461E-002
  4.850639812788782E-002
  4.416432157992212E-002
  4.077305179178736E-002
  3.932600594416458E-002
  4.175239653992313E-002
  4.474226407981641E-002
  4.056674550882400E-002
  4.094993272734559E-002
  4.074993092872070E-002
  4.948860635994601E-002
  5.207634847217291E-002
