 -0.136495089172884     
  0.285983465785632     
 -0.138841946850699     
 -0.127873050117772     
  3.317924493974456E-002
 -2.255985129572124E-002
 -1.528854502305421E-002
 -2.221699899361518E-002
  8.092912840428212E-002
 -7.811941751993956E-002
  6.527262066518613E-002
  1.464529483943844E-002
 -4.546714379545591E-002
 -3.952587203041258E-002
  7.790600384982316E-002
 -0.162837426507874     
  3.532879713836135E-002
 -5.588803166209200E-002
 -5.219287942845607E-002
  2.053151435159783E-002
 -9.486453315662047E-002
  2.891530568264589E-002
 -5.137745760025769E-002
 -3.954579823475424E-002
 -4.294462079493844E-002
 -3.490917980226005E-002
 -3.263959208525247E-002
 -3.122992965881455E-002
 -4.282662114146074E-002
 -5.401719590452725E-002
 -4.432136926856600E-002
 -4.994892421257902E-002
  2.814977640829985E-002
 -4.281548407288227E-002
 -2.314762478876897E-002
 -0.226415480092665     
 -1.545856655715117E-002
  1.957021906034440E-002
 -3.156679416049180E-002
 -3.618274892750595E-002
 -4.327779367833084E-002
 -3.799534667213766E-002
 -4.560023885338982E-002
 -5.161247217851717E-003
  1.107749188622797E-002
 -3.079252805732224E-002
 -3.062132902470793E-002
 -3.558555649740303E-002
 -3.325412942122341E-002
 -4.133130341201152E-002
 -1.998948418750945E-002
  4.747402987481242E-002
  5.247668206737521E-002
  4.728470782464866E-002
  4.637325335495013E-002
  3.939445224002358E-002
  4.626004006509565E-002
  3.811306911938872E-002
  3.349119446535753E-002
  3.622077366066068E-002
  3.467983060495416E-002
  3.525561580126146E-002
  4.744981707497919E-002
  5.135301780916512E-002
  3.680452872892770E-002
  4.133329013181075E-002
  4.362644621550538E-002
  4.125653308530230E-002
  4.204251589075403E-002
  3.997494410430802E-002
  4.156456046620272E-002
  3.828394753314768E-002
  4.106738554634881E-002
  5.101731207132787E-002
  4.227765849294840E-002
  3.796079452059753E-002
  3.650559398551156E-002
  3.766218709840141E-002
  3.767541436921718E-002
  4.068641027299447E-002
  4.097740010010320E-002
  3.934505358089024E-002
  3.989209509251779E-002
  3.793991238007788E-002
  4.991779923819895E-002
