           2           1   1.42579961743450     
           3           2   1.44226527377196     
           4           3   1.37366886512052     
           5           4   1.00094619537163     
           6           5   1.33891286238076     
           7           6   1.46326763807702     
           8           7   1.36389431304478     
           9           8   1.26055925758459     
          10           5   1.39949391242473     
          10           9   1.36544790095707     
          11           9   1.08433881225946     
          12          11   1.35487598007601     
          13          12   1.45912075334777     
          14          13   1.39543183178723     
          15          14   1.45070343762733     
          16          11   1.26573255956203     
          16          15   1.37065043017241     
          17           8   1.05561242937786     
          17          16   1.05259042820480     
          18          17  0.982096877684022     
          19          18   1.37069728381665     
          20          19   1.45888651223196     
          21          20   1.35447331353001     
          22          21   1.02717666072497     
          23          22   1.36597308451275     
          24          23   1.36971067277898     
          25          24   1.01949511275540     
          26          25   1.36696729915787     
          27          26   1.44529622346938     
          28          27   1.42421959492443     
          29          28   1.42242952628467     
          30          25   1.36352359887519     
          30          29   1.44727091277155     
          31          24   1.34199829621108     
          32          31   1.35846176106467     
          33          32   1.03748068701778     
          34          33   1.36028237166932     
          35          34   1.44920065748918     
          36          35   1.42160385108903     
          37          36   1.42179306091616     
          38          33   1.36046405950898     
          38          37   1.44898543815471     
          39          22   1.33790578698285     
          39          32   1.36125706575178     
          40          21   1.35855656345472     
          41          18   1.37285589927499     
          41          40   1.45631046926137     
          42           4   1.37382244764333     
          43           1   1.42582840801724     
          43          42   1.44218832401213     
          44           1  0.947545534001319     
          45           2  0.946625100513712     
          46           3  0.947009872753568     
          47           6  0.943244150943362     
          48           7  0.941844097486059     
          49          10  0.943449466454862     
          50          12  0.944675244955294     
          51          13  0.944998978425647     
          52          14  0.944699566095945     
          53          15  0.943783545790434     
          54          19  0.944537579518829     
          55          20  0.942672941076897     
          56          23  0.943140040818488     
          57          26  0.946564918714309     
          58          27  0.946544272812438     
          59          28  0.947386723731163     
          60          29  0.946457527004735     
          61          30  0.946301763881016     
          62          34  0.946041217151747     
          63          35  0.946624662783846     
          64          36  0.947355945994944     
          65          37  0.946626787494156     
          66          38  0.946017925939259     
          67          40  0.943092906421412     
          68          41  0.944615902063920     
          69          42  0.947007444376937     
          70          43  0.946587182073663     
