           2           1   1.44175756444385     
           3           2   1.41704328720582     
           4           3   1.39068849306978     
           5           4   1.30371060242713     
           6           1   1.40976165698531     
           6           5   1.41283720663995     
           7           5   1.00590477174062     
           8           7   1.00595340580595     
           9           8   1.41274751393412     
          10           9   1.40982084215365     
          11          10   1.44167152696079     
          12          11   1.41715079672308     
          13           8   1.30377463633526     
          13          12   1.39058004621353     
          14           4   1.01096459484401     
          14          13   1.01106534702271     
          15          14  0.963895499144475     
          16          15   1.37902397084345     
          17          16   1.45028461495220     
          18          17   1.36266808729639     
          19          18   1.01569729596918     
          20          19   1.34814175018638     
          21          20   1.44507167836135     
          22          21   1.33751927353176     
          23          22   1.05495844655475     
          24          23   1.34855443880922     
          25          24   1.45996694023275     
          26          25   1.37168848842705     
          27          26  0.969875808410981     
          28          27   1.00918170232939     
          29          28   1.39032293125690     
          30          29   1.41792535912016     
          31          30   1.44070937442313     
          32          31   1.41109773797185     
          33          28   1.30483612830896     
          33          32   1.41145392540846     
          34          33   1.00629720101388     
          35          34   1.00629703736217     
          36          35   1.41141492409770     
          37          36   1.41112808625969     
          38          37   1.44067478658259     
          39          38   1.41797091863093     
          40          27   1.00920603671586     
          40          35   1.30487723656295     
          40          39   1.39027350147167     
          41          26   1.37146357224321     
          42          23   1.34834693284143     
          42          41   1.46019907922617     
          43          22   1.33771392899595     
          44          19   1.34842036199171     
          44          43   1.44480287344939     
          45          18   1.36311776337920     
          46          15   1.37947131108714     
          46          45   1.44981441725249     
          47           1  0.944623723618133     
          48           2  0.943884348499855     
          49           3  0.941725892340284     
          50           6  0.945744226241955     
          51           9  0.945748309618548     
          52          10  0.944629888914298     
          53          11  0.943886619845440     
          54          12  0.941794000799164     
          55          16  0.945026324717891     
          56          17  0.943876942009577     
          57          20  0.945613603856285     
          58          24  0.942771089997423     
          59          25  0.945002387434061     
          60          29  0.941376119041108     
          61          30  0.943831991899131     
          62          31  0.944589776696160     
          63          32  0.945724071526083     
          64          36  0.945724092447067     
          65          37  0.944589966116362     
          66          38  0.943833288035125     
          67          39  0.941390564711210     
          68          41  0.945001084822793     
          69          42  0.942745433682795     
          70          44  0.945620308125782     
          71          45  0.943909185189506     
          72          46  0.945030548629167     
