 -3.077891832674062E-002
 -2.493050945826703E-002
 -2.551560660509633E-002
  2.616169874213714E-002
  0.111480749321019     
 -0.212381781489785     
  0.115766159126311     
  2.739833145319226E-002
 -2.361981168411553E-002
 -2.461778436355733E-002
 -3.131299154375000E-002
 -2.593672396921853E-002
 -2.582030050084327E-002
 -0.208137506576993     
  0.118289613395338     
  3.036908814539840E-002
 -1.963961232872968E-002
  7.161358096191695E-002
 -8.666060588520352E-002
  3.917090992754746E-002
 -4.300720961455440E-002
 -4.115000498637755E-002
 -5.067223095750162E-002
 -3.905835958335491E-002
 -2.625772558669226E-002
 -2.717179358360422E-002
 -3.839870662099276E-002
 -4.920706389908069E-002
 -3.713848127121633E-002
 -3.843422780206840E-002
  4.366144689675844E-002
  3.037199398592660E-002
  0.118153159743725     
 -0.217245628880559     
  0.111435517460615     
  2.617591242660922E-002
 -2.547007311715177E-002
 -2.490948327223919E-002
 -3.077229301599260E-002
 -2.479033994071944E-002
 -2.580326467658001E-002
 -0.212534234478444     
  0.115706066222769     
  2.739155482870270E-002
 -2.582813239881965E-002
 -2.597058771178240E-002
 -3.136006319561346E-002
 -2.464471581151972E-002
 -2.361354272370608E-002
 -0.208188938636964     
 -1.954037585328372E-002
  7.157341700277886E-002
 -8.681757224146747E-002
  3.917064137779702E-002
 -4.300668596171597E-002
 -4.116039570643970E-002
 -5.069091885920507E-002
 -3.906087506963019E-002
 -2.626458583595248E-002
 -2.719587983125482E-002
 -3.840563241248596E-002
 -4.921689940910667E-002
 -3.712131970850763E-002
 -3.845058655777223E-002
  4.358757562951077E-002
 -0.217213745768531     
 -2.579265549368515E-002
 -2.480713389153522E-002
  4.175028627106903E-002
  4.068536915452159E-002
  4.607126895536795E-002
  4.884554726047141E-002
  4.071004790736410E-002
  4.093636131654044E-002
  4.001415893183424E-002
  4.511012035035289E-002
  5.653404338348178E-002
  4.114795389979309E-002
  4.268753163232053E-002
  3.909600099617561E-002
  4.149191558624443E-002
  4.048201854929989E-002
  3.870113031196809E-002
  4.295333607335261E-002
  4.034835456566999E-002
  4.609665266283780E-002
  4.068989484881225E-002
  4.175025971234492E-002
  4.077199043455615E-002
  4.578666381375340E-002
  4.510216333089767E-002
  4.000434424813637E-002
  4.091280061333846E-002
  4.070213430673875E-002
  4.879353815708987E-002
  5.662846654258014E-002
  4.108510951865041E-002
  4.267244606454301E-002
  3.909199632134197E-002
  4.149433754530951E-002
  4.047855904465847E-002
  3.868732213657733E-002
  4.294466427304044E-002
  4.038949997311347E-002
  4.581253306948208E-002
  4.078627868666174E-002
