 -0.217322580959111     
  0.136459019960928     
 -1.493448298397837E-002
 -2.689030734375208E-004
 -3.734916743384886E-002
 -4.335418461564622E-002
 -6.131836803509039E-003
 -2.794345842810486E-002
 -2.543839228445677E-002
 -2.707818347509949E-002
 -2.865020464939505E-002
  4.740929171046737E-002
 -0.136226255896877     
  4.632390002852560E-002
 -6.140865924678707E-002
 -4.089776879157725E-002
 -4.696023553909967E-002
 -4.227138182425971E-002
 -8.536508892501793E-003
 -4.217105750968564E-003
 -7.887436859950192E-003
 -4.059386273739474E-002
 -4.303946571194572E-002
 -4.034866811305360E-002
 -6.016266555961280E-002
  4.371051694990546E-002
  0.320280164617333     
 -0.400197742166135     
 -5.007591128175548E-002
 -3.390825618375004E-002
 -2.931720073346167E-002
 -3.515207287816580E-002
 -3.233380282379450E-002
 -4.246879955686556E-002
 -4.559151735566314E-002
 -4.772092347880985E-002
 -3.405462759124056E-002
 -3.569181759585316E-002
 -2.838206820089528E-002
 -2.965407552248323E-002
 -3.237866959376134E-002
 -3.622082613649980E-002
  2.302762002470149E-002
  6.131610949987243E-002
  6.252167672675613E-002
  7.339084795060768E-002
  5.671804581764794E-002
  4.602977903498762E-002
  4.621398278737554E-002
  4.315830208703042E-002
  4.227187261149967E-002
  4.348322893666046E-002
  4.313055255621900E-002
  4.453982232462350E-002
  4.519906982564448E-002
  4.466365299331920E-002
  4.396949335005707E-002
  4.173326513133357E-002
  4.603812236596183E-002
  4.026424546557472E-002
  3.967676735315739E-002
  3.904501534772187E-002
  4.023471465286077E-002
  4.177069761870866E-002
  3.860803091036491E-002
  3.942383456471665E-002
  3.979899559918554E-002
  4.846608989497914E-002
  5.165131551884250E-002
  5.364167651217844E-002
