           2           1   1.91660036736187     
           3           2   1.05688806402039     
           4           3   1.36103556263479     
           5           4   1.44818754261398     
           6           5   1.39155356069639     
           7           6  0.964128860642906     
           8           7  0.978056646257815     
           9           8   1.04777591437321     
          10           9   1.39010680960428     
          11          10   1.40372042347516     
          12          11   1.44873829558500     
          13          12   1.36069099458597     
          14           9   1.28966326251350     
          14          13   1.28747572486530     
          15          14   1.09019089704422     
          16          15   1.35349281354605     
          17          16   1.45731160838089     
          18          17   1.39897238162482     
          19          18   1.44517987244505     
          20          15   1.26686274753947     
          20          19   1.37672344125980     
          21          13   1.04235966100662     
          21          20   1.04188601904952     
          22          21  0.997861711373270     
          23          22   1.37048085260447     
          24          23   1.40749988272360     
          25          24  0.990749291749072     
          26          25   1.04060040816961     
          27          26   1.37777848170178     
          28          27   1.44438617678035     
          29          28   1.39944179759475     
          30          29   1.45693680093819     
          31          26   1.26606409209056     
          31          30   1.35380557798539     
          32          31   1.08996155691824     
          33          32   1.28985779083395     
          34          33   1.04718379331189     
          35          34  0.977036579115195     
          36          35  0.964171646853586     
          37          36   1.38388066896135     
          38          37   1.45640828044947     
          39          38   1.35140080886390     
          40          39   1.05731057338106     
          41          40   1.91608473738086     
          42          39   1.36005341844443     
          43          36   1.39067824290164     
          43          42   1.44932437775597     
          44          33   1.39028609679937     
          45          44   1.40367700724653     
          46          45   1.44905138776686     
          47          25   1.04331802406272     
          47          32   1.28712500198205     
          47          46   1.35988488965915     
          48          24   1.28909975574212     
          49          48   1.06775035161228     
          50          49   2.80984067361405     
          51          48   1.28694867324878     
          52          51  0.984742498159750     
          53          52   1.04253440590148     
          54          53   1.37792206625715     
          55          54   1.44447205616782     
          56          55   1.39935390305655     
          57          56   1.45676458066095     
          58          53   1.26480720512182     
          58          57   1.35412244972332     
          59          58   1.09032106620765     
          60          59   1.28969249718012     
          61          60   1.04678352281681     
          62          61  0.977948838073322     
          63          62  0.963584908714810     
          64          63   1.38910900892367     
          65          64   1.45073720861177     
          66          65   1.35805322458021     
          67          66   1.05136644630939     
          68          67   1.92250863909399     
          69          66   1.35830902814468     
          70          63   1.38674384464300     
          70          69   1.45250637378778     
          71          60   1.39031175453862     
          72          71   1.40338398609279     
          73          72   1.44950598277174     
          74          52   1.04415231589135     
          74          59   1.28672230901410     
          74          73   1.35960579731958     
          75          22   1.36597544543724     
          75          51   1.41493087461276     
          76           6   1.38291009581171     
          77           3   1.35074878845986     
          77          76   1.45753448252105     
          78           1  0.961980290634756     
          79           1  0.962442959144356     
          80           2  0.942795907492607     
          81           4  0.945161676514842     
          82           5  0.946037074683504     
          83           7  0.961543715336387     
          84           7  0.957933339777469     
          85          10  0.941636230364428     
          86          11  0.941191564648089     
          87          12  0.942087758184760     
          88          16  0.943368530218361     
          89          17  0.944886654973643     
          90          18  0.944651622341958     
          91          19  0.941688195320692     
          92          23  0.939914316045694     
          93          27  0.943819465248811     
          94          28  0.944765525410860     
          95          29  0.944951046061802     
          96          30  0.943421396615662     
          97          35  0.958688664185653     
          98          35  0.961963994535550     
          99          37  0.946164787997797     
         100          38  0.944577047601626     
         101          40  0.942804498578856     
         102          41  0.961991824219522     
         103          41  0.962513748773785     
         104          42  0.945034868181505     
         105          43  0.945936047337032     
         106          44  0.941692221323883     
         107          45  0.941324921816618     
         108          46  0.941100734374802     
         109          54  0.942636062092317     
         110          55  0.944859612509027     
         111          56  0.945001671083242     
         112          57  0.943477347860490     
         113          62  0.962068524657906     
         114          62  0.958484301476208     
         115          64  0.945343408717498     
         116          65  0.944895361580517     
         117          67  0.942427508827858     
         118          68  0.961964863026617     
         119          68  0.962273917967113     
         120          69  0.945086200151978     
         121          70  0.946426371079361     
         122          71  0.941764847693631     
         123          72  0.941402199218975     
         124          73  0.941733435818203     
         125          75  0.941007006255287     
         126          76  0.946207368196230     
         127          77  0.944504023527094     
