 -7.824798656388143E-002
 -3.041472464408201E-002
 -2.664569621695811E-003
 -3.656918632004569E-002
 -3.754181456739758E-002
 -3.101488592543333E-003
  3.393560295652964E-002
 -0.185707319357660     
  7.486406443122950E-002
 -5.175382399794515E-002
 -3.729826978724571E-002
 -4.916162864569351E-002
  3.564201255975785E-002
 -2.619985091404953E-002
 -2.102652237773750E-002
 -3.076324213688508E-002
 -4.654338181805340E-002
 -3.848856235514031E-002
 -4.601703399150114E-002
  3.487597409426479E-002
 -9.068074236956747E-002
  7.842172347504750E-002
 -2.937228019105209E-002
  7.667998723806102E-002
 -9.813384945670389E-002
  3.369192933748844E-002
 -4.775005412558020E-002
 -4.121508078667890E-002
 -4.758174757489986E-002
 -3.391713731300516E-002
 -2.087027597640478E-002
 -3.238099886953361E-002
  8.232848488501920E-002
 -0.158982377469151     
  4.051981408700911E-002
 -3.541442662283067E-003
 -4.775295265159762E-002
 -4.310894453308656E-002
 -4.617147236757546E-003
 -3.421223588250477E-002
 -7.993482328318624E-002
 -3.414572265208715E-002
 -3.863590338592715E-002
 -6.185696679164909E-002
 -3.521571215778430E-002
 -5.546403086907947E-002
  3.556932157580839E-002
  6.266395067138220E-004
  9.584004146076319E-002
 -0.207376465723207     
  7.719818826117919E-002
 -9.163200079417955E-002
  3.268416374445504E-002
 -4.903107484064062E-002
 -4.268070748768338E-002
 -4.749121910485332E-002
 -3.533122371839070E-002
 -2.217546396839420E-002
 -3.782385825688550E-002
  8.013155146322859E-002
 -0.146037437212853     
  4.369438070765064E-002
  3.703170108204645E-005
 -3.941734243231299E-002
 -3.541119729759412E-002
 -5.363032621390929E-003
 -3.106838712792204E-002
 -7.771294658934558E-002
 -4.033695090368195E-002
 -4.615560168677479E-002
 -6.746409915616969E-002
 -3.396626913458878E-002
 -5.422889755312532E-002
  3.627943063765571E-002
 -3.655577067293603E-002
 -4.074158868779154E-002
 -4.098928749655251E-002
  3.426905349062481E-002
  4.120247240943054E-002
  3.724911624166638E-002
  3.983565226741548E-002
  3.792790905416210E-002
  4.832319452038336E-002
  4.549792940414910E-002
  4.010765103808434E-002
  4.988923453661243E-002
  4.292525439983086E-002
  4.648845055563211E-002
  3.989638019492969E-002
  4.302626369188123E-002
  4.025420217245379E-002
  5.113773943501676E-002
  3.801150537407205E-002
  4.241570254395521E-002
  3.983331237853660E-002
  4.480589925424527E-002
  4.645074521724657E-002
  5.020957137008819E-002
  3.400216567051317E-002
  3.613734395499779E-002
  3.391767526375800E-002
  3.980644258145638E-002
  4.192755916937652E-002
  4.617714095658387E-002
  4.087850841515073E-002
  4.023628372246268E-002
  4.881643105423439E-002
  3.931571275670276E-002
  4.108073344933039E-002
  4.309790201495689E-002
  4.017900363592686E-002
  4.476308145220398E-002
  5.151946504790628E-002
  4.740112931677964E-002
  4.107625140296378E-002
  4.232592588573136E-002
  3.516149874198438E-002
  3.599259933723464E-002
  4.053194180078101E-002
  3.768196372854915E-002
  3.500328275071540E-002
  4.128256605361902E-002
  5.047500145054462E-002
  4.282044556265818E-002
  5.081524584050723E-002
  3.764564236330459E-002
  3.701412934290815E-002
