  6.340148631484244E-003
 -0.160821759961472     
  6.393884822448781E-002
 -4.733879013712006E-002
 -4.549471997177967E-002
  3.902826806094595E-002
 -0.129259174332508     
  4.084868551228116E-002
 -4.669520850038111E-002
 -4.818377590619516E-002
  6.279217083443767E-002
 -0.161651567161214     
  6.248511808480295E-003
 -5.535466991135429E-002
 -4.846110807982651E-002
  4.814938404704838E-002
 -4.849906327525755E-002
 -3.465807242407681E-002
 -4.941702328152431E-002
 -2.226285275662043E-003
  4.783150523388358E-002
 -0.129595826580418     
  4.111663776852925E-002
 -4.763917115449523E-002
 -4.746118533861488E-002
  6.278900079485172E-002
 -0.161475048358193     
  6.194074350595269E-003
 -5.605889608808390E-002
 -4.737070026215395E-002
  3.880913992600554E-002
 -4.662864322258109E-002
 -4.800845844761970E-002
  6.391387594390174E-002
 -0.160878894216215     
  6.378393512599612E-003
 -5.549493933795180E-002
 -4.643674536011400E-002
 -4.878896865581783E-002
 -3.504894066147024E-002
 -4.923553924669832E-002
 -2.266544785198832E-003
 -4.725280971266077E-002
 -5.607423515242704E-002
  4.151932953491999E-002
  4.400663643812996E-002
  4.155283037078394E-002
  4.041139461207222E-002
  4.106696300885337E-002
  4.136686917593324E-002
  4.030247006486964E-002
  4.168618415539538E-002
  4.387846606529888E-002
  4.146065934167842E-002
  4.133956922981930E-002
  4.256293504919195E-002
  4.000856554828724E-002
  4.485993746693284E-002
  4.492243878551982E-002
  4.135754127999391E-002
  4.012089377581185E-002
  4.143096864764118E-002
  4.394031548896016E-002
  4.143394258342015E-002
  4.124140062399173E-002
  4.236853195366153E-002
  4.158863824466263E-002
  4.025262647570693E-002
  4.162215404446945E-002
  4.155382714183775E-002
  4.403537962063808E-002
  4.136797782295376E-002
  4.211947573512898E-002
  3.998933462395982E-002
  4.491905485427006E-002
  4.540807548770232E-002
  4.257167821311147E-002
  4.113105468386546E-002
