           2           1   1.44008682715936     
           3           2   1.41210153703580     
           4           3   1.41038748556569     
           5           4   1.30595247511809     
           6           1   1.41837808248505     
           6           5   1.39034514091373     
           7           5   1.00732790211147     
           8           7   1.00801406087718     
           9           8   1.39037667220459     
          10           9   1.41800824629753     
          11          10   1.44026307921678     
          12          11   1.41194682306496     
          13           8   1.30546158495749     
          13          12   1.41041560040821     
          14           4   1.00643146841825     
          14          13   1.00714922817579     
          15           7  0.972442169526428     
          16          15   1.37420280764202     
          17          16   1.45232503813042     
          18          17   1.35846114670975     
          19          18   1.35550401146869     
          20          15   1.37224903988565     
          20          19   1.45529678954873     
          21          18  0.982432393178703     
          22          21   1.81216478605874     
          23          21  0.982722996013854     
          24          23   1.35831512978285     
          25          24   1.45241919492381     
          26          25   1.37418061618938     
          27          26   1.37230026622776     
          28          23   1.35540415174804     
          28          27   1.45531180899857     
          29          26  0.972324780325552     
          30          29   1.00735163955422     
          31          30   1.39037376598092     
          32          31   1.41834077295017     
          33          32   1.44012562266846     
          34          33   1.41206129820872     
          35          30   1.30591419087361     
          35          34   1.41042888809502     
          36          35   1.00642360183715     
          37          36   1.00713832521216     
          38          37   1.41042693655387     
          39          38   1.41192868180467     
          40          39   1.44027112517915     
          41          40   1.41801501464185     
          42          29   1.00804889881562     
          42          37   1.30546160197259     
          42          41   1.39035843880988     
          43           1  0.943769776992221     
          44           2  0.944536995104086     
          45           3  0.945700340260077     
          46           6  0.941309816844501     
          47           9  0.941360863060282     
          48          10  0.943872956705038     
          49          11  0.944518826998615     
          50          12  0.945684581933809     
          51          16  0.944692608840244     
          52          17  0.942047686102073     
          53          19  0.943596681207193     
          54          20  0.944378803559869     
          55          24  0.942019266702842     
          56          25  0.944699688681243     
          57          27  0.944384874150679     
          58          28  0.943586937905367     
          59          31  0.941318707356487     
          60          32  0.943770969393637     
          61          33  0.944537747417519     
          62          34  0.945701227532904     
          63          38  0.945686841111514     
          64          39  0.944521478041724     
          65          40  0.943873413285820     
          66          41  0.941378056295405     
