 -3.726188466615366E-002
 -2.873643845731522E-002
 -3.159633836725551E-002
  6.518087363611613E-002
 -8.942287564180162E-002
  3.179967047504695E-002
 -4.736270369042828E-002
 -4.482314133708609E-002
 -5.153527219753951E-002
 -4.521252781731189E-002
 -2.394667803934247E-002
 -4.110748359099858E-002
  3.692953361676254E-002
 -4.100977261421512E-002
 -2.263349087159661E-002
 -4.720218241467045E-002
 -5.035700589670800E-002
 -4.270348781391142E-002
 -4.510813368128463E-002
  3.278529029837163E-002
 -8.694489492484259E-002
  7.109657361721311E-002
 -2.258458275459407E-002
 -1.764155397802636E-002
  4.350065575934670E-002
 -0.190916244960966     
  5.021354741692452E-002
  7.030187214190686E-003
 -2.543169797417466E-002
 -2.771436660518845E-002
 -3.047238465778701E-002
 -3.731782472306833E-002
 -2.488700580444814E-003
 -2.722077988804195E-003
 -3.713593414460714E-002
 -3.060204241841102E-002
 -2.742223367146224E-002
 -2.529014398810059E-002
  7.734879026844332E-003
  4.988783153267340E-002
 -0.188700111714156     
  4.899985618761526E-002
 -2.621127636771536E-002
  3.559120288294126E-002
 -4.408699629939505E-002
 -2.549318025965963E-002
 -4.548959471070990E-002
 -4.947170561661540E-002
 -4.383754548392194E-002
 -4.778873345864021E-002
  3.071546589258167E-002
 -9.030709361825906E-002
  6.453723321718607E-002
 -3.179469636427257E-002
 -3.021948218148740E-002
 -3.678039258398602E-002
 -2.858284007606926E-002
 -3.003973091211964E-002
  3.686228105607103E-002
 -3.245704744146494E-002
 -3.026265676849604E-002
  3.982992135313101E-002
  4.310432400069375E-002
  4.037359518446626E-002
  4.068572701917716E-002
  4.191738228770525E-002
  3.968464954669504E-002
  4.633528121403541E-002
  4.697724840782003E-002
  3.985914374263577E-002
  4.274640962143916E-002
  4.255374741176254E-002
  5.008995717289799E-002
  5.068728268125955E-002
  4.759433620921383E-002
  4.226085423653103E-002
  4.277417516795345E-002
  4.373901940314529E-002
  4.375440433341582E-002
  4.283735568589198E-002
  4.234118493012196E-002
  4.784499646382734E-002
  4.495328955968092E-002
  4.667696442580482E-002
  4.128620693757468E-002
  4.213096411223227E-002
  4.002508769696800E-002
  3.997732236976359E-002
  4.289641107512299E-002
  3.973361347179194E-002
  4.301592337788740E-002
  4.087384999275212E-002
  4.080910746450450E-002
  4.299236593721778E-002
