 -2.930726197198386E-002
 -2.390069489669244E-002
 -2.472739372459376E-002
  2.611132524596238E-002
  0.112757206572514     
 -0.211675911363990     
  0.112591016986821     
  2.604996014336214E-002
 -2.473855926179169E-002
 -2.387452240885857E-002
 -2.927263777760736E-002
 -2.414857632674128E-002
 -2.619374561315357E-002
 -0.217946792716281     
  0.117890003379089     
  3.451609147616841E-002
 -2.536837782610046E-002
  6.964878696592480E-002
 -9.899144120389280E-002
  3.671347129838054E-002
 -4.087545078707588E-002
 -3.121729926683336E-002
 -3.926440479262450E-002
 -2.294431066453217E-002
 -1.183636612176375E-002
  2.611209798405811E-002
 -0.183603587535262     
  7.678987465302711E-003
 -3.435483356937574E-002
 -2.901122944523582E-002
  3.743754969220703E-002
  5.188447467441826E-002
 -0.100926664132514     
  3.559939480574004E-002
 -4.313239511973244E-002
 -3.292440312599343E-002
 -4.012159814368754E-002
 -2.273596238145892E-002
 -1.072340143295136E-002
  2.705440362475997E-002
 -0.181844810962398     
  1.036282776547282E-002
 -3.131040528834728E-002
 -2.908306179636355E-002
  3.863372248176233E-002
  6.911024809400290E-002
 -0.100001418778997     
  3.451868553116766E-002
 -4.260390337141029E-002
 -3.664399611169511E-002
 -4.252025785837077E-002
 -2.382944724790370E-002
 -1.182129658522690E-002
  2.544970733623808E-002
 -0.182520502285805     
  1.101653747097986E-002
 -2.993483322445201E-002
 -2.774262917911940E-002
  3.846998035245708E-002
 -2.460032978684623E-002
 -0.217419970695252     
 -2.601532084964120E-002
 -2.411899354432467E-002
  4.232147615846715E-002
  4.117203273306902E-002
  4.602826716580588E-002
  4.606747662414568E-002
  4.119403658014276E-002
  4.235952831580847E-002
  4.118526457513094E-002
  4.496832515053262E-002
  5.832329847778717E-002
  4.023671696045494E-002
  4.593757074448046E-002
  4.197146143747121E-002
  4.782487205659358E-002
  5.121143465620193E-002
  4.312974587923524E-002
  4.167086243464047E-002
  3.994539264062491E-002
  4.551460549290998E-002
  4.175049574189071E-002
  4.833991687081007E-002
  5.099498794353752E-002
  4.316282839397501E-002
  4.107571327696935E-002
  4.172543872507606E-002
  4.514042700069087E-002
  4.185827593933478E-002
  4.906177524150124E-002
  5.130540473367184E-002
  4.374467313630326E-002
  4.149583240665944E-002
  5.905517566803076E-002
  4.524414293671453E-002
  4.120506373136479E-002
