           2           1   2.79524833852306     
           3           2   1.06630437770074     
           4           3   1.65116600269322     
           5           4   1.09564437995627     
           6           5   1.34080977402248     
           7           6   1.45364084925304     
           8           7   1.41891083703338     
           9           8   1.41653837945468     
          10           5   1.33794538800685     
          10           9   1.45672065106749     
          11           3  0.998513315731775     
          12          11   1.35547657727047     
          13          12   1.46242917733920     
          14          13   1.35530265435518     
          15          14  0.998628635428721     
          16          15   1.06626009118852     
          17          16   2.79530480785694     
          18          15   1.65115871685178     
          19          18   1.09557557576657     
          20          19   1.33796970853464     
          21          20   1.45671692788525     
          22          21   1.41653679643817     
          23          22   1.41892889758548     
          24          19   1.34084837785085     
          24          23   1.45361616181661     
          25          14   1.35543400662471     
          26          11   1.35532059938262     
          26          25   1.46243683751667     
          27           4  0.939073102222423     
          28           6  0.939960208458461     
          29           7  0.946214211429908     
          30           8  0.947351693146019     
          31           9  0.946340741803495     
          32          10  0.946708936382707     
          33          12  0.942981294594886     
          34          13  0.944250093004145     
          35          18  0.939067762887531     
          36          20  0.946710403382118     
          37          21  0.946340013941368     
          38          22  0.947351721005785     
          39          23  0.946213763614116     
          40          24  0.939974158614229     
          41          25  0.942968570605632     
          42          26  0.944252614328924     
