 -0.101822550064286     
  2.104249832976013E-002
 -0.101706552605441     
 -2.030031696485235E-002
 -4.277442836888312E-002
 -4.847940306970244E-002
 -3.619605589171915E-002
 -5.795414860649828E-002
  4.931644613688624E-002
 -0.116071396055705     
  6.989926119647549E-002
 -1.667520684958834E-002
 -1.786325402164035E-002
  6.505004079803367E-003
  2.358521903392585E-003
 -3.106495820706368E-002
  9.925904105222205E-003
 -2.273000926749624E-002
  2.000988982755780E-002
  0.106057584112542     
 -0.208541037915122     
 -1.352863423089978E-002
 -1.268374626213298E-002
  1.343562034615031E-002
  5.939488178189078E-002
 -0.182140429439203     
  5.580720991729171E-002
 -1.861572284438395E-003
  2.552365587811645E-002
  0.109741488181384     
 -0.197460850834441     
  2.534478087148884E-002
  0.110206962311883     
 -0.197496834158179     
 -7.980059083756430E-004
  5.596005966069573E-002
 -0.179487512211305     
  5.950255584883735E-002
  4.917749280719264E-002
 -5.919097273714602E-002
 -3.646368940565203E-002
 -4.830254890936025E-002
 -4.257781598909194E-002
 -2.017933383795700E-002
  3.430696712127645E-002
  3.420874244192340E-002
  3.401387081632712E-002
  3.408119941310206E-002
  3.405002779537381E-002
  3.409761055193317E-002
  4.418738913975828E-002
  4.001187552783791E-002
  4.293451839745965E-002
  3.893348579950817E-002
  4.808821656936157E-002
  5.589332838880834E-002
  4.855607355434910E-002
  5.514844084939274E-002
  5.303399043928936E-002
  5.355677261669189E-002
  5.709109513400568E-002
  5.722943252191526E-002
  3.838469547794976E-002
  4.283424665910274E-002
  4.017667075988540E-002
  4.432279682438067E-002
