           2           1  0.966122848144376     
           3           2  0.966382998312798     
           4           2  0.976776219611292     
           5           2  0.937706681030925     
           6           5   1.35276532302707     
           7           6   1.46038138820602     
           8           7   1.36384907127810     
           9           8   1.26638523835442     
          10           5   1.42807785879522     
          10           9   1.35291238515354     
          11           9   1.08427194890579     
          12          11   1.35282511288612     
          13          12   1.42813536159188     
          14          13  0.937711950279199     
          15          14  0.966344994166124     
          16          14  0.976787223896231     
          17          14  0.966141204277311     
          18          13   1.35270240590825     
          19          18   1.46045938496777     
          20          11   1.26648923186458     
          20          19   1.36377411669704     
          21           8   1.05461610535279     
          21          20   1.05453423736200     
          22          21  0.978818783143234     
          23          22   1.37664400442391     
          24          23   1.45062966212616     
          25          24   1.36766336884817     
          26          25   1.00495511144501     
          27          26   1.36883682516114     
          28          27   1.45115955003513     
          29          28   1.37059761250382     
          30          29  0.993736881977829     
          31          30   1.38766208409769     
          32          31   1.39129088321875     
          33          32  0.991384842643555     
          34          33   1.37856819502352     
          35          34   1.43808949127408     
          36          35   1.42900793450696     
          37          36   1.42320112319373     
          38          33   1.37414168967985     
          38          37   1.44344832421123     
          39          32   1.31474943891736     
          40          39  0.994412263944166     
          41          40   1.36425323338649     
          42          41   1.45932004502335     
          43          42   1.35289697083065     
          44          43   1.03571444585771     
          45          44   1.54823460583261     
          46          45   1.17630417880434     
          47          46   1.13215409462235     
          48          47   1.30915933029214     
          49          48   1.49935427087657     
          50          49   1.35797500072388     
          51          50   1.49596130760688     
          52          47   1.26595990289286     
          52          51   1.31899441114592     
          53          52   1.10836442971455     
          54          53   1.32579448798208     
          55          54   1.49056917895172     
          56          55   1.36004712032654     
          57          56   1.49776664178741     
          58          53   1.24869794868461     
          58          57   1.30442320257152     
          59          46   1.38293049559208     
          59          58   1.15386376285912     
          60          44   1.11569301934735     
          60          59   1.08429801945020     
          61          60  0.951890827548025     
          62          61   1.38127933324731     
          63          62   1.43614566654627     
          64          63   1.42697942075876     
          65          64   1.43123931929952     
          66          61   1.39140352907508     
          66          65   1.43258242585592     
          67          43   1.34953731383261     
          68          40   1.36485727343216     
          68          67   1.45876653162534     
          69          39   1.38881473565345     
          70          30   1.31590013105181     
          70          69   1.38965300858687     
          71          70  0.992561307556291     
          72          71   1.37420081727409     
          73          72   1.44319814072175     
          74          73   1.42417244401420     
          75          74   1.42858463536942     
          76          71   1.37771486797297     
          76          75   1.43864224006307     
          77          29   1.36711476734853     
          78          26   1.36487887979768     
          78          77   1.45574479654075     
          79          25   1.36811564016086     
          80          22   1.37711037499703     
          80          79   1.45020733774230     
          81           1  0.976068103719772     
          82           1  0.978165959711118     
          83           1  0.977921826896096     
          84           3  0.977900986346372     
          85           3  0.976016395048081     
          86           3  0.978176618172738     
          87           4  0.977621889160149     
          88           4  0.977526687547627     
          89           4  0.978307979522665     
          90           6  0.941844819728729     
          91           7  0.941869345790384     
          92          10  0.942194110218658     
          93          12  0.942208794110452     
          94          15  0.978176774841752     
          95          15  0.976020750486043     
          96          15  0.977892833399199     
          97          16  0.977523122281807     
          98          16  0.977630842777385     
          99          16  0.978307674781758     
         100          17  0.977932185102381     
         101          17  0.976055484702745     
         102          17  0.978163923469022     
         103          18  0.941837403084174     
         104          19  0.941795753536688     
         105          23  0.944664210877096     
         106          24  0.943795431608696     
         107          27  0.945027836618316     
         108          28  0.945258165404524     
         109          31  0.941178226274707     
         110          34  0.947136442441060     
         111          35  0.946479583128558     
         112          36  0.947189660814309     
         113          37  0.945954307377945     
         114          38  0.945856809744176     
         115          41  0.943478764677175     
         116          42  0.941278793494470     
         117          48  0.944890023213218     
         118          49  0.945397224668025     
         119          50  0.945725399586497     
         120          51  0.942148062587675     
         121          54  0.941098009331063     
         122          55  0.945439583460183     
         123          56  0.945152198279571     
         124          57  0.938265579987738     
         125          62  0.947011641891378     
         126          63  0.944793819465485     
         127          64  0.945991124789001     
         128          65  0.943436831272004     
         129          66  0.946907505312238     
         130          67  0.944350996886053     
         131          68  0.944317104248760     
         132          69  0.941152889718494     
         133          72  0.945915162860103     
         134          73  0.946451008768867     
         135          74  0.947486155097631     
         136          75  0.946483154511673     
         137          76  0.947091996555064     
         138          77  0.944064724181255     
         139          78  0.944973990662172     
         140          79  0.943865238716851     
         141          80  0.944689130090640     
