 -8.452418209648815E-002
 -8.463531984802763E-003
 -4.755556576515296E-002
 -4.716129791820212E-002
  4.846311364764722E-002
 -0.124927722030237     
  4.868033018452778E-002
 -4.807067730228187E-002
 -4.840695439259868E-002
 -8.788877053717670E-003
 -8.456045771522547E-002
 -4.925230457594676E-002
 -4.729118720733450E-002
  4.304363229943808E-002
 -1.624422759620714E-003
 -3.805496418253984E-002
 -3.633840461813342E-002
 -3.525302099317962E-002
 -4.073345231293679E-002
 -2.224921355317377E-003
 -2.084324725323494E-002
  6.915644645748564E-003
 -2.916774906990138E-002
 -2.777064822727571E-002
 -5.237431486009037E-002
  0.362130270408557     
 -0.379828846943687     
 -4.822878413815435E-002
 -3.931992690794850E-002
 -2.893030025908416E-002
 -3.009258803765480E-002
 -2.534387146146511E-002
 -2.671344145985888E-002
 -5.639798418752395E-002
 -2.331742505468970E-002
 -2.843558832442739E-002
  6.442419548686340E-002
 -9.434887103721312E-002
  3.560541115092430E-002
 -4.395869440281963E-002
 -3.906387927051114E-002
 -4.797274361100179E-002
 -3.617595878063629E-002
 -2.811178334887643E-002
 -2.784370214731791E-002
 -3.605641914540314E-002
 -4.804309579912402E-002
 -3.955579732102521E-002
 -4.464236227217100E-002
  3.528977784606102E-002
 -3.287066917816528E-002
 -3.637670029642237E-002
 -3.971645891144426E-002
 -3.307168040439645E-002
 -2.591447553940363E-003
 -4.143666376975741E-002
 -3.557375445616184E-002
 -3.641138939110444E-002
 -3.772013215404968E-002
 -1.673340709472448E-003
 -4.782983574549515E-002
 -4.958313746777154E-002
  4.137863603231839E-002
  4.121400490936611E-002
  3.869761041493724E-002
  3.796754942866842E-002
  3.972195004101930E-002
  3.928810405996319E-002
  3.756632450274111E-002
  4.040235023003957E-002
  4.153354226811090E-002
  3.923678711207956E-002
  3.801046556157950E-002
  4.046612809298478E-002
  4.493227844768932E-002
  4.043452060693109E-002
  4.071092576163837E-002
  4.247991670939077E-002
  4.274537967387981E-002
  5.045853498306596E-002
  4.086830728425728E-002
  4.167516900263024E-002
  4.175744649731050E-002
  4.230912616760352E-002
  4.843530057869028E-002
  5.429538673327861E-002
  4.491731845025448E-002
  4.087169388651479E-002
  4.340435066055692E-002
  4.021014191039707E-002
  4.215920511879001E-002
  4.227957089446333E-002
  4.021407981599001E-002
  4.314733191607290E-002
  4.054083466464009E-002
  4.418150521110431E-002
  4.654830123483344E-002
  4.302010545865764E-002
  4.208189230862669E-002
  4.197020180333511E-002
  4.041977276250386E-002
  4.044641785845804E-002
  4.494056745455299E-002
  4.015282624891159E-002
  3.798093919436019E-002
