 -3.264689588159708E-002
 -2.451541679157376E-002
 -2.113552447500400E-002
  2.633806255225579E-002
  7.672968052624718E-002
 -0.223786286253032     
 -4.400955428796038E-004
 -2.633776218570194E-002
 -4.992355620022160E-002
 -4.238482230917118E-002
 -4.648287983852128E-002
  2.456305667477254E-002
 -9.131718344002770E-002
  6.282422167505386E-002
 -3.225380650122123E-002
 -3.047603725454451E-002
  1.717910876824380E-003
 -1.262886000655072E-002
 -2.281541466272685E-003
 -4.013613599411769E-002
 -3.311650731358551E-002
 -3.311922005956180E-002
 -4.013828611041426E-002
 -2.284266170672566E-003
 -1.263005947675921E-002
  1.717268713352649E-003
 -3.046339788771135E-002
 -3.225962928421655E-002
  6.282321733613427E-002
 -9.131033849834935E-002
  7.673690982594206E-002
  2.633054736506235E-002
 -2.113939969103917E-002
 -2.452248271498902E-002
 -3.264318455881643E-002
 -2.851995540481322E-002
 -3.785137569835761E-002
 -0.223782796550759     
 -4.481911477824951E-004
 -2.633626420207946E-002
 -4.992085662948931E-002
 -4.238038722314919E-002
 -4.647852015137843E-002
  2.456828964172608E-002
 -3.156232145662319E-002
 -3.057909430069028E-002
 -2.797557790798599E-003
 -4.042473870528607E-002
 -3.419342033308137E-002
 -3.419235797717679E-002
 -4.041970552960628E-002
 -2.799102508063811E-003
 -3.056999731600474E-002
 -3.156480476779411E-002
 -3.786765856512631E-002
 -2.851655757424876E-002
  4.093844506513833E-002
  4.253170698555964E-002
  4.597795966448015E-002
  4.485205353451005E-002
  4.152487370381497E-002
  4.291706716557597E-002
  3.970121604007437E-002
  4.391422369588627E-002
  4.501505072069900E-002
  4.152985039343426E-002
  4.137577298239170E-002
  4.137559961269910E-002
  4.153252397416918E-002
  4.502072640606836E-002
  4.391298910513319E-002
  4.596641830034809E-002
  4.253005509451957E-002
  4.093537973697958E-002
  4.058019239492583E-002
  4.145361472634246E-002
  4.485195591788937E-002
  4.152606625883848E-002
  4.291895997309603E-002
  3.970020652706419E-002
  4.390691641538846E-002
  4.507698273932614E-002
  4.135886777224573E-002
  4.096415126410347E-002
  4.096543019170740E-002
  4.135304985742083E-002
  4.507778534696849E-002
  4.390929882858918E-002
  4.145521464021562E-002
  4.057946951588298E-002
