           2           1   1.41003363266607     
           3           2   1.43158486961015     
           4           3   1.39965873377365     
           5           4  0.970853879179791     
           6           5   1.05306473787825     
           7           6   1.37075826462613     
           8           7   1.45083983604378     
           9           8   1.39501555244878     
          10           9   1.46003189368726     
          11           6   1.26480441442578     
          11          10   1.35334654229134     
          12          11   1.08668223730480     
          13          12   1.35270169475661     
          14          13   1.46096920770008     
          15          14   1.39353036557138     
          16          15   1.45209203999468     
          17           5   1.05383708732617     
          17          12   1.26551940326874     
          17          16   1.36908415974100     
          18           4   1.31214637789067     
          19          18   1.05761448444545     
          20          19   1.61636871666400     
          21          20   1.13803708230515     
          22          21   1.61929253443137     
          23          22   1.05696962627622     
          24          23   1.34783295002882     
          25          24   1.45591642019525     
          26          25   1.40819780074646     
          27          26   1.43536352161102     
          28          23   1.30850865283683     
          28          27   1.39332834720046     
          29          28  0.984741051812111     
          30          29   1.05249855701205     
          31          30   1.37180831777287     
          32          31   1.44942319718653     
          33          32   1.39641857377190     
          34          33   1.45815814550984     
          35          30   1.26506759439542     
          35          34   1.35548157860304     
          36          35   1.08600401627226     
          37          36   1.35501692381913     
          38          37   1.45913015420837     
          39          38   1.39545477415681     
          40          39   1.45104090879588     
          41          29   1.05259500583223     
          41          36   1.26578327065563     
          41          40   1.37049050993699     
          42          19   1.07711478475828     
          42          22   1.07031551381889     
          43           1   1.45574471953905     
          43          18   1.34545116245618     
          44           1  0.943413324236109     
          45           2  0.943604269661458     
          46           3  0.944693372868379     
          47           7  0.944527236257508     
          48           8  0.944688786692336     
          49           9  0.944993770938277     
          50          10  0.944712165496192     
          51          13  0.944714753886883     
          52          14  0.944948390353850     
          53          15  0.943884574652290     
          54          16  0.944209246631600     
          55          24  0.942667647671324     
          56          25  0.943945240039875     
          57          26  0.943736437600850     
          58          27  0.944169942556641     
          59          31  0.944611365892411     
          60          32  0.945032354983317     
          61          33  0.945239192599228     
          62          34  0.944848797006592     
          63          37  0.944927606891155     
          64          38  0.945289189618232     
          65          39  0.944703718174545     
          66          40  0.943436744176724     
          67          43  0.941848578589270     
