 -4.839998027672454E-002
 -3.975737441976346E-002
 -4.505199951949912E-002
  3.528261504702490E-002
 -2.821608235561879E-002
 -3.621911459751814E-002
 -2.823108101583216E-002
 -3.622683427476847E-002
 -4.845698957209166E-002
 -3.968381755074990E-002
 -4.483921486064002E-002
  3.539329967231541E-002
 -9.339173719176763E-002
  5.626887895651178E-002
 -3.711211806260639E-002
 -2.926009289865572E-002
 -1.416312852799706E-002
  5.672081025098574E-002
 -1.416415206781174E-002
 -2.925918389384208E-002
 -3.710823484567971E-002
  5.626913696207270E-002
 -9.339471913650854E-002
  3.528077133018215E-002
 -4.505241398967552E-002
 -3.975803850474691E-002
 -4.840074412561268E-002
 -3.621892983602670E-002
 -2.821659747015559E-002
 -2.823245919930262E-002
 -3.622614008851244E-002
 -4.845818471364982E-002
 -3.968292780250771E-002
 -4.483734816523910E-002
  3.539281358247592E-002
 -3.797619824912513E-002
 -2.013445857381502E-002
 -2.013468139106767E-002
 -3.797948721627087E-002
  4.005184534278805E-002
  4.299932951859786E-002
  4.034646020433497E-002
  4.210227671363653E-002
  4.213191168609753E-002
  4.006191554674265E-002
  4.308149907675285E-002
  4.030580076980550E-002
  4.654011883632514E-002
  4.945506336450878E-002
  4.945441295672914E-002
  4.653910110492532E-002
  4.034587865324180E-002
  4.299891610285556E-002
  4.005167138339560E-002
  4.210203843936855E-002
  4.213181772008223E-002
  4.006152403466379E-002
  4.308164171824258E-002
  4.030416056376906E-002
  4.474417872696157E-002
  4.474457612838556E-002
