 -0.100692310363173     
  2.728842982915536E-002
 -0.100961040988640     
 -9.934900342980146E-002
 -9.489482741133592E-003
 -3.592502880149340E-002
 -2.902430965422109E-002
  6.589641590347917E-002
 -8.032803464164662E-002
  6.604050459633015E-002
  2.496284379664626E-002
 -2.120757666485673E-002
 -3.019973026688305E-002
 -2.236175561524334E-003
 -5.059520912222837E-004
 -3.560527224925192E-002
 -2.791841975722775E-002
  5.743523050589561E-002
 -0.124302404764461     
  4.885259708427991E-002
 -5.557537266755386E-002
 -3.882272317410429E-002
 -5.088895982131802E-002
 -4.403106854047945E-002
 -1.763536481408945E-002
  1.601927646251244E-002
 -1.682784563103112E-003
 -4.091567106529581E-002
 -3.491360442893843E-002
 -3.912878022149080E-002
 -3.493419923050922E-002
 -4.383181845682671E-002
 -5.347227556466549E-003
 -4.434387085982383E-002
 -3.527994442797944E-002
 -3.925824514575726E-002
 -3.557525030453146E-002
 -4.388143714551163E-002
 -1.656955096516466E-002
 -4.310398139312710E-002
 -4.985067459704151E-002
 -3.780074065228245E-002
 -5.474523885834959E-002
  4.805436672102426E-002
 -2.589168485727633E-002
 -3.395341978033084E-002
 -3.391864434272218E-002
 -4.004985633585356E-002
 -0.223674527998742     
 -1.049186870082863E-002
  1.354178898007818E-002
 -2.821475400097562E-002
 -3.567267039533739E-002
 -4.102575006811193E-002
 -4.439560978193491E-002
 -1.232093795038214E-002
 -3.362250798159216E-003
 -4.058184116487151E-002
 -4.106415799651142E-002
 -3.767267149516318E-002
 -4.915725274303551E-002
  4.569090774707796E-003
  1.045321849788650E-002
 -2.685917992416798E-002
 -3.551985888929821E-002
  3.265707917434835E-002
  3.548372310814851E-002
  3.373265389342983E-002
  3.266953560723618E-002
  3.343626972064528E-002
  3.545781113880797E-002
  3.575936610364439E-002
  3.563532359353350E-002
  3.439422452358498E-002
  4.704033579136413E-002
  4.341871065773928E-002
  4.838358989249503E-002
  4.282993684615000E-002
  4.358825910028841E-002
  4.211960933366088E-002
  3.926849169214219E-002
  4.201384844677936E-002
  3.960072659103842E-002
  4.434976848819727E-002
  3.735616652122598E-002
  3.853330974425595E-002
  3.793507498422910E-002
  3.884441943747707E-002
  3.950025623243991E-002
  3.944108007356728E-002
  3.826038546866184E-002
  3.765717662751433E-002
  3.793516982219669E-002
  3.857289885712745E-002
  4.391282728784773E-002
  4.008426497511597E-002
  4.273491620323233E-002
  3.968086250348868E-002
  4.301661733355810E-002
  4.422642345702421E-002
  4.120220832720922E-002
  4.472328360500766E-002
  4.397712119395514E-002
  4.041849814763654E-002
  3.900008521790010E-002
  4.146006713751293E-002
  4.430799692897258E-002
  4.000977608213363E-002
  4.027874602935033E-002
  4.202072279722646E-002
  4.376357411912191E-002
  4.588123211867290E-002
