           2           1  0.966133143622803     
           3           2  0.965998772083938     
           4           2  0.976673876684293     
           5           2  0.939048454144509     
           6           5   1.40014514209408     
           7           6   1.42987455255626     
           8           7   1.39592562019601     
           9           8  0.946672433142601     
          10           9   1.12123854919830     
          11          10   1.03737852778389     
          12          11   1.34507147632777     
          13          12   1.46460958051765     
          14          13   1.35902691947660     
          15          14   1.00496396018895     
          16          15   1.36730753059548     
          17          16   1.44769109409764     
          18          17   1.38041206941698     
          19          18  0.945439867976399     
          20          19   1.02649707976812     
          21          20   1.36278689904036     
          22          21   1.44492785811442     
          23          22   1.42018554502197     
          24          23   1.42428389773906     
          25          20   1.32814063558892     
          25          24   1.40611295887283     
          26          25  0.929018283756972     
          27          26  0.925888701817231     
          28          27   1.38403399348680     
          29          28   1.44396671415904     
          30          29   1.42094282612249     
          31          30   1.43753469636161     
          32          27   1.40436268395370     
          32          31   1.42489639419161     
          33          26  0.910592293228826     
          34          33   1.40117316388272     
          35          34   1.42840654017230     
          36          35   1.43414646828111     
          37          36   1.42486096816828     
          38          33   1.39017595233335     
          38          37   1.43856002752382     
          39          26  0.932580033726640     
          40          39   1.40559089103761     
          41          40   1.42624093113939     
          42          41   1.41964701473938     
          43          42   1.44573666913319     
          44          19   1.02499120380648     
          44          39   1.32844335010027     
          44          43   1.36245336371877     
          45          18   1.39401493325751     
          46          15   1.37261272721289     
          46          45   1.44209224471546     
          47          14   1.36557115586028     
          48          11   1.35567298645001     
          48          47   1.45681688879927     
          49          10   1.54148713505975     
          50          49   1.17821758281614     
          51          50   1.13159092029489     
          52          51   1.30928236386109     
          53          52   1.49917035617773     
          54          53   1.35815187053904     
          55          54   1.49580427899001     
          56          51   1.26612651294264     
          56          55   1.31908362269311     
          57          56   1.10802891379699     
          58          57   1.32569139331312     
          59          58   1.49049625730367     
          60          59   1.36011518097905     
          61          60   1.49769777010537     
          62          57   1.24908187245137     
          62          61   1.30443182302477     
          63           9   1.08455784604282     
          63          50   1.38240545332182     
          63          62   1.15360385597096     
          64           8   1.37420667082620     
          65           5   1.38302504447048     
          65          64   1.44625510221009     
          66           1  0.978119175031155     
          67           1  0.976261397945003     
          68           1  0.978337837271925     
          69           3  0.978119168502185     
          70           3  0.978348124051329     
          71           3  0.976290332063959     
          72           4  0.977603422518342     
          73           4  0.977571353634160     
          74           4  0.978317111607009     
          75           6  0.942368330622866     
          76           7  0.945232792479718     
          77          12  0.944367714967087     
          78          13  0.944222810418317     
          79          16  0.943742023386774     
          80          17  0.945319118574827     
          81          21  0.941582131367059     
          82          22  0.943789035576235     
          83          23  0.944534571919222     
          84          24  0.940647150257629     
          85          28  0.946918801846559     
          86          29  0.946172910051347     
          87          30  0.946738730794931     
          88          31  0.946159384030636     
          89          32  0.943901001527455     
          90          34  0.943427901206377     
          91          35  0.945991783516297     
          92          36  0.946550230969090     
          93          37  0.946098589786960     
          94          38  0.943559150442871     
          95          40  0.941568391053657     
          96          41  0.944577741691444     
          97          42  0.943767562539577     
          98          43  0.941957948657141     
          99          45  0.945550609933566     
         100          46  0.944000684788726     
         101          47  0.944570957746085     
         102          48  0.941085012893579     
         103          52  0.944917358514554     
         104          53  0.945380343564720     
         105          54  0.945708462176353     
         106          55  0.942176821439469     
         107          58  0.941155296575532     
         108          59  0.945439587289818     
         109          60  0.945164793993582     
         110          61  0.938286908315484     
         111          64  0.945285190681876     
         112          65  0.942150701837353     
