           2           1  0.976422521055427     
           3           2  0.966133185434983     
           4           2  0.966413083953050     
           5           2  0.936815917846432     
           6           5   1.39732324441357     
           7           6   1.42848226778060     
           8           7   1.39230999827086     
           9           8   1.33458816685326     
          10           5   1.38294192893914     
          10           9   1.41426832566364     
          11           9  0.935042609610576     
          12          11  0.951469876668806     
          13          11  0.973810785490312     
          14          11  0.935041873099090     
          15          14   1.41425574151979     
          16          15   1.38295582011321     
          17          16  0.936816809111521     
          18          17  0.966414206242905     
          19          17  0.966131732148858     
          20          17  0.976421809704113     
          21          16   1.39730440843156     
          22          21   1.42850322117698     
          23          14   1.33459951633271     
          23          22   1.39228817671927     
          24           8  0.972995719843758     
          24          23  0.973003938752153     
          25          24   1.05554007321963     
          26          25   1.34293751123126     
          27          26   1.46110122858863     
          28          27   1.38128848547149     
          29          28  0.934096129905636     
          30          29  0.954824589297141     
          31          29  0.954652777322468     
          32          29  0.936152148826776     
          33          28   1.38121949940462     
          34          25   1.34290068715007     
          34          33   1.46116483645424     
          35           1  0.977631016500203     
          36           1  0.977486410602439     
          37           1  0.978171463939687     
          38           3  0.976072481886926     
          39           3  0.978220910676826     
          40           3  0.978050644590926     
          41           4  0.978260359357363     
          42           4  0.978028104369650     
          43           4  0.976116783103197     
          44           6  0.941397854625003     
          45           7  0.941933586224248     
          46          10  0.939603369778218     
          47          12  0.978027578559621     
          48          12  0.975134769325495     
          49          12  0.978028316955901     
          50          13  0.978298475051913     
          51          13  0.977194695527125     
          52          13  0.977195547344367     
          53          15  0.939607396669778     
          54          18  0.976114064698099     
          55          18  0.978027936643561     
          56          18  0.978261047119077     
          57          19  0.978051112820064     
          58          19  0.976077357148156     
          59          19  0.978221996909435     
          60          20  0.977488977802645     
          61          20  0.978169482591882     
          62          20  0.977628801561222     
          63          21  0.941397572979508     
          64          22  0.941938520980234     
          65          26  0.938584400479355     
          66          27  0.944550997017265     
          67          33  0.944559730271310     
          68          34  0.938584270254189     
