           2           1   2.81632256534329     
           3           2   1.05329303101919     
           4           3   1.29155974476569     
           5           4   1.00118439601465     
           6           5   1.36662066655962     
           7           6   1.45162267847887     
           8           7   1.37460344186486     
           9           8  0.983440972233424     
          10           9   1.05420837536562     
          11          10   1.37052510306144     
          12          11   1.45076473483974     
          13          12   1.39530417263372     
          14          13   1.45942786994817     
          15          10   1.26525944793219     
          15          14   1.35446465609407     
          16          15   1.08688662322569     
          17          16   1.35371891501150     
          18          17   1.46008838729263     
          19          18   1.39492082997968     
          20          19   1.45112552086911     
          21           9   1.05243717194598     
          21          16   1.26627561855863     
          21          20   1.37053251932441     
          22           8   1.37518908621933     
          23           5   1.36676938276470     
          23          22   1.45066483746927     
          24           4   1.37345787249425     
          25          24   1.42778281464516     
          26          25   1.42817570936707     
          27           3   1.29145547204314     
          27          26   1.37300732751818     
          28          27   1.00181991269948     
          29          28   1.36645565220664     
          30          29   1.45075670363751     
          31          30   1.37525820361970     
          32          31  0.983265093335308     
          33          32   1.05423558518134     
          34          33   1.37050226770628     
          35          34   1.45079651342858     
          36          35   1.39527868626974     
          37          36   1.45944745545420     
          38          33   1.26525578389283     
          38          37   1.35444504893990     
          39          38   1.08688925836275     
          40          39   1.35374466246200     
          41          40   1.46007235080147     
          42          41   1.39492808458398     
          43          42   1.45111975645653     
          44          32   1.05250813572737     
          44          39   1.26621383110661     
          44          43   1.37054497502710     
          45          31   1.37455905334809     
          46          28   1.36638641639990     
          46          45   1.45175037477138     
          47           6  0.944015520315063     
          48           7  0.944164078267921     
          49          11  0.943637727814987     
          50          12  0.944773518170596     
          51          13  0.945064697547373     
          52          14  0.944715320046226     
          53          17  0.944747573770501     
          54          18  0.945053099255161     
          55          19  0.944680523962178     
          56          20  0.943405656537755     
          57          22  0.944109471801658     
          58          23  0.941796511070904     
          59          24  0.945306909975471     
          60          26  0.945286801016630     
          61          29  0.941703394315152     
          62          30  0.944123415029638     
          63          34  0.943651463609193     
          64          35  0.944775149347683     
          65          36  0.945066454550550     
          66          37  0.944717122466691     
          67          40  0.944747326824935     
          68          41  0.945054496051455     
          69          42  0.944683004573544     
          70          43  0.943438066455387     
          71          45  0.944189946534685     
          72          46  0.944010134188868     
