           2           1   1.42395580433184     
           3           2   1.44388370448224     
           4           3   1.37146002052923     
           5           4  0.995773905442415     
           6           5  0.997979995010277     
           7           6   1.37101980134514     
           8           7   1.44376924047390     
           9           8   1.42417905349567     
          10           9   1.42414132521822     
          11           6   1.37117629735603     
          11          10   1.44381791482388     
          12           5  0.998081726026659     
          13          12   1.36744671185608     
          14          13   1.44003301169543     
          15          14   1.42927830377214     
          16          15   1.37438868907138     
          17          16  0.969183422148761     
          18          17   1.31142372327343     
          19          18   1.21616907632588     
          20          19   1.59648269747235     
          21          20   1.26532451412709     
          22          21   1.59653584133843     
          23          18   1.17418251403438     
          23          22   1.21615219638964     
          24          23   1.31056924368003     
          25          24  0.970914188135118     
          26          25   1.38107258692844     
          27          26   1.44688058876443     
          28          27   1.33292135004120     
          29          28   1.17525494480369     
          30          29   1.65632892536179     
          31          30   1.17687411893309     
          32          31   1.29084534019717     
          33          32  0.989496512102385     
          34          33   1.37005725493839     
          35          34   1.43199907011107     
          36          35   1.43861594035693     
          37          36   1.36596562071142     
          38          37  0.996580180758300     
          39          38   1.00080207825081     
          40          39   1.37011481847078     
          41          40   1.44428399584504     
          42          41   1.42391457379643     
          43          42   1.42395703023878     
          44          39   1.36998049269577     
          44          43   1.44415913315926     
          45          38  0.993907980040588     
          46          45   1.37322011881066     
          47          46   1.44259354787960     
          48          47   1.42491893458174     
          49          48   1.42408046831326     
          50          45   1.37205345218242     
          50          49   1.44361657600980     
          51          33   1.38644486747229     
          51          37   1.37854971584771     
          52          32   1.37645934403902     
          53          52   1.45111236193836     
          54          53   1.33173618652672     
          55          54   1.17479301635926     
          56          55   1.65817366795141     
          57          25   1.29377403292333     
          57          56   1.17443245644089     
          58          28   1.22314357269524     
          58          57   1.22583577568037     
          59          31   1.22672040097871     
          59          54   1.22310960147145     
          59          58   1.21554648562243     
          60          24   1.30723244882850     
          61          60   1.21628919113080     
          62          61   1.59627655036894     
          63          62   1.26570723999854     
          64          63   1.59616568952784     
          65          17   1.30941529661259     
          65          60   1.17541737906840     
          65          64   1.21659069205231     
          66          12   1.37405954915692     
          66          16   1.39521100765770     
          67           4   1.37239911395407     
          68           1   1.42469328372004     
          68          67   1.44303564424426     
          69           1  0.946617784464328     
          70           2  0.945305681709978     
          71           3  0.945459181769654     
          72           7  0.946194363178381     
          73           8  0.945317694053712     
          74           9  0.946624915317522     
          75          10  0.945312821674324     
          76          11  0.946228977335283     
          77          13  0.945232564320403     
          78          14  0.942886608100074     
          79          15  0.945657568182435     
          80          19  0.940772731074730     
          81          20  0.945555970315205     
          82          21  0.945524567212564     
          83          22  0.940869132873545     
          84          26  0.943340685178712     
          85          27  0.942740221852018     
          86          29  0.941995560029266     
          87          30  0.937222665614640     
          88          34  0.945639766043126     
          89          35  0.943026404753223     
          90          36  0.945393103203490     
          91          40  0.946178895995489     
          92          41  0.945324319250480     
          93          42  0.946640474694367     
          94          43  0.945321950458455     
          95          44  0.946067125947566     
          96          46  0.946361495096170     
          97          47  0.945301736157629     
          98          48  0.946604918475268     
          99          49  0.945252929850921     
         100          50  0.945490142025201     
         101          51  0.944124284866314     
         102          52  0.943195364075238     
         103          53  0.942907616038879     
         104          55  0.942021616101524     
         105          56  0.939896249366023     
         106          61  0.941052423327768     
         107          62  0.945499737799856     
         108          63  0.945562915105341     
         109          64  0.939765011826389     
         110          66  0.944644974524034     
         111          67  0.946272591976769     
         112          68  0.945328117012354     
