 -9.547494877386686E-002
 -6.591311428162605E-003
 -9.640429793155381E-002
  3.162257495753718E-003
 -3.924730787590747E-002
 -3.118117945313870E-002
 -3.941984119261566E-002
  2.627050843121204E-003
 -6.857210475375020E-003
 -9.554450391777358E-002
 -9.637263412766917E-002
  5.086508170981574E-002
 -0.125787361918126     
  0.194932051063362     
 -0.270816214922252     
  3.643289865174815E-003
 -1.155712636651174E-002
  7.852263374807000E-002
 -0.116356958134142     
  4.981887332690160E-002
 -5.695818269840203E-002
 -3.547119573002089E-002
 -4.871858756091463E-002
 -4.322713774811593E-002
 -2.046083675411925E-002
  2.097540886548455E-002
 -0.101669693011656     
 -0.102354060071042     
 -2.006353979754394E-002
 -4.312216806600588E-002
 -4.930109530604820E-002
 -3.675618008842818E-002
 -5.890052501422804E-002
  5.025049731450748E-002
 -2.968127780444618E-002
  1.696804158832022E-002
 -2.951673883524197E-002
  7.852023150159804E-002
 -0.116591372425916     
  5.021176588819198E-002
 -5.896594973846270E-002
 -3.677884431574352E-002
 -4.936374002399901E-002
 -4.313487481605449E-002
 -2.010513814406245E-002
  2.097870535498814E-002
 -0.101674825735905     
 -0.102357872502777     
 -2.054620120385042E-002
 -4.325809664384384E-002
 -4.875701155060064E-002
 -3.538430293746853E-002
 -5.687648351002128E-002
  4.979700262529496E-002
 -1.155344858936669E-002
  3.680970178234766E-003
 -1.111511431942613E-002
  0.194949656542620     
 -0.270732468037814     
  3.170833480624768E-002
  2.903509792670134E-002
  3.699312403956645E-002
  3.309013233698321E-002
  4.006298952331966E-002
  2.753843502938103E-002
  3.027332933442284E-002
  4.314079394227910E-002
  4.109451022035959E-002
  4.299063768677835E-002
  3.285229336330342E-002
  3.151489114682937E-002
  2.910936433446476E-002
  3.700758049133845E-002
  4.002879141233351E-002
  2.769324752351499E-002
  3.007549249579378E-002
  5.808965904591534E-002
  3.890572159185768E-002
  4.299547282999439E-002
  3.965880992133264E-002
  4.371971455239276E-002
  3.367838004998536E-002
  3.401771393361197E-002
  3.477673633908418E-002
  3.371517272802982E-002
  3.389056050317751E-002
  3.408879098715689E-002
  4.399504914500796E-002
  3.971380483081477E-002
  4.251062089963287E-002
  3.803345443958162E-002
  4.876796687104101E-002
  4.872690834658122E-002
  3.796497625107809E-002
  4.250063712860830E-002
  3.970649894373746E-002
  4.398203323712058E-002
  3.367955901672337E-002
  3.404569631220322E-002
  3.476067080423884E-002
  3.371215734276978E-002
  3.406947445752517E-002
  3.385722902619759E-002
  4.369288579907771E-002
  3.965066630491809E-002
  4.305155334477084E-002
  3.888317995041357E-002
  5.805354103888605E-002
