           2           1  0.958476607017552     
           3           2  0.958770837680004     
           4           2  0.942098781890798     
           5           4   1.43536789736028     
           6           5   1.40681464018025     
           7           6   1.43434845437533     
           8           7   1.42901488416796     
           9           4   1.30381275514829     
           9           8   1.38095082520037     
          10           9   1.03862606214961     
          11          10   1.37725377447080     
          12          11   1.40522209456747     
          13          12   1.32832352366999     
          14          13   1.34161308097832     
          15           2  0.940959448529407     
          15          10   1.29347693300428     
          15          14   1.45041480457926     
          16          13   1.02286177367849     
          17          16  0.944128536364109     
          18          17   1.39804622426728     
          19          18   1.43159534952655     
          20          19   1.43143785392658     
          21          20   1.42904911635889     
          22          17   1.38921327856345     
          22          21   1.43360618883252     
          23          16   1.04851322014202     
          24          23   1.34177157416198     
          25          24   1.47324329509529     
          26          25   1.33797264488090     
          27          26   1.04148648425470     
          28          27   1.44949423450687     
          29          28   1.34863712271794     
          30          29   1.42896672746597     
          31          30   1.06851289741501     
          32          31   2.81284041493428     
          33          30   1.17405880798838     
          34          33   1.38321973857378     
          35          34   1.34232370652362     
          36          35   1.34260080021247     
          37          27   1.18233208779463     
          37          33   1.12292949738369     
          37          36   1.38205337259413     
          38          26   1.34155899243038     
          39          23   1.30729562498136     
          39          38   1.43433387084284     
          40          12  0.932552479156264     
          40          39  0.926361019227364     
          41          40  0.926021285111413     
          42          41   1.40377296796520     
          43          42   1.42524393411429     
          44          43   1.43713657024890     
          45          44   1.42153772196185     
          46          41   1.38483456622003     
          46          45   1.44328130381262     
          47          40  0.909650615939605     
          48          47   1.38734949341374     
          49          48   1.44039947631680     
          50          49   1.42301396753036     
          51          50   1.43594439514438     
          52          47   1.40333768901060     
          52          51   1.42625333972973     
          53           1  0.978455986838311     
          54           1  0.978641225887733     
          55           1  0.978538130725597     
          56           3  0.978617329881667     
          57           3  0.978428283263707     
          58           3  0.978521358524411     
          59           5  0.945949685677209     
          60           6  0.946053796835346     
          61           7  0.945559314841374     
          62           8  0.945747865164696     
          63          11  0.938760273311459     
          64          14  0.939320841975081     
          65          18  0.947272236230670     
          66          19  0.945190940000332     
          67          20  0.946101160408393     
          68          21  0.945060363120187     
          69          22  0.947061708685764     
          70          24  0.938571361862195     
          71          25  0.941965491062856     
          72          28  0.940411930224501     
          73          29  0.940677290120484     
          74          38  0.933863400834344     
          75          42  0.943669542986865     
          76          43  0.946090037632824     
          77          44  0.946687611657548     
          78          45  0.946159500243765     
          79          46  0.947009286312977     
          80          48  0.942145225743645     
          81          49  0.945983636389151     
          82          50  0.946529730407413     
          83          51  0.945933321998057     
          84          52  0.943481628957495     
