           2           1  0.953642025138668     
           3           2  0.953008823749965     
           4           2  0.947423973244015     
           5           4   1.40024558448433     
           6           5   1.43312720084070     
           7           6   1.41447082382258     
           8           7   1.45201417837416     
           9           4   1.33444557707960     
           9           8   1.35555177255336     
          10           9   1.02688538646595     
          11          10  0.960879918343487     
          12          11   1.33465411409041     
          13          12   1.48431805228763     
          14          13   1.32491803771533     
          15          14   1.28029458737284     
          16          11   1.42310409197043     
          16          15   1.34730101910932     
          17          15   1.06971946805100     
          18          17   1.34735083329852     
          19          18   1.42295075598371     
          20          19  0.961347407517679     
          21          20   1.02672093119848     
          22          21   1.35555681878239     
          23          22   1.45202279229798     
          24          23   1.41443803108149     
          25          24   1.43318364093116     
          26          21   1.33450106022686     
          26          25   1.40017755132382     
          27          26  0.947453055760861     
          28          27  0.953553557028595     
          29          27  0.953057389158758     
          30          27  0.947321741924399     
          31          30   1.40058474176793     
          32          31   1.43289533624676     
          33          32   1.41477546481633     
          34          33   1.45158752140270     
          35          20   1.02615059935666     
          35          30   1.33414538277507     
          35          34   1.35599477429041     
          36          19   1.33449825481359     
          37          36   1.48422351668550     
          38          17   1.28026645989019     
          38          37   1.32500157834006     
          39          38   1.09537643355396     
          40          39   1.42888876079829     
          41          40   1.27707663659215     
          42          41   1.25592863327966     
          43          42   1.52350654911755     
          44          43  0.959275033958912     
          45          44   1.02093900133187     
          46          45   1.35972356613939     
          47          46   1.44898729662501     
          48          47   1.41699427789736     
          49          48   1.43178859338719     
          50          45   1.33456358650515     
          50          49   1.40128624804331     
          51          50  0.946808662168902     
          52          51  0.952400317743611     
          53          51  0.955024363186319     
          54          51  0.947048342538028     
          55          54   1.40040301323430     
          56          55   1.43227443252172     
          57          56   1.41607859603387     
          58          57   1.45052943890080     
          59          44   1.02120036568130     
          59          54   1.33579075897439     
          59          58   1.35758586395633     
          60          43   1.21734316482559     
          61          60   1.01195746779509     
          62          60   1.51980733464177     
          63          41   1.17496074718689     
          63          62   1.26017190001869     
          64          63   1.27586985934267     
          65          14   1.09555931789418     
          65          39   1.15810698950986     
          65          64   1.42932565827067     
          66          10   1.02620198693239     
          67          66   1.35601560532991     
          68          67   1.45154198126954     
          69          68   1.41484598029719     
          70          69   1.43281063634591     
          71           2  0.947296087532563     
          71          66   1.33406303725331     
          71          70   1.40067491673620     
          72           1  0.977590892349911     
          73           1  0.975815417252818     
          74           1  0.975642866657588     
          75           3  0.975963093840169     
          76           3  0.977511663775711     
          77           3  0.975831044565677     
          78           5  0.942206096381666     
          79           6  0.944720125927800     
          80           7  0.943868040026633     
          81           8  0.940842315134489     
          82          12  0.943906191852514     
          83          13  0.939842939643267     
          84          16  0.940893296008484     
          85          18  0.940872659057487     
          86          22  0.940758083235470     
          87          23  0.943862982903345     
          88          24  0.944712189644916     
          89          25  0.942194227823899     
          90          28  0.975643029938846     
          91          28  0.977586935703978     
          92          28  0.975825459545262     
          93          29  0.975816193561153     
          94          29  0.977514833512364     
          95          29  0.975962069218616     
          96          31  0.942115665496833     
          97          32  0.944664974562339     
          98          33  0.943847941808612     
          99          34  0.940192631991959     
         100          36  0.943886042375601     
         101          37  0.939871976925537     
         102          42  0.940509329733655     
         103          46  0.941615263175159     
         104          47  0.943825713960555     
         105          48  0.944669690596412     
         106          49  0.942163638294092     
         107          52  0.977194763254286     
         108          52  0.976055249117206     
         109          52  0.976048818258013     
         110          53  0.975704102703922     
         111          53  0.975645978542559     
         112          53  0.977718314425794     
         113          55  0.942268606269761     
         114          56  0.944717169068129     
         115          57  0.943831738017685     
         116          58  0.941897465967568     
         117          62  0.936115952072230     
         118          67  0.940208168096449     
         119          68  0.943845367351131     
         120          69  0.944668164753021     
         121          70  0.942120666979517     
