           2           1  0.966460080001625     
           3           2  0.976716646229681     
           4           2  0.965853192333418     
           5           2  0.937625139641984     
           6           5   1.35807743839996     
           7           6   1.45475402637520     
           8           7   1.36959123888384     
           9           8   1.27155162844951     
          10           5   1.42390147188137     
          10           9   1.35599059744803     
          11           9   1.07800399381540     
          12          11   1.35593451481521     
          13          12   1.42403790470649     
          14          13  0.937414393473158     
          15          14  0.966008846739246     
          16          14  0.966255268043010     
          17          14  0.976768032442924     
          18          13   1.35822624901571     
          19          18   1.45376089568113     
          20          11   1.27096443165925     
          20          19   1.36935005498605     
          21           8   1.03941117059096     
          21          20   1.03638444346748     
          22          21  0.995478307337962     
          23          22   1.33080263894654     
          24          23  0.981104229620036     
          25          24   1.04571617260119     
          26          25   1.37239123784869     
          27          26   1.44768268342284     
          28          27   1.39766618839944     
          29          28   1.45783142907368     
          30          25   1.26676260577247     
          30          29   1.35531134337838     
          31          30   1.08444224392970     
          32          31   1.35516273683938     
          33          32   1.45803275585035     
          34          33   1.39774942838107     
          35          34   1.44833854846871     
          36          24   1.04600634353890     
          36          31   1.26777626143916     
          36          35   1.37310606414441     
          37          23   1.38837930724182     
          38          37   1.38828007241308     
          39          38  0.981169864340601     
          40          39   1.04598482485370     
          41          40   1.37309881690269     
          42          41   1.44833140288043     
          43          42   1.39776292120167     
          44          43   1.45803307096487     
          45          40   1.26779610389196     
          45          44   1.35515100658149     
          46          45   1.08444222111369     
          47          46   1.35529986352306     
          48          47   1.45783584818779     
          49          48   1.39766974582429     
          50          49   1.44767723984454     
          51          39   1.04566095789192     
          51          46   1.26678331278820     
          51          50   1.37239809726465     
          52          38   1.33079736221160     
          53          52  0.995746590224291     
          54          53   1.03897386198040     
          55          54   1.36993587292379     
          56          55   1.45424349000173     
          57          56   1.35877380974238     
          58          57  0.937629076039625     
          59          58  0.966470644654024     
          60          58  0.965834327223827     
          61          58  0.976717605523955     
          62          57   1.42306485021838     
          63          54   1.27188799627073     
          63          62   1.35694993963235     
          64          63   1.07668243516815     
          65          64   1.36629628891385     
          66          65   1.41177465181562     
          67          66  0.937219582090008     
          68          67  0.966424166980745     
          69          67  0.966037646169977     
          70          67  0.976676811899866     
          71          66   1.37019718441534     
          72          71   1.44253537456698     
          73          53   1.03562091798196     
          73          64   1.26411304746100     
          73          72   1.37804840881162     
          74          22   1.30160659708311     
          74          52   1.30134571173234     
          75          74   1.05689157335970     
          76          75   2.82149678117972     
          77           1  0.977949040992731     
          78           1  0.978220532553292     
          79           1  0.976014863443067     
          80           3  0.978326317235196     
          81           3  0.977474261679769     
          82           3  0.977719974833292     
          83           4  0.978175428265657     
          84           4  0.978033868514415     
          85           4  0.976212630139539     
          86           6  0.941822866491004     
          87           7  0.941224740972828     
          88          10  0.942247077673333     
          89          12  0.942201926048637     
          90          15  0.977995566978766     
          91          15  0.978274955943006     
          92          15  0.976154442296527     
          93          16  0.976078169517372     
          94          16  0.977957208550225     
          95          16  0.978109825372031     
          96          17  0.977595902848280     
          97          17  0.978343028531263     
          98          17  0.977579216909269     
          99          18  0.941773357019195     
         100          19  0.939567621283149     
         101          26  0.942131042377335     
         102          27  0.944717132623846     
         103          28  0.944950742419919     
         104          29  0.944656146352083     
         105          32  0.944768955869763     
         106          33  0.945030825543690     
         107          34  0.944547096749720     
         108          35  0.942901868139309     
         109          37  0.937184677921619     
         110          41  0.942890737699368     
         111          42  0.944545955540777     
         112          43  0.945029526535280     
         113          44  0.944769398251017     
         114          47  0.944656466780207     
         115          48  0.944948694354747     
         116          49  0.944715833058797     
         117          50  0.942120988791239     
         118          55  0.941239970738730     
         119          56  0.941816837417018     
         120          59  0.978223070306999     
         121          59  0.976015209435226     
         122          59  0.977949166822654     
         123          60  0.978030886505576     
         124          60  0.978173632734977     
         125          60  0.976215070643311     
         126          61  0.978324303719008     
         127          61  0.977726035013574     
         128          61  0.977469527590797     
         129          62  0.942259754984798     
         130          65  0.942086574097841     
         131          68  0.976079045168262     
         132          68  0.978138631588537     
         133          68  0.977990779073599     
         134          69  0.978268990730813     
         135          69  0.978070618939715     
         136          69  0.976175830637159     
         137          70  0.977505484625507     
         138          70  0.978127228750317     
         139          70  0.977485653949417     
         140          71  0.941905652364359     
         141          72  0.939504778958754     
