           2           1   1.42791367662307     
           3           2   1.43727899156218     
           4           3   1.38498498401738     
           5           4  0.974154079940493     
           6           5   1.05651719806824     
           7           6   1.36953390251812     
           8           7   1.45173141290875     
           9           8   1.39452434156346     
          10           9   1.45962106704626     
          11           6   1.26393632459807     
          11          10   1.35467177101111     
          12          11   1.08589739186266     
          13          12   1.36446326940168     
          14          13   1.39918320855891     
          15          14   1.00263457870980     
          16          15   1.33630002857539     
          17          16   1.46492382565848     
          18          17   1.36224124543176     
          19          18   1.25959318245963     
          20          15   1.39910034784673     
          20          19   1.36453250664787     
          21          19   1.08590772648644     
          22          21   1.35461143774406     
          23          22   1.45968598412761     
          24          23   1.39445910087972     
          25          24   1.45180030294587     
          26          21   1.26399510337973     
          26          25   1.36946841387347     
          27          18   1.05898132418595     
          27          26   1.05651817233690     
          28          27  0.974111176004002     
          29          28   1.38509310825659     
          30          29   1.43714431770243     
          31          30   1.42801084306759     
          32          31   1.42798523262768     
          33          28   1.38509039856164     
          33          32   1.43720312829530     
          34          14   1.33621466736689     
          35          34   1.46500436439264     
          36           5   1.05896725668901     
          36          12   1.25966156363857     
          36          35   1.36217723927103     
          37           4   1.38515784317171     
          38           1   1.42807464855469     
          38          37   1.43708169454303     
          39           1  0.946270042221157     
          40           2  0.945219059772526     
          41           3  0.946544998149874     
          42           7  0.943643193771424     
          43           8  0.944774992420910     
          44           9  0.945086221228212     
          45          10  0.944690626085868     
          46          13  0.943246673976441     
          47          16  0.943187900435345     
          48          17  0.941950039317956     
          49          20  0.943236636507151     
          50          22  0.944690483581102     
          51          23  0.945086557219529     
          52          24  0.944775353120482     
          53          25  0.943636954051556     
          54          29  0.946570473472830     
          55          30  0.945223958602205     
          56          31  0.946270019994176     
          57          32  0.945218976078283     
          58          33  0.946552669593181     
          59          34  0.943179006073147     
          60          35  0.941930543460451     
          61          37  0.946571242922392     
          62          38  0.945224198299598     
