           2           1  0.988905786922964     
           3           2   1.39159032404180     
           4           3   1.40415827953354     
           5           4  0.990089806212521     
           6           4   1.35040708950516     
           7           6  0.902747176630504     
           8           7  0.903525287077932     
           9           8   1.34945467926980     
          10           9  0.991343597219176     
          11           9   1.40682103825341     
          12          11   1.38746666030074     
          13          12  0.988885435707739     
          14          12   1.39683888765114     
          15           8   1.35479272183985     
          15          14   1.39880024661429     
          16          15  0.990116764499564     
          17           7   1.09485705145439     
          18          17   1.03919528406626     
          19          18   1.37960781512560     
          20          19   1.44270039951338     
          21          20   1.40292029278989     
          22          21   1.45272289373466     
          23          18   1.27175605487091     
          23          22   1.36034171563554     
          24          23   1.07447806546293     
          25          24   1.37082811122493     
          26          25   1.39176881482411     
          27          26   1.00348286002823     
          28          27   1.33588021588986     
          29          28   1.46525706726386     
          30          29   1.36179461673125     
          31          30   1.25850936827542     
          32          27   1.39823552713862     
          32          31   1.36524253631731     
          33          31   1.08619622328457     
          34          33   1.35414311408066     
          35          34   1.46016119589705     
          36          35   1.39387512755862     
          37          36   1.45237686346506     
          38          33   1.26383324351120     
          38          37   1.36887043131262     
          39          30   1.06040713652490     
          39          38   1.05739888086219     
          40          39  0.970831960068663     
          41          40   1.38637431094897     
          42          41   1.43648124269729     
          43          42   1.42824485701154     
          44          43   1.42836491128943     
          45          40   1.38657287652366     
          45          44   1.43636058020831     
          46          26   1.34359978416837     
          47          46   1.45633246055432     
          48          17   1.04265713561526     
          48          24   1.26677246561750     
          48          47   1.37162495177259     
          49           6   1.35415901564606     
          50          49  0.991359329654888     
          51           2   1.39270212061988     
          51          49   1.40125372160731     
          52           1  0.968572922318288     
          53           1  0.975743854938975     
          54           1  0.977552440294296     
          55           3  0.940881476811147     
          56           5  0.973773630093708     
          57           5  0.977113836956569     
          58           5  0.966551757267772     
          59          10  0.978031019147678     
          60          10  0.966751439599570     
          61          10  0.968859452735012     
          62          11  0.940415309753071     
          63          13  0.968658441000613     
          64          13  0.975458974870040     
          65          13  0.977714167982227     
          66          14  0.940434268049621     
          67          16  0.973880679690681     
          68          16  0.976922181950236     
          69          16  0.966365983365564     
          70          19  0.938809976053980     
          71          20  0.944817854176647     
          72          21  0.944951503079109     
          73          22  0.944613708347346     
          74          25  0.943117473125459     
          75          28  0.943075788211800     
          76          29  0.942114540168715     
          77          32  0.943233846350324     
          78          34  0.944670090613044     
          79          35  0.945080733827042     
          80          36  0.944782463960327     
          81          37  0.943863232992397     
          82          41  0.946700307238911     
          83          42  0.945220872005000     
          84          43  0.946221596007898     
          85          44  0.945220785787829     
          86          45  0.946699521524824     
          87          46  0.943249932919837     
          88          47  0.937422971410586     
          89          50  0.966947795572228     
          90          50  0.969086527668054     
          91          50  0.978135837223629     
          92          51  0.939955542358307     
