 -3.349532058532034E-002
 -2.963581846622709E-002
 -3.648270555880195E-002
  1.011177414232955E-002
  5.380482490264127E-002
 -0.181314305125581     
  4.241556031742055E-002
  6.957213979897681E-003
  1.092450169310144E-003
 -2.735019117174886E-002
 -3.529404718546481E-002
  5.906095617855867E-002
 -9.292554732541802E-002
  3.575929769166208E-002
 -4.440434657437997E-002
 -4.015636343042939E-002
 -4.924190272052442E-002
 -3.688665032528782E-002
 -2.892184304366907E-002
 -2.887573599512017E-002
 -3.696189896997293E-002
 -4.940767631008569E-002
 -4.059006122804121E-002
 -4.404230670849429E-002
  3.590355515195354E-002
 -3.630389875322759E-002
 -3.580889183949321E-002
 -3.385809325026301E-002
 -3.388189172761180E-002
  6.971304506711906E-003
  1.043863980253246E-003
 -2.735293118846460E-002
 -3.536221151657060E-002
  5.907114824165571E-002
 -9.284118833127852E-002
  3.591924566430071E-002
 -4.403438023222428E-002
 -4.058505546173485E-002
 -4.938313020728380E-002
 -3.695688708346800E-002
 -2.885922674518593E-002
 -2.890562739402736E-002
 -3.688207587108394E-002
 -4.922027465749945E-002
 -4.015788620395977E-002
 -4.440584490997690E-002
  3.576864700935323E-002
 -3.639236187567274E-002
 -3.583917448979079E-002
  4.241530084501166E-002
 -0.181295180665929     
  5.380432212135267E-002
  1.011337177162641E-002
 -2.975731119283420E-002
 -2.884454685440474E-002
 -3.348689665404692E-002
 -2.962769338719262E-002
 -3.651939003224669E-002
 -2.978053244169221E-002
 -2.885615268208497E-002
  4.008378146312641E-002
  4.034923326214279E-002
  4.162580701709473E-002
  4.807901216507537E-002
  4.185078288337185E-002
  4.047529567516728E-002
  4.288524000156069E-002
  3.983158491727945E-002
  4.185123682101555E-002
  4.182598872777132E-002
  3.970298005325057E-002
  4.246758365926517E-002
  4.144929588572877E-002
  4.145073314652381E-002
  4.215523572569246E-002
  4.567887574814677E-002
  4.568186792070261E-002
  4.807264624061203E-002
  4.186422798157829E-002
  4.146779978491233E-002
  4.247259433750439E-002
  3.970821556539872E-002
  4.182919777560345E-002
  4.185461079125541E-002
  3.983572912274225E-002
  4.288695125763153E-002
  4.050488656135176E-002
  4.147215428664552E-002
  4.215219112284696E-002
  4.361129823814169E-002
  4.005739386938434E-002
  4.009018518660790E-002
  4.034990029032215E-002
  4.164762923166543E-002
  4.359485437668953E-002
  4.005561860588025E-002
