 -4.200613187370728E-002
 -4.197550240179027E-002
 -4.213120160336814E-002
  4.672980501096058E-002
  7.859869089797789E-002
 -4.181168823647496E-002
 -0.141798015916671     
  7.162379895105708E-002
 -4.495180688136191E-002
 -4.325094845061095E-002
 -3.928069168245418E-002
 -3.507922293732957E-002
  5.318183825892220E-002
 -0.102247909659240     
  0.115607470535223     
 -3.567789029650559E-002
 -2.494756781876184E-002
 -1.863729282680016E-002
 -2.499833649932182E-002
 -3.534376236491354E-002
  0.115397335848378     
 -0.102638432143076     
  4.675667860387200E-002
 -4.260181568898957E-002
 -4.210890079820384E-002
 -4.234408859009520E-002
 -4.206573863171759E-002
  7.840162319059862E-002
 -0.141820761379287     
  7.154474941342714E-002
 -4.520168469996300E-002
 -4.358554120446190E-002
 -3.951889684051846E-002
 -3.586599796379986E-002
  5.307699137883537E-002
 -0.205996997767805     
  8.061007788799301E-002
 -0.207127198141123     
  4.402032576219861E-002
  4.455011876628079E-002
  4.515495430004990E-002
  4.248023883820906E-002
  4.001564783473954E-002
  4.263933955936383E-002
  4.482746172706975E-002
  5.526548746706361E-002
  4.439864657279813E-002
  4.363136752723951E-002
  4.364529099379699E-002
  4.431094648402034E-002
  4.510738190377006E-002
  4.449262359058459E-002
  4.394211498410794E-002
  4.240285995811699E-002
  3.998004614990935E-002
  4.258989015119752E-002
  4.478686460383707E-002
  5.524335614672948E-002
