           2           1  0.966053579925788     
           3           2  0.965765869469067     
           4           2  0.976633617405415     
           5           2  0.939835229112628     
           6           5   1.38100565313248     
           7           6   1.45249063640910     
           8           7   1.36637930951648     
           9           8  0.984869037956255     
          10           9   1.03663658554727     
          11          10   1.34399708453958     
          12          11   1.47382368733931     
          13          12   1.34544402551777     
          14          13   1.03146078206898     
          15          14   1.61047579544758     
          16          15   1.15145655847183     
          17          16  0.972630817992071     
          18          17   1.12792045160826     
          19          14   1.05675999685322     
          19          18   1.59991900201897     
          20          19   1.05444468610856     
          21          20   2.82047910004120     
          22          17   1.68194721144530     
          23          22  0.968091926598122     
          24          23  0.953408539818714     
          25          24   1.40529886814321     
          26          25   1.40434296332854     
          27          26   1.40668679256426     
          28          27  0.799227312526961     
          29          28   1.70949531208198     
          30          28  0.809054902535626     
          31          30   1.41180234388071     
          32          31   1.42367248797530     
          33          32   1.43071054686254     
          34          33   1.42981111617018     
          35          30   1.41274071243931     
          35          34   1.42154745238821     
          36          28  0.811717630912069     
          37          36   1.41218299674909     
          38          37   1.42229105305173     
          39          38   1.43209738372988     
          40          39   1.42745900357823     
          41          36   1.41013481099247     
          41          40   1.42478857824110     
          42          27   1.40998496152506     
          43          24   1.32188671651935     
          43          42   1.35289652191986     
          44          43   1.03022936625841     
          45          44   1.35588593242457     
          46          45   1.40627111858676     
          47          46  0.803151966445932     
          48          47   1.70927361039205     
          49          47  0.809324618328131     
          50          49   1.41172905629328     
          51          50   1.42310978474199     
          52          51   1.43133713956322     
          53          52   1.42914526083491     
          54          49   1.41174526114576     
          54          53   1.42333741489705     
          55          47  0.810299442899480     
          56          55   1.41058358337993     
          57          56   1.42434923308277     
          58          57   1.42859360290624     
          59          58   1.43165217834900     
          60          55   1.41238287599249     
          60          59   1.42277264807318     
          61          46   1.40988663969350     
          62          61   1.40336608061844     
          63          44   1.31820377123026     
          63          62   1.40588600574978     
          64          23  0.925482572221209     
          64          63  0.938300476588490     
          65          16   1.65563236239965     
          65          64  0.988741057632090     
          66          13   1.34302315329158     
          67          10   1.34218492589945     
          67          66   1.47625973796716     
          68           9  0.983240017949145     
          69          68   1.37683894657386     
          70          69   1.44038808603060     
          71          70   1.39328356606347     
          72          71  0.939783050190173     
          73          72  0.965876632400469     
          74          72  0.976643231045805     
          75          72  0.965974751444762     
          76          71   1.38173532694073     
          77          68   1.36923313416317     
          77          76   1.45167782827082     
          78           8   1.37805107407903     
          79           5   1.39361319351207     
          79          78   1.44022993821640     
          80           1  0.976195809073635     
          81           1  0.978135782782446     
          82           1  0.978326828157309     
          83           3  0.976233030951226     
          84           3  0.978089852501675     
          85           3  0.978245163851448     
          86           4  0.977686160680902     
          87           4  0.978386162639445     
          88           4  0.977589663902512     
          89           6  0.942447802014367     
          90           7  0.944328044994737     
          91          11  0.942734354806085     
          92          12  0.940515166755118     
          93          15  0.936598072899544     
          94          18  0.935566996636890     
          95          23  0.930752448586284     
          96          25  0.938242517640348     
          97          26  0.942022551867243     
          98          31  0.945814515083117     
          99          32  0.943883446999274     
         100          33  0.944142819359892     
         101          34  0.943192015302571     
         102          35  0.940714228886582     
         103          37  0.945595572803327     
         104          38  0.943799096880790     
         105          39  0.944150870935922     
         106          40  0.942648859824706     
         107          41  0.941935684930990     
         108          50  0.945862966557542     
         109          51  0.943894127896102     
         110          52  0.944218436784384     
         111          53  0.941388850783898     
         112          54  0.937984328103821     
         113          56  0.941135808627493     
         114          57  0.942601093617316     
         115          58  0.944276947633464     
         116          59  0.943937901900659     
         117          60  0.945616976826934     
         118          61  0.942780909655974     
         119          62  0.938111219185739     
         120          64  0.936849105982144     
         121          66  0.942928824589286     
         122          67  0.942633154916862     
         123          69  0.944706595330482     
         124          70  0.942715205114135     
         125          73  0.978100472062513     
         126          73  0.976278825996883     
         127          73  0.978277186664133     
         128          74  0.978365694661130     
         129          74  0.977613802134111     
         130          74  0.977627628370148     
         131          75  0.976220185014028     
         132          75  0.978107980737678     
         133          75  0.978276655155294     
         134          76  0.942612008407230     
         135          77  0.944591278252521     
         136          78  0.944561569916086     
         137          79  0.942801865065368     
