           2           1   1.00646553423262     
           3           2  0.990675478899930     
           4           3  0.987838807544783     
           5           4  0.990707252347403     
           6           5  0.969960115960308     
           7           6  0.983891061923241     
           8           7   1.38306956846008     
           9           8   1.45486285486370     
          10           9   1.34554272022974     
          11          10   1.08670369817000     
          12          11   1.75225858211055     
          13          12   1.09137436117961     
          14          13   1.19104210227316     
          15          14   1.62973381816866     
          16          15   1.20034762937399     
          17          16   1.37288178686955     
          18          17   1.35066349333549     
          19          18   1.21782987899854     
          20          19   1.59581123851696     
          21          20   1.26368046306160     
          22          21   1.59857785528523     
          23          18   1.16599804968324     
          23          22   1.21331354374672     
          24          23   1.36042946048354     
          25          16   1.15793485456599     
          25          24   1.35044946569684     
          26          13   1.48895033794160     
          26          25   1.23667160808162     
          27          10   1.33750313072094     
          28           7   1.37539889137606     
          28          27   1.46447994716796     
          29           1  0.978827688057856     
          30           1  0.984743219447472     
          31           1  0.984745458408179     
          32           2  0.971416939969849     
          33           2  0.971307872135065     
          34           3  0.969799204223501     
          35           3  0.969773847256075     
          36           4  0.969805018873451     
          37           4  0.968664589516263     
          38           5  0.967068649674133     
          39           5  0.968942702843384     
          40           6  0.965805408430445     
          41           6  0.958103025869097     
          42           8  0.945216882356460     
          43           9  0.945149338647002     
          44          11  0.940055985939920     
          45          12  0.939588012576779     
          46          14  0.942990982405873     
          47          15  0.942280826505971     
          48          17  0.941693689369560     
          49          19  0.944125466085065     
          50          20  0.945926986852514     
          51          21  0.945830491351233     
          52          22  0.944134883890826     
          53          24  0.941617050138747     
          54          26  0.942451361617248     
          55          27  0.944482849024187     
          56          28  0.945933435440220     
