 -6.692239647675358E-002
 -3.530831642835608E-002
  6.744336266742756E-002
 -3.617444179258911E-002
 -6.787463549926898E-002
 -0.109550956987767     
  0.109426457360895     
 -4.219837153827566E-002
 -3.630258100715356E-002
 -3.194391604780300E-002
 -3.385884069714873E-002
 -3.545847584595041E-002
 -4.121596672059802E-002
 -4.656155399782946E-002
 -4.015462715332152E-002
 -3.390219259238236E-002
 -3.447869351139321E-002
 -3.399974396511318E-002
 -4.007237099119720E-002
 -0.114323779313586     
  0.111639981939633     
 -4.697671677449922E-002
 -4.065081191764719E-002
 -3.410406595309734E-002
 -3.516300713960430E-002
 -3.452148266625876E-002
 -4.174389377391385E-002
 -4.436503952404980E-002
 -4.068048210890307E-002
 -3.453854228552267E-002
 -3.567608873878836E-002
 -3.472362508750049E-002
 -4.061970625528133E-002
  4.407306782713094E-002
  4.903760829657167E-002
  4.847584043350706E-002
  4.919180164840720E-002
  4.816230115902087E-002
  4.408832905597859E-002
  3.909839740398513E-002
  3.771008877832727E-002
  3.714131594591230E-002
  3.591867766915380E-002
  3.973515688373397E-002
  4.242427580768371E-002
  3.776335041355106E-002
  3.827625436748894E-002
  3.767808381756277E-002
  3.979371213447458E-002
  4.035525324507971E-002
  3.747080297543004E-002
  3.811989713439401E-002
  3.747693033314847E-002
  4.204847087669616E-002
  4.197996777435575E-002
  3.656938184537462E-002
  3.709416156163292E-002
  3.692741670618727E-002
  3.894497672877839E-002
