           2           1   2.82171655710479     
           3           2   1.05743109784547     
           4           3   1.30495886098090     
           5           4   1.00352508791632     
           6           5   1.03363434494519     
           7           6   1.37797959605407     
           8           7   1.44428511915277     
           9           8   1.40061968769850     
          10           9   1.45660872766575     
          11           6   1.27141422596637     
          11          10   1.35621160051302     
          12          11   1.08045595697399     
          13          12   1.35616693469895     
          14          13   1.45664389693183     
          15          14   1.40057648289035     
          16          15   1.44433972017125     
          17           5   1.03366019324200     
          17          12   1.27146623173166     
          17          16   1.37790271618272     
          18           4   1.30473648461885     
          19          18   1.05743573076471     
          20          19   2.82169510288932     
          21          18   1.29016593663679     
          22          21   1.00382628790720     
          23          22   1.03167684456144     
          24          23   1.37659898387266     
          25          24   1.44338586994853     
          26          25   1.40136220457840     
          27          26   1.45558717935158     
          28          23   1.27123858430893     
          28          27   1.35698140305116     
          29          28   1.08003112744595     
          30          29   1.35728492041019     
          31          30   1.45519722906187     
          32          31   1.40174304207000     
          33          32   1.44376596889885     
          34          22   1.03497815873866     
          34          29   1.27139253387117     
          34          33   1.37795459225485     
          35          21   1.33583308470257     
          36          35  0.986285004750719     
          37          36   1.04144683949622     
          38          37   1.37259525661501     
          39          38   1.44646851809574     
          40          39   1.39918798912647     
          41          40   1.45704552947747     
          42          37   1.26909763302548     
          42          41   1.35558637468069     
          43          42   1.08296458360860     
          44          43   1.35557865985423     
          45          44   1.45705667318717     
          46          45   1.39917393395130     
          47          46   1.44648342050817     
          48          36   1.04147262289542     
          48          43   1.26910500125550     
          48          47   1.37258255431653     
          49           3   1.29002499031429     
          49          35   1.33597055851441     
          50          49   1.00380175690314     
          51          50   1.03170410616203     
          52          51   1.37662130864388     
          53          52   1.44337518607675     
          54          53   1.40137059901128     
          55          54   1.45557428766740     
          56          51   1.27121646432733     
          56          55   1.35699711417994     
          57          56   1.08003207793833     
          58          57   1.35727314242495     
          59          58   1.45520374740701     
          60          59   1.40172918869684     
          61          60   1.44378276212564     
          62          50   1.03497032508084     
          62          57   1.27140018762338     
          62          61   1.37792801194449     
          63           7  0.942454867853396     
          64           8  0.944552783112008     
          65           9  0.944764575501422     
          66          10  0.944613620504540     
          67          13  0.944616016162584     
          68          14  0.944765892928938     
          69          15  0.944554243726113     
          70          16  0.942443807108507     
          71          24  0.941400130391692     
          72          25  0.944492224210946     
          73          26  0.944757887534996     
          74          27  0.944623541331480     
          75          30  0.944715764263879     
          76          31  0.944887375312519     
          77          32  0.944484657588283     
          78          33  0.942705998820359     
          79          38  0.942087022209302     
          80          39  0.944532721830647     
          81          40  0.944955097280269     
          82          41  0.944772705183763     
          83          44  0.944772174813165     
          84          45  0.944955948852242     
          85          46  0.944532854054769     
          86          47  0.942106914353441     
          87          52  0.941429723742132     
          88          53  0.944493617269475     
          89          54  0.944759004742632     
          90          55  0.944623189166836     
          91          58  0.944716788202172     
          92          59  0.944888433705766     
          93          60  0.944483386629442     
          94          61  0.942701114001112     
