           2           1  0.989600553180766     
           3           2   1.39093015663440     
           4           3   1.44126096820036     
           5           4   1.36714014759845     
           6           5   1.32463982812146     
           7           2   1.38894463063528     
           7           6   1.41117802996834     
           8           6  0.928953081162871     
           9           8  0.926182128973473     
          10           9   1.40491759789928     
          11          10   1.42470749173682     
          12          11   1.43790339775710     
          13          12   1.42062402452380     
          14           9   1.38373065562032     
          14          13   1.44439794123720     
          15           8  0.911782459760359     
          16          15   1.39708859865899     
          17          16   1.43220439688986     
          18          17   1.43085310580702     
          19          18   1.42825185479444     
          20          15   1.39398944088216     
          20          19   1.43509157799404     
          21           8  0.928190717853174     
          22          21   1.40487169765470     
          23          22   1.39437488558884     
          24          23  0.989585533535940     
          25          23   1.38524911109347     
          26          25   1.44736815420345     
          27          21   1.32948485342716     
          27          26   1.36259058422761     
          28           5   1.04423060781216     
          28          27   1.04400326080006     
          29           1  0.978131335628004     
          30           1  0.970299418573045     
          31           1  0.976432254833128     
          32           3  0.943513178032820     
          33           4  0.943459034491603     
          34           7  0.941559123515987     
          35          10  0.943905181673613     
          36          11  0.946206588713788     
          37          12  0.946809171072431     
          38          13  0.946217858553067     
          39          14  0.946893926508346     
          40          16  0.942967429639137     
          41          17  0.946057572694570     
          42          18  0.946570809643918     
          43          19  0.946081337127473     
          44          20  0.942886421160201     
          45          22  0.940695917833901     
          46          24  0.970337115997178     
          47          24  0.975874997535313     
          48          24  0.978560937029371     
          49          25  0.943996448809561     
          50          26  0.943410029611961     
          51          28  0.952307042445120     
