 -8.388316599741064E-002
 -1.093218724382616E-002
 -5.148966647673259E-002
 -5.641113648583040E-002
  3.892796520196340E-002
 -1.690740682782099E-002
 -5.657457278155942E-002
  1.966339334819844E-002
 -9.193614977460740E-004
 -4.390649234662813E-002
 -3.550109364467424E-002
 -3.994667337157942E-002
 -3.550131618148367E-002
 -4.032704186938840E-002
 -4.285251344697372E-003
 -4.417615650626239E-002
 -3.577496646650946E-002
 -3.969571195379373E-002
 -3.585798894170544E-002
 -4.412160573203305E-002
 -1.763191071527537E-002
 -5.699847771606859E-002
 -1.108060257035604E-002
 -8.396844707967333E-002
 -5.122936076882478E-002
 -5.581501989062243E-002
  3.888781067873204E-002
 -0.134217999054293     
  3.935291626449411E-002
  4.138639074878281E-002
  4.054415948824819E-002
  3.880598166344584E-002
  3.689023686094606E-002
  3.981233801606399E-002
  3.961600621506356E-002
  3.848904703521649E-002
  3.756476466204917E-002
  3.814630597030055E-002
  3.763015112318946E-002
  3.922066103182931E-002
  3.776076664444683E-002
  3.735481365554816E-002
  3.769204375235036E-002
  3.906472793515370E-002
  4.023107999531295E-002
  4.132228742401167E-002
  4.008795645432217E-002
  3.978538904375606E-002
  3.855067209759833E-002
  3.694198118130632E-002
  0.133423766972452     
