           2           1   2.65693695523375     
           3           2   1.09714435041234     
           4           3   1.33255473889971     
           5           4   1.45770637290091     
           6           5   1.37458344716011     
           7           6  0.965911476361935     
           8           7   1.01075770485842     
           9           8   1.39147496820383     
          10           9   1.41643321967662     
          11          10   1.44217517870175     
          12          11   1.40961420038169     
          13           8   1.30272053912701     
          13          12   1.41263595852137     
          14          13   1.00750880922976     
          15          14   1.00751503604845     
          16          15   1.41263166252622     
          17          16   1.40962155610474     
          18          17   1.44217716466466     
          19          18   1.41642378211114     
          20           7   1.01070597566088     
          20          15   1.30272236376440     
          20          19   1.39149346758925     
          21           6   1.37470043691971     
          22           3   1.33270746411253     
          22          21   1.45756808667296     
          23           1   1.09715510329899     
          24          23   1.33275986703329     
          25          24   1.45752506675449     
          26          25   1.37469789428316     
          27          26  0.966090287393443     
          28          27   1.01066784551228     
          29          28   1.39150974979507     
          30          29   1.41641352138690     
          31          30   1.44217703039177     
          32          31   1.40963273643319     
          33          28   1.30272838027883     
          33          32   1.41262479185623     
          34          33   1.00751439913315     
          35          34   1.00753628421105     
          36          35   1.41256603294057     
          37          36   1.40967365116651     
          38          37   1.44212582048482     
          39          38   1.41647685715118     
          40          27   1.01069662648150     
          40          35   1.30277956122724     
          40          39   1.39144653434247     
          41          26   1.37442376443647     
          42          23   1.33245600004741     
          42          41   1.45781266126707     
          43           4  0.943862714364765     
          44           5  0.944633043567048     
          45           9  0.941603877476562     
          46          10  0.943908019989893     
          47          11  0.944641300173257     
          48          12  0.945777312191602     
          49          16  0.945776919047013     
          50          17  0.944640200962767     
          51          18  0.943907025824831     
          52          19  0.941575907399416     
          53          21  0.944636621375456     
          54          22  0.943867381902764     
          55          24  0.943869712378182     
          56          25  0.944628728828810     
          57          29  0.941557821801167     
          58          30  0.943906249679271     
          59          31  0.944637200425149     
          60          32  0.945774968617385     
          61          36  0.945777420344034     
          62          37  0.944640072067841     
          63          38  0.943907033458384     
          64          39  0.941589316871547     
          65          41  0.944626861815419     
          66          42  0.943860771762974     
